Date,High,Low,Open,Close,Volume,Adj Close
2006-11-01,28.649999618530273,27.600000381469727,28.299999237060547,27.600000381469727,178100.0,24.623271942138672
2006-11-02,27.549999237060547,26.3799991607666,27.549999237060547,26.3799991607666,289400.0,23.534854888916016
2006-11-03,26.399999618530273,25.969999313354492,26.200000762939453,25.979999542236328,195300.0,23.177988052368164
2006-11-06,26.299999237060547,25.600000381469727,26.100000381469727,26.100000381469727,231900.0,23.285053253173828
2006-11-07,27.5,25.90999984741211,25.950000762939453,27.200000762939453,179700.0,24.266416549682617
2006-11-08,27.889999389648438,27.100000381469727,27.450000762939453,27.889999389648438,431700.0,24.881990432739258
2006-11-09,29.0,28.25,28.75,28.5,635600.0,25.426210403442383
2006-11-10,29.299999237060547,28.399999618530273,29.0,28.489999771118164,545400.0,25.41728973388672
2006-11-13,28.719999313354492,28.260000228881836,28.5,28.270000457763672,486300.0,25.22101402282715
2006-11-14,28.260000228881836,27.969999313354492,28.25,28.100000381469727,188000.0,25.069347381591797
2006-11-15,28.25,28.010000228881836,28.100000381469727,28.25,317900.0,25.20317268371582
2006-11-16,29.56999969482422,28.450000762939453,28.450000762939453,29.239999771118164,1090700.0,26.086397171020508
2006-11-17,29.440000534057617,28.75,29.239999771118164,29.190000534057617,898700.0,26.04178810119629
2006-11-20,29.75,29.15999984741211,29.15999984741211,29.5,375700.0,26.3183536529541
2006-11-21,29.75,29.399999618530273,29.450000762939453,29.700000762939453,320100.0,26.496784210205078
2006-11-22,30.299999237060547,29.950000762939453,29.950000762939453,30.1200008392334,307300.0,26.87148666381836
2006-11-24,30.59000015258789,30.049999237060547,30.149999618530273,30.479999542236328,96300.0,27.192659378051758
2006-11-27,30.479999542236328,29.399999618530273,30.479999542236328,29.75,566800.0,26.54138946533203
2006-11-28,30.049999237060547,29.700000762939453,29.950000762939453,30.0,206400.0,26.76443099975586
2006-11-29,30.350000381469727,30.0,30.149999618530273,30.25,366800.0,26.987462997436523
2006-11-30,31.100000381469727,30.040000915527344,30.200000762939453,31.0,730600.0,27.656574249267578
2006-12-01,31.469999313354492,30.8799991607666,31.399999618530273,31.25,447500.0,27.87961196899414
2006-12-04,31.600000381469727,31.260000228881836,31.5,31.59000015258789,446000.0,28.182939529418945
2006-12-05,31.850000381469727,31.399999618530273,31.84000015258789,31.649999618530273,508100.0,28.23647117614746
2006-12-06,31.850000381469727,31.25,31.850000381469727,31.469999313354492,267400.0,28.075885772705078
2006-12-07,31.3700008392334,30.3700008392334,31.100000381469727,30.639999389648438,298900.0,27.335403442382812
2006-12-08,30.889999389648438,30.350000381469727,30.889999389648438,30.450000762939453,209000.0,27.165895462036133
2006-12-11,31.0,30.579999923706055,31.0,30.579999923706055,167000.0,27.28187370300293
2006-12-12,30.799999237060547,30.09000015258789,30.799999237060547,30.469999313354492,137500.0,27.183738708496094
2006-12-13,31.0,30.3700008392334,31.0,30.389999389648438,179400.0,27.112367630004883
2006-12-14,30.59000015258789,30.049999237060547,30.549999237060547,30.399999618530273,89200.0,27.121286392211914
2006-12-15,30.5,29.850000381469727,30.5,29.989999771118164,150300.0,26.755504608154297
2006-12-18,30.299999237060547,29.770000457763672,30.239999771118164,29.81999969482422,165400.0,26.603839874267578
2006-12-19,29.940000534057617,29.049999237060547,29.760000228881836,29.600000381469727,115800.0,26.40756607055664
2006-12-20,29.649999618530273,29.360000610351562,29.549999237060547,29.5,244600.0,26.3183536529541
2006-12-21,29.56999969482422,29.299999237060547,29.399999618530273,29.450000762939453,105000.0,26.27375030517578
2006-12-22,29.559999465942383,29.209999084472656,29.549999237060547,29.3700008392334,25900.0,26.20237159729004
2006-12-26,29.540000915527344,29.299999237060547,29.31999969482422,29.520000457763672,34900.0,26.336196899414062
2006-12-27,29.700000762939453,29.260000228881836,29.5,29.690000534057617,75400.0,26.487865447998047
2006-12-28,30.0,29.399999618530273,29.649999618530273,29.969999313354492,113300.0,26.73766326904297
2006-12-29,30.149999618530273,29.760000228881836,29.969999313354492,29.899999618530273,189300.0,26.675212860107422
2007-01-03,30.440000534057617,29.09000015258789,30.0,29.09000015258789,232000.0,25.952571868896484
2007-01-04,28.6200008392334,28.100000381469727,28.549999237060547,28.1200008392334,273100.0,25.087188720703125
2007-01-05,28.149999618530273,27.0,28.1200008392334,27.31999969482422,507000.0,24.373470306396484
2007-01-08,27.530000686645508,27.020000457763672,27.31999969482422,27.149999618530273,76300.0,24.2218074798584
2007-01-09,27.399999618530273,26.799999237060547,27.100000381469727,27.0,258500.0,24.087980270385742
2007-01-10,27.299999237060547,26.90999984741211,26.969999313354492,26.950000762939453,303100.0,24.043384552001953
2007-01-11,27.3700008392334,26.959999084472656,26.959999084472656,27.110000610351562,208500.0,24.186124801635742
2007-01-12,27.559999465942383,27.139999389648438,27.219999313354492,27.389999389648438,323900.0,24.435916900634766
2007-01-16,27.799999237060547,27.389999389648438,27.450000762939453,27.5,327400.0,24.534055709838867
2007-01-17,28.3700008392334,27.420000076293945,27.540000915527344,28.270000457763672,651100.0,25.22101402282715
2007-01-18,28.450000762939453,28.049999237060547,28.270000457763672,28.329999923706055,122200.0,25.2745418548584
2007-01-19,28.6200008392334,28.229999542236328,28.229999542236328,28.540000915527344,124600.0,25.46189308166504
2007-01-22,28.75,28.420000076293945,28.690000534057617,28.56999969482422,298600.0,25.488656997680664
2007-01-23,29.260000228881836,28.489999771118164,28.670000076293945,28.739999771118164,176500.0,25.640321731567383
2007-01-24,29.049999237060547,28.799999237060547,28.989999771118164,28.989999771118164,204800.0,25.863361358642578
2007-01-25,29.459999084472656,28.920000076293945,29.110000610351562,29.0,437800.0,25.872283935546875
2007-01-26,29.459999084472656,28.6200008392334,29.200000762939453,29.149999618530273,317100.0,26.0060977935791
2007-01-29,29.18000030517578,28.479999542236328,29.010000228881836,28.700000762939453,358200.0,25.604633331298828
2007-01-30,28.899999618530273,28.3700008392334,28.899999618530273,28.5,98100.0,25.426210403442383
2007-01-31,28.790000915527344,28.459999084472656,28.700000762939453,28.639999389648438,352200.0,25.551111221313477
2007-02-01,29.010000228881836,28.649999618530273,28.950000762939453,28.700000762939453,393200.0,25.604633331298828
2007-02-02,28.959999084472656,28.6200008392334,28.649999618530273,28.850000381469727,545100.0,25.73845672607422
2007-02-05,29.06999969482422,28.790000915527344,28.899999618530273,28.989999771118164,497600.0,25.863361358642578
2007-02-06,29.510000228881836,28.950000762939453,29.100000381469727,29.270000457763672,1595700.0,26.113155364990234
2007-02-07,30.149999618530273,29.200000762939453,29.43000030517578,30.020000457763672,2130600.0,26.78226661682129
2007-02-08,30.110000610351562,29.700000762939453,30.100000381469727,29.770000457763672,516500.0,26.559236526489258
2007-02-09,30.0,29.700000762939453,29.700000762939453,29.770000457763672,384800.0,26.559236526489258
2007-02-12,30.149999618530273,29.799999237060547,29.799999237060547,30.040000915527344,629100.0,26.80011558532715
2007-02-13,30.479999542236328,29.770000457763672,30.0,30.030000686645508,542200.0,26.791189193725586
2007-02-14,30.229999542236328,29.799999237060547,30.030000686645508,30.100000381469727,370700.0,26.8536434173584
2007-02-15,32.04999923706055,30.600000381469727,32.04999923706055,31.799999237060547,2833700.0,28.37029457092285
2007-02-16,31.690000534057617,30.850000381469727,31.649999618530273,31.5,942100.0,28.102649688720703
2007-02-20,31.700000762939453,31.299999237060547,31.399999618530273,31.610000610351562,459200.0,28.200782775878906
2007-02-21,33.75,31.309999465942383,31.75,33.11000061035156,1772400.0,29.53900909423828
2007-02-22,33.11000061035156,32.0,32.70000076293945,32.45000076293945,735600.0,28.9501895904541
2007-02-23,32.41999816894531,31.3799991607666,32.41999816894531,31.790000915527344,443900.0,28.361371994018555
2007-02-26,33.45000076293945,31.440000534057617,31.770000457763672,32.88999938964844,1264300.0,29.342737197875977
2007-02-27,32.880001068115234,31.93000030517578,32.81999969482422,32.029998779296875,926200.0,28.57548713684082
2007-02-28,32.34000015258789,31.440000534057617,32.0,32.0099983215332,461700.0,28.557640075683594
2007-03-01,31.979999542236328,30.649999618530273,31.100000381469727,31.709999084472656,789900.0,28.28999900817871
2007-03-02,31.959999084472656,30.260000228881836,31.959999084472656,30.350000381469727,329000.0,27.07668685913086
2007-03-05,30.200000762939453,29.450000762939453,30.149999618530273,29.579999923706055,495600.0,26.389728546142578
2007-03-06,30.100000381469727,26.600000381469727,26.600000381469727,30.010000228881836,513700.0,26.773344039916992
2007-03-07,30.270000457763672,29.6299991607666,29.940000534057617,29.799999237060547,82800.0,26.586002349853516
2007-03-08,31.579999923706055,29.899999618530273,29.899999618530273,31.049999237060547,742400.0,27.701183319091797
2007-03-09,31.489999771118164,31.010000228881836,31.149999618530273,31.3799991607666,420400.0,27.995595932006836
2007-03-12,31.530000686645508,31.149999618530273,31.3799991607666,31.350000381469727,338600.0,27.96882438659668
2007-03-13,31.25,30.149999618530273,31.0,30.25,592800.0,26.987462997436523
2007-03-14,30.25,28.760000228881836,30.25,29.790000915527344,790000.0,26.577077865600586
2007-03-15,30.229999542236328,29.75,29.75,29.899999618530273,249600.0,26.675212860107422
2007-03-16,31.559999465942383,29.899999618530273,29.899999618530273,31.149999618530273,1341700.0,27.790395736694336
2007-03-19,31.549999237060547,30.600000381469727,30.700000762939453,31.25,407300.0,27.87961196899414
2007-03-20,31.639999389648438,31.0,31.399999618530273,31.540000915527344,291900.0,28.138336181640625
2007-03-21,32.09000015258789,31.600000381469727,31.75,31.799999237060547,333900.0,28.37029457092285
2007-03-22,32.59000015258789,31.6299991607666,32.0,32.0,506000.0,28.548725128173828
2007-03-23,32.5,32.02000045776367,32.02000045776367,32.34000015258789,431100.0,28.85205841064453
2007-03-26,32.59000015258789,31.420000076293945,32.52000045776367,31.889999389648438,472400.0,28.450590133666992
2007-03-27,32.15999984741211,31.43000030517578,31.639999389648438,31.8700008392334,282500.0,28.432741165161133
2007-03-28,31.8799991607666,31.1299991607666,31.799999237060547,31.510000228881836,392400.0,28.111570358276367
2007-03-29,31.8799991607666,31.68000030517578,31.690000534057617,31.760000228881836,444400.0,28.334604263305664
2007-03-30,32.27000045776367,31.75,31.950000762939453,31.860000610351562,168700.0,28.423824310302734
2007-04-02,32.119998931884766,31.719999313354492,32.08000183105469,31.799999237060547,122400.0,28.37029457092285
2007-04-03,31.920000076293945,31.700000762939453,31.920000076293945,31.780000686645508,133500.0,28.352449417114258
2007-04-04,31.889999389648438,31.440000534057617,31.75,31.649999618530273,277700.0,28.23647117614746
2007-04-05,32.040000915527344,31.549999237060547,31.549999237060547,32.0,393900.0,28.548725128173828
2007-04-09,32.630001068115234,32.060001373291016,32.060001373291016,32.52000045776367,432300.0,29.012638092041016
2007-04-10,33.060001373291016,32.599998474121094,32.70000076293945,33.0,850000.0,29.440872192382812
2007-04-11,33.150001525878906,32.75,33.0099983215332,33.04999923706055,488400.0,29.48548126220703
2007-04-12,33.38999938964844,33.0,33.04999923706055,33.33000183105469,281300.0,29.73527717590332
2007-04-13,33.63999938964844,33.2400016784668,33.279998779296875,33.529998779296875,464400.0,29.913707733154297
2007-04-16,33.650001525878906,33.209999084472656,33.540000915527344,33.4900016784668,247000.0,29.87802505493164
2007-04-17,33.63999938964844,33.380001068115234,33.63999938964844,33.470001220703125,1211800.0,29.860183715820312
2007-04-18,33.47999954223633,32.75,33.459999084472656,33.43000030517578,209900.0,29.824493408203125
2007-04-19,33.25,32.63999938964844,33.25,32.68000030517578,345700.0,29.155378341674805
2007-04-20,33.310001373291016,32.72999954223633,32.91999816894531,33.08000183105469,233800.0,29.512239456176758
2007-04-23,33.22999954223633,32.88999938964844,33.119998931884766,32.959999084472656,126000.0,29.40518569946289
2007-04-24,32.959999084472656,31.989999771118164,32.900001525878906,32.33000183105469,371800.0,28.843128204345703
2007-04-25,32.47999954223633,31.989999771118164,32.25,32.150001525878906,236600.0,28.68255043029785
2007-04-26,32.349998474121094,31.989999771118164,32.209999084472656,32.0,224200.0,28.548725128173828
2007-04-27,32.0,31.399999618530273,31.959999084472656,31.520000457763672,770800.0,28.120492935180664
2007-04-30,31.850000381469727,30.6299991607666,31.5,30.649999618530273,605400.0,27.344324111938477
2007-05-01,31.829999923706055,30.540000915527344,30.649999618530273,31.780000686645508,1040900.0,28.352449417114258
2007-05-02,32.43000030517578,30.0,30.799999237060547,32.29999923706055,1026200.0,28.816368103027344
2007-05-03,32.66999816894531,32.15999984741211,32.209999084472656,32.54999923706055,741100.0,29.039403915405273
2007-05-04,32.790000915527344,31.809999465942383,32.54999923706055,31.989999771118164,548700.0,28.53980255126953
2007-05-07,32.599998474121094,31.350000381469727,32.400001525878906,31.700000762939453,106800.0,28.28107452392578
2007-05-08,31.56999969482422,31.399999618530273,31.5,31.56999969482422,527500.0,28.165102005004883
2007-05-09,31.75,31.40999984741211,31.579999923706055,31.540000915527344,142200.0,28.138336181640625
2007-05-10,31.780000686645508,31.350000381469727,31.540000915527344,31.690000534057617,449600.0,28.272159576416016
2007-05-11,32.27000045776367,31.510000228881836,31.790000915527344,32.20000076293945,466000.0,28.727149963378906
2007-05-14,33.59000015258789,32.04999923706055,32.150001525878906,33.400001525878906,1006700.0,29.7977294921875
2007-05-15,34.33000183105469,33.25,33.439998626708984,33.88999938964844,986400.0,30.23487663269043
2007-05-16,34.5,33.380001068115234,34.0,34.0,1372900.0,30.33301544189453
2007-05-17,34.13999938964844,33.58000183105469,33.849998474121094,34.099998474121094,204900.0,30.42223358154297
2007-05-18,34.0,33.29999923706055,33.900001525878906,33.29999923706055,1760300.0,29.708518981933594
2007-05-21,34.540000915527344,33.47999954223633,33.5,34.5,1098300.0,30.77908706665039
2007-05-22,35.18000030517578,34.5,34.5,34.95000076293945,1249100.0,31.180572509765625
2007-05-23,35.97999954223633,35.400001525878906,35.66999816894531,35.540000915527344,1316500.0,31.70693016052246
2007-05-24,36.93000030517578,35.25,35.400001525878906,35.38999938964844,1194200.0,31.573102951049805
2007-05-25,35.959999084472656,35.220001220703125,35.22999954223633,35.43000030517578,254900.0,31.608787536621094
2007-05-29,35.90999984741211,35.27000045776367,35.29999923706055,35.79999923706055,402500.0,31.938884735107422
2007-05-30,36.220001220703125,35.779998779296875,35.970001220703125,36.0099983215332,741000.0,32.1262321472168
2007-05-31,36.380001068115234,35.70000076293945,36.15999984741211,35.900001525878906,964800.0,32.02809524536133
2007-06-01,36.20000076293945,35.790000915527344,36.119998931884766,35.79999923706055,253600.0,31.938884735107422
2007-06-04,36.130001068115234,35.439998626708984,35.849998474121094,36.060001373291016,261500.0,32.170833587646484
2007-06-05,36.2599983215332,35.5099983215332,36.2599983215332,35.900001525878906,448000.0,32.02809524536133
2007-06-06,35.65999984741211,35.25,35.650001525878906,35.52000045776367,826800.0,31.6890926361084
2007-06-07,35.52000045776367,34.88999938964844,35.52000045776367,34.90999984741211,1236400.0,31.144868850708008
2007-06-08,35.5,34.599998474121094,34.90999984741211,35.5,299500.0,31.671247482299805
2007-06-11,35.79999923706055,35.060001373291016,35.400001525878906,35.65999984741211,149100.0,31.81398582458496
2007-06-12,35.65999984741211,34.5,35.65999984741211,34.70000076293945,1013000.0,30.957517623901367
2007-06-13,35.09000015258789,34.369998931884766,35.09000015258789,34.9900016784668,740200.0,31.216243743896484
2007-06-14,35.290000915527344,34.970001220703125,35.2400016784668,35.18000030517578,285600.0,31.38574981689453
2007-06-15,35.439998626708984,35.20000076293945,35.2599983215332,35.36000061035156,471800.0,31.54633903503418
2007-06-18,35.599998474121094,34.95000076293945,35.310001373291016,35.130001068115234,228200.0,31.341144561767578
2007-06-19,35.209999084472656,34.66999816894531,35.119998931884766,34.86000061035156,353500.0,31.100265502929688
2007-06-20,35.2400016784668,33.880001068115234,35.029998779296875,34.060001373291016,1018600.0,30.386547088623047
2007-06-21,34.599998474121094,33.880001068115234,34.25,33.88999938964844,778100.0,30.23487663269043
2007-06-22,34.849998474121094,33.61000061035156,34.099998474121094,34.5,4301600.0,30.77908706665039
2007-06-25,34.95000076293945,34.209999084472656,34.41999816894531,34.70000076293945,507300.0,30.957517623901367
2007-06-26,35.029998779296875,34.09000015258789,34.70000076293945,34.2400016784668,736200.0,30.5471248626709
2007-06-27,34.650001525878906,33.45000076293945,33.849998474121094,34.2599983215332,744000.0,30.56497573852539
2007-06-28,34.29999923706055,33.52000045776367,34.13999938964844,34.0,454300.0,30.33301544189453
2007-06-29,34.349998474121094,33.5,34.0,33.630001068115234,414400.0,30.0029239654541
2007-07-02,33.72999954223633,33.099998474121094,33.720001220703125,33.439998626708984,473400.0,29.833419799804688
2007-07-03,33.529998779296875,33.150001525878906,33.27000045776367,33.34000015258789,174000.0,29.744199752807617
2007-07-05,33.59000015258789,33.02000045776367,33.2599983215332,33.209999084472656,432800.0,29.628231048583984
2007-07-06,33.689998626708984,32.900001525878906,33.150001525878906,33.5099983215332,206600.0,29.895858764648438
2007-07-09,33.63999938964844,33.06999969482422,33.43000030517578,33.5,312000.0,29.88694190979004
2007-07-10,33.54999923706055,32.709999084472656,33.439998626708984,32.79999923706055,556700.0,29.262441635131836
2007-07-11,32.70000076293945,31.40999984741211,32.70000076293945,32.18000030517578,1043700.0,28.709312438964844
2007-07-12,32.54999923706055,32.119998931884766,32.119998931884766,32.400001525878906,700200.0,28.90558624267578
2007-07-13,32.400001525878906,31.770000457763672,32.279998779296875,32.0,714500.0,28.548725128173828
2007-07-16,32.4900016784668,31.8799991607666,32.0099983215332,32.4900016784668,315600.0,28.985877990722656
2007-07-17,32.7599983215332,32.20000076293945,32.650001525878906,32.59000015258789,816400.0,29.075088500976562
2007-07-18,33.189998626708984,32.20000076293945,32.20000076293945,32.66999816894531,2100600.0,29.146455764770508
2007-07-19,33.27000045776367,32.790000915527344,32.79999923706055,33.22999954223633,645100.0,29.64606475830078
2007-07-20,33.33000183105469,32.61000061035156,33.150001525878906,33.0,883700.0,29.440872192382812
2007-07-23,33.560001373291016,32.97999954223633,33.36000061035156,33.18000030517578,1029700.0,29.601455688476562
2007-07-24,33.0,31.729999542236328,33.0,32.11000061035156,1567900.0,28.646862030029297
2007-07-25,32.439998626708984,31.360000610351562,32.18000030517578,31.6200008392334,1446400.0,28.20970916748047
2007-07-26,31.6200008392334,30.81999969482422,31.610000610351562,30.989999771118164,1508200.0,27.64765739440918
2007-07-27,31.489999771118164,29.920000076293945,30.649999618530273,30.510000228881836,1688000.0,27.21942138671875
2007-07-30,30.899999618530273,30.329999923706055,30.84000015258789,30.799999237060547,680100.0,27.4781436920166
2007-07-31,31.290000915527344,30.030000686645508,30.940000534057617,30.43000030517578,1096400.0,27.14805030822754
2007-08-01,30.809999465942383,29.600000381469727,30.0,30.1200008392334,1886800.0,26.87148666381836
2007-08-02,31.280000686645508,30.329999923706055,30.329999923706055,30.899999618530273,1303200.0,27.56735610961914
2007-08-03,30.809999465942383,29.75,30.030000686645508,29.770000457763672,1298400.0,26.559236526489258
2007-08-06,29.989999771118164,28.43000030517578,29.950000762939453,28.700000762939453,1817700.0,25.604633331298828
2007-08-07,29.280000686645508,27.549999237060547,28.700000762939453,28.68000030517578,2078000.0,25.58679962158203
2007-08-08,29.3799991607666,28.079999923706055,28.989999771118164,28.959999084472656,1530500.0,25.836589813232422
2007-08-09,29.219999313354492,27.709999084472656,29.0,27.81999969482422,1186000.0,24.819549560546875
2007-08-10,27.649999618530273,26.610000610351562,27.649999618530273,27.43000030517578,1606300.0,24.471607208251953
2007-08-13,27.979999542236328,26.84000015258789,27.8700008392334,27.43000030517578,1394200.0,24.471607208251953
2007-08-14,27.31999969482422,26.010000228881836,27.31999969482422,26.989999771118164,1419700.0,24.079063415527344
2007-08-15,26.899999618530273,26.200000762939453,26.899999618530273,26.25,950500.0,23.418872833251953
2007-08-16,26.0,22.739999771118164,25.899999618530273,25.049999237060547,2697200.0,22.34830093383789
2007-08-17,26.360000610351562,24.399999618530273,25.0,24.799999237060547,999000.0,22.12525749206543
2007-08-20,25.09000015258789,24.389999389648438,25.0,24.93000030517578,612800.0,22.24123191833496
2007-08-21,25.200000762939453,24.489999771118164,24.850000381469727,25.149999618530273,462000.0,22.437511444091797
2007-08-22,26.079999923706055,25.100000381469727,25.420000076293945,26.079999923706055,651600.0,23.2672061920166
2007-08-23,26.760000228881836,25.010000228881836,26.3799991607666,25.170000076293945,822000.0,22.455354690551758
2007-08-24,25.829999923706055,25.059999465942383,25.209999084472656,25.270000457763672,860000.0,22.54456901550293
2007-08-27,25.979999542236328,24.899999618530273,25.350000381469727,25.280000686645508,373900.0,22.553491592407227
2007-08-28,25.15999984741211,24.0,25.0,24.5,704200.0,21.85761833190918
2007-08-29,25.559999465942383,24.6200008392334,24.799999237060547,25.549999237060547,543900.0,22.794368743896484
2007-08-30,25.690000534057617,24.969999313354492,25.510000228881836,25.059999465942383,543600.0,22.357219696044922
2007-08-31,25.420000076293945,24.700000762939453,25.25,24.959999084472656,566300.0,22.268003463745117
2007-09-04,25.15999984741211,24.760000228881836,24.93000030517578,24.829999923706055,425400.0,22.152019500732422
2007-09-05,24.75,23.940000534057617,24.75,24.59000015258789,762600.0,21.937904357910156
2007-09-06,25.049999237060547,23.829999923706055,24.440000534057617,24.75,720800.0,22.08064842224121
2007-09-07,24.920000076293945,24.1200008392334,24.219999313354492,24.59000015258789,390300.0,21.937904357910156
2007-09-10,24.700000762939453,24.190000534057617,24.479999542236328,24.469999313354492,605000.0,21.830854415893555
2007-09-11,24.889999389648438,24.469999313354492,24.6200008392334,24.739999771118164,339700.0,22.07172966003418
2007-09-12,25.549999237060547,24.75,24.770000457763672,25.31999969482422,287800.0,22.58917808532715
2007-09-13,26.520000457763672,25.389999389648438,25.559999465942383,26.520000457763672,392000.0,23.65975570678711
2007-09-14,26.670000076293945,26.0,26.229999542236328,26.540000915527344,308900.0,23.677593231201172
2007-09-17,26.739999771118164,26.1200008392334,26.510000228881836,26.350000381469727,176600.0,23.508085250854492
2007-09-18,27.299999237060547,26.059999465942383,26.6200008392334,27.200000762939453,371900.0,24.266416549682617
2007-09-19,27.8799991607666,26.1200008392334,27.149999618530273,26.59000015258789,603900.0,23.722204208374023
2007-09-20,26.6200008392334,25.940000534057617,26.6200008392334,26.15999984741211,868100.0,23.338577270507812
2007-09-21,26.520000457763672,25.700000762939453,26.5,26.049999237060547,727600.0,23.24043846130371
2007-09-24,26.260000228881836,25.90999984741211,26.100000381469727,26.1200008392334,456900.0,23.302888870239258
2007-09-25,25.84000015258789,24.719999313354492,25.84000015258789,25.139999389648438,905700.0,22.428592681884766
2007-09-26,26.34000015258789,24.829999923706055,25.09000015258789,25.850000381469727,826900.0,23.062021255493164
2007-09-27,26.100000381469727,25.399999618530273,26.100000381469727,25.399999618530273,543200.0,22.660545349121094
2007-09-28,25.56999969482422,24.969999313354492,25.559999465942383,25.049999237060547,388600.0,22.34830093383789
2007-10-01,25.229999542236328,24.690000534057617,25.18000030517578,24.809999465942383,660300.0,22.13417625427246
2007-10-02,26.149999618530273,24.469999313354492,24.579999923706055,26.040000915527344,1710300.0,23.231529235839844
2007-10-03,26.40999984741211,25.780000686645508,25.889999389648438,26.229999542236328,585000.0,23.40102767944336
2007-10-04,26.6299991607666,25.899999618530273,26.25,26.440000534057617,624100.0,23.588382720947266
2007-10-05,27.1200008392334,26.190000534057617,26.799999237060547,26.75,355200.0,23.864948272705078
2007-10-08,27.149999618530273,26.34000015258789,26.780000686645508,26.40999984741211,213700.0,23.56161880493164
2007-10-09,26.5,26.010000228881836,26.329999923706055,26.479999542236328,350100.0,23.62406349182129
2007-10-10,26.5,25.920000076293945,26.479999542236328,26.0,730000.0,23.195838928222656
2007-10-11,26.239999771118164,24.969999313354492,26.030000686645508,25.350000381469727,910900.0,22.61594009399414
2007-10-12,25.43000030517578,24.829999923706055,25.43000030517578,25.229999542236328,784700.0,22.50888442993164
2007-10-15,25.260000228881836,24.65999984741211,25.25,24.940000534057617,484500.0,22.250158309936523
2007-10-16,24.950000762939453,24.270000457763672,24.639999389648438,24.690000534057617,597200.0,22.02712631225586
2007-10-17,25.0,24.149999618530273,24.760000228881836,24.59000015258789,458700.0,21.937904357910156
2007-10-18,24.780000686645508,24.149999618530273,24.399999618530273,24.469999313354492,395800.0,21.830854415893555
2007-10-19,24.389999389648438,23.600000381469727,24.299999237060547,23.829999923706055,712100.0,21.259878158569336
2007-10-22,24.200000762939453,23.6200008392334,23.690000534057617,23.770000457763672,385800.0,21.206342697143555
2007-10-23,24.420000076293945,23.610000610351562,23.780000686645508,24.18000030517578,492300.0,21.572132110595703
2007-10-24,24.25,22.969999313354492,24.09000015258789,23.100000381469727,897200.0,20.60860824584961
2007-10-25,23.3799991607666,22.899999618530273,23.1299991607666,23.040000915527344,623900.0,20.555078506469727
2007-10-26,23.389999389648438,22.950000762939453,23.25,23.309999465942383,443600.0,20.79595375061035
2007-10-29,23.889999389648438,23.040000915527344,23.309999465942383,23.799999237060547,346200.0,21.233118057250977
2007-10-30,23.899999618530273,23.260000228881836,23.770000457763672,23.399999618530273,448800.0,20.876249313354492
2007-10-31,23.450000762939453,22.799999237060547,23.40999984741211,23.110000610351562,697600.0,20.61753273010254
2007-11-01,23.40999984741211,21.8700008392334,22.100000381469727,23.0,965100.0,20.519399642944336
2007-11-02,23.110000610351562,22.0,22.959999084472656,22.600000381469727,899700.0,20.162538528442383
2007-11-05,22.739999771118164,22.06999969482422,22.3700008392334,22.59000015258789,668500.0,20.153615951538086
2007-11-06,23.420000076293945,22.200000762939453,22.56999969482422,23.389999389648438,863200.0,20.86733055114746
2007-11-07,23.18000030517578,22.229999542236328,23.18000030517578,22.229999542236328,644700.0,19.83243751525879
2007-11-08,23.030000686645508,22.0,22.350000381469727,22.959999084472656,664500.0,20.48370933532715
2007-11-09,23.3700008392334,22.610000610351562,22.90999984741211,23.0,700800.0,20.519399642944336
2007-11-12,23.850000381469727,22.889999389648438,22.889999389648438,23.530000686645508,476100.0,20.99223518371582
2007-11-13,24.149999618530273,23.290000915527344,23.8799991607666,23.440000534057617,405200.0,20.911941528320312
2007-11-14,23.93000030517578,23.049999237060547,23.719999313354492,23.209999084472656,955000.0,20.706745147705078
2007-11-15,23.670000076293945,22.75,23.1299991607666,23.010000228881836,604600.0,20.528316497802734
2007-11-16,23.149999618530273,22.450000762939453,23.100000381469727,22.969999313354492,596300.0,20.492631912231445
2007-11-19,23.010000228881836,22.1200008392334,22.729999542236328,22.389999389648438,677100.0,19.975181579589844
2007-11-20,22.670000076293945,21.670000076293945,22.649999618530273,21.979999542236328,802100.0,19.60940170288086
2007-11-21,22.420000076293945,21.479999542236328,21.65999984741211,22.0,695500.0,19.62724494934082
2007-11-23,22.190000534057617,21.81999969482422,21.979999542236328,21.950000762939453,639800.0,19.5826358795166
2007-11-26,22.239999771118164,21.489999771118164,21.950000762939453,21.700000762939453,445000.0,19.359600067138672
2007-11-27,22.219999313354492,21.559999465942383,22.0,22.139999389648438,967500.0,19.75214958190918
2007-11-28,23.020000457763672,22.1200008392334,22.1200008392334,22.530000686645508,580800.0,20.100086212158203
2007-11-29,22.579999923706055,22.100000381469727,22.5,22.200000762939453,329300.0,19.80567741394043
2007-11-30,23.0,21.93000030517578,22.5,22.010000228881836,441200.0,19.636167526245117
2007-12-03,22.510000228881836,21.719999313354492,22.170000076293945,21.920000076293945,519400.0,19.555877685546875
2007-12-04,21.8799991607666,21.0,21.8799991607666,21.170000076293945,665300.0,18.886760711669922
2007-12-05,21.81999969482422,21.299999237060547,21.510000228881836,21.5,740400.0,19.18117332458496
2007-12-06,21.809999465942383,21.059999465942383,21.56999969482422,21.549999237060547,861800.0,19.22577667236328
2007-12-07,23.299999237060547,21.579999923706055,21.860000610351562,23.079999923706055,2401600.0,20.59076499938965
2007-12-10,23.579999923706055,23.079999923706055,23.079999923706055,23.530000686645508,759200.0,20.99223518371582
2007-12-11,23.829999923706055,22.709999084472656,23.670000076293945,22.8799991607666,467700.0,20.412334442138672
2007-12-12,23.549999237060547,22.5,23.1299991607666,22.690000534057617,635100.0,20.24283218383789
2007-12-13,22.709999084472656,22.110000610351562,22.700000762939453,22.239999771118164,646300.0,19.841358184814453
2007-12-14,22.280000686645508,21.420000076293945,22.25,21.690000534057617,295300.0,19.35068130493164
2007-12-17,21.780000686645508,20.540000915527344,21.5,20.6299991607666,866600.0,18.404998779296875
2007-12-18,21.1299991607666,20.68000030517578,20.81999969482422,20.790000915527344,841700.0,18.547748565673828
2007-12-19,20.8799991607666,20.389999389648438,20.65999984741211,20.469999313354492,295900.0,18.26226234436035
2007-12-20,20.65999984741211,20.0,20.540000915527344,20.15999984741211,791000.0,17.985698699951172
2007-12-21,20.579999923706055,20.290000915527344,20.420000076293945,20.510000228881836,1550300.0,18.297948837280273
2007-12-24,20.770000457763672,20.459999084472656,20.459999084472656,20.6200008392334,165900.0,18.39608383178711
2007-12-26,20.940000534057617,20.25,20.3799991607666,20.610000610351562,648500.0,18.387161254882812
2007-12-27,20.610000610351562,20.0,20.549999237060547,20.010000228881836,507600.0,17.851877212524414
2007-12-28,20.18000030517578,19.729999542236328,20.049999237060547,19.899999618530273,602100.0,17.753732681274414
2007-12-31,20.299999237060547,19.81999969482422,20.059999465942383,20.219999313354492,370900.0,18.03922462463379
2008-01-02,20.559999465942383,19.479999542236328,20.270000457763672,19.59000015258789,371600.0,17.477170944213867
2008-01-03,19.850000381469727,19.3700008392334,19.760000228881836,19.479999542236328,516900.0,17.37903594970703
2008-01-04,19.40999984741211,19.010000228881836,19.40999984741211,19.31999969482422,569500.0,17.236289978027344
2008-01-07,19.3700008392334,18.649999618530273,19.280000686645508,19.059999465942383,644700.0,17.004335403442383
2008-01-08,19.1200008392334,18.200000762939453,19.020000457763672,18.399999618530273,852200.0,16.415517807006836
2008-01-09,18.700000762939453,17.739999771118164,18.5,18.559999465942383,709700.0,16.558259963989258
2008-01-10,19.110000610351562,18.229999542236328,18.5,18.690000534057617,732300.0,16.674238204956055
2008-01-11,18.639999389648438,18.200000762939453,18.6200008392334,18.3799991607666,423000.0,16.397674560546875
2008-01-14,18.579999923706055,18.110000610351562,18.450000762939453,18.260000228881836,670500.0,16.290611267089844
2008-01-15,18.280000686645508,17.709999084472656,18.049999237060547,18.15999984741211,652500.0,16.201400756835938
2008-01-16,18.68000030517578,17.950000762939453,17.969999313354492,18.079999923706055,891800.0,16.13002586364746
2008-01-17,18.489999771118164,17.5,18.049999237060547,17.600000381469727,595500.0,15.701797485351562
2008-01-18,18.139999389648438,17.260000228881836,17.600000381469727,17.3700008392334,423000.0,15.496603965759277
2008-01-22,18.040000915527344,16.860000610351562,17.25,17.799999237060547,913600.0,15.880229949951172
2008-01-23,18.420000076293945,16.989999771118164,17.43000030517578,17.799999237060547,1833300.0,15.880229949951172
2008-01-24,18.799999237060547,17.610000610351562,17.610000610351562,18.790000915527344,1218400.0,16.763452529907227
2008-01-25,19.149999618530273,18.450000762939453,19.049999237060547,18.56999969482422,2045500.0,16.567182540893555
2008-01-28,18.959999084472656,17.93000030517578,18.43000030517578,18.68000030517578,1204900.0,16.665319442749023
2008-01-29,20.239999771118164,18.690000534057617,18.760000228881836,20.0,1569400.0,17.842952728271484
2008-01-30,20.989999771118164,19.760000228881836,19.8700008392334,20.18000030517578,1136500.0,18.003538131713867
2008-01-31,21.780000686645508,20.0,20.209999084472656,21.739999771118164,1161400.0,19.395288467407227
2008-02-01,22.799999237060547,21.5,21.790000915527344,22.700000762939453,1170600.0,20.251750946044922
2008-02-04,22.899999618530273,21.459999084472656,22.850000381469727,21.950000762939453,1082200.0,19.5826358795166
2008-02-05,22.260000228881836,20.81999969482422,21.829999923706055,20.940000534057617,786800.0,18.681568145751953
2008-02-06,21.25,20.010000228881836,20.850000381469727,20.09000015258789,504600.0,17.923248291015625
2008-02-07,20.260000228881836,19.350000381469727,19.899999618530273,19.90999984741211,504500.0,17.76266098022461
2008-02-08,20.270000457763672,19.510000228881836,19.81999969482422,19.600000381469727,530300.0,17.486093521118164
2008-02-11,19.790000915527344,19.229999542236328,19.649999618530273,19.5,368700.0,17.396875381469727
2008-02-12,19.56999969482422,19.209999084472656,19.450000762939453,19.329999923706055,1384400.0,17.245214462280273
2008-02-13,19.600000381469727,19.260000228881836,19.600000381469727,19.469999313354492,969400.0,17.370113372802734
2008-02-14,19.639999389648438,18.93000030517578,19.6299991607666,19.34000015258789,823600.0,17.25413703918457
2008-02-15,19.440000534057617,18.8799991607666,19.209999084472656,19.149999618530273,331000.0,17.084625244140625
2008-02-19,19.860000610351562,19.040000915527344,19.299999237060547,19.139999389648438,316400.0,17.07570457458496
2008-02-20,20.059999465942383,18.790000915527344,18.8700008392334,19.700000762939453,529100.0,17.575305938720703
2008-02-21,20.260000228881836,18.690000534057617,19.889999389648438,18.75,765800.0,16.727767944335938
2008-02-22,20.059999465942383,18.75,18.75,19.860000610351562,901500.0,17.718053817749023
2008-02-25,20.100000381469727,19.489999771118164,19.959999084472656,19.729999542236328,592400.0,17.602066040039062
2008-02-26,19.780000686645508,19.3799991607666,19.5,19.440000534057617,793800.0,17.343353271484375
2008-02-27,19.299999237060547,18.65999984741211,19.260000228881836,19.010000228881836,827600.0,16.95973014831543
2008-02-28,19.1200008392334,18.68000030517578,18.81999969482422,18.920000076293945,699100.0,16.87942886352539
2008-02-29,18.93000030517578,18.420000076293945,18.649999618530273,18.860000610351562,665300.0,16.825904846191406
2008-03-03,19.3799991607666,17.579999923706055,18.3700008392334,18.270000457763672,1381000.0,16.299537658691406
2008-03-04,18.440000534057617,17.479999542236328,18.18000030517578,18.0,1176400.0,16.05866050720215
2008-03-05,18.079999923706055,17.68000030517578,17.950000762939453,17.899999618530273,535900.0,15.969442367553711
2008-03-06,17.989999771118164,16.940000534057617,17.989999771118164,17.25,1838800.0,15.389543533325195
2008-03-07,17.469999313354492,16.93000030517578,17.110000610351562,17.280000686645508,660200.0,15.416308403015137
2008-03-10,17.219999313354492,16.670000076293945,17.219999313354492,16.93000030517578,664400.0,15.104058265686035
2008-03-11,17.420000076293945,16.510000228881836,17.049999237060547,16.989999771118164,1257300.0,15.157587051391602
2008-03-12,17.290000915527344,16.780000686645508,17.149999618530273,16.829999923706055,835800.0,15.014843940734863
2008-03-13,17.209999084472656,16.43000030517578,16.510000228881836,17.059999465942383,848500.0,15.220037460327148
2008-03-14,17.309999465942383,16.43000030517578,16.950000762939453,16.790000915527344,817500.0,14.979159355163574
2008-03-17,16.940000534057617,16.200000762939453,16.56999969482422,16.760000228881836,673500.0,14.952396392822266
2008-03-18,17.260000228881836,16.299999237060547,17.219999313354492,17.100000381469727,760400.0,15.255722999572754
2008-03-19,17.81999969482422,17.100000381469727,17.309999465942383,17.209999084472656,1157800.0,15.353863716125488
2008-03-20,17.459999084472656,16.959999084472656,17.209999084472656,17.43000030517578,818100.0,15.550132751464844
2008-03-24,18.719999313354492,17.489999771118164,17.600000381469727,18.479999542236328,870000.0,16.486888885498047
2008-03-25,19.020000457763672,18.3799991607666,18.59000015258789,18.899999618530273,635100.0,16.861589431762695
2008-03-26,19.0,18.229999542236328,18.920000076293945,18.459999084472656,794900.0,16.469045639038086
2008-03-27,18.8700008392334,18.18000030517578,18.5,18.18000030517578,653400.0,16.2192440032959
2008-03-28,18.34000015258789,17.799999237060547,18.299999237060547,17.889999389648438,498800.0,15.960521697998047
2008-03-31,18.219999313354492,17.8799991607666,17.90999984741211,18.1299991607666,675700.0,16.174633026123047
2008-04-01,19.489999771118164,17.899999618530273,17.899999618530273,19.010000228881836,1767000.0,16.95973014831543
2008-04-02,19.40999984741211,18.799999237060547,18.799999237060547,19.139999389648438,1158200.0,17.07570457458496
2008-04-03,19.100000381469727,18.799999237060547,18.959999084472656,18.969999313354492,813500.0,16.924041748046875
2008-04-04,19.1299991607666,18.790000915527344,19.100000381469727,19.049999237060547,995900.0,16.99540901184082
2008-04-07,19.780000686645508,19.040000915527344,19.110000610351562,19.610000610351562,578200.0,17.495014190673828
2008-04-08,19.670000076293945,19.350000381469727,19.510000228881836,19.56999969482422,490300.0,17.45932388305664
2008-04-09,19.799999237060547,19.360000610351562,19.6299991607666,19.3799991607666,368800.0,17.289819717407227
2008-04-10,19.59000015258789,19.239999771118164,19.329999923706055,19.31999969482422,538000.0,17.236289978027344
2008-04-11,19.510000228881836,18.860000610351562,19.31999969482422,18.93000030517578,536600.0,16.888349533081055
2008-04-14,18.959999084472656,18.520000457763672,18.93000030517578,18.520000457763672,375500.0,16.5225772857666
2008-04-15,18.920000076293945,18.309999465942383,18.65999984741211,18.889999389648438,473100.0,16.8526668548584
2008-04-16,19.65999984741211,18.829999923706055,18.950000762939453,19.59000015258789,435700.0,17.477170944213867
2008-04-17,19.729999542236328,19.3700008392334,19.479999542236328,19.690000534057617,265000.0,17.56638526916504
2008-04-18,20.010000228881836,19.649999618530273,19.940000534057617,19.8700008392334,273200.0,17.726972579956055
2008-04-21,20.049999237060547,19.549999237060547,19.799999237060547,19.610000610351562,661300.0,17.495014190673828
2008-04-22,19.700000762939453,19.030000686645508,19.59000015258789,19.350000381469727,481100.0,17.263057708740234
2008-04-23,19.389999389648438,19.0,19.3700008392334,19.290000915527344,240400.0,17.20953369140625
2008-04-24,19.950000762939453,19.139999389648438,19.270000457763672,19.799999237060547,355400.0,17.664520263671875
2008-04-25,20.049999237060547,19.6200008392334,19.93000030517578,19.950000762939453,227200.0,17.7983455657959
2008-04-28,20.920000076293945,19.950000762939453,19.950000762939453,20.8799991607666,679500.0,18.62803840637207
2008-04-29,20.799999237060547,20.440000534057617,20.799999237060547,20.729999542236328,652200.0,18.49421501159668
2008-04-30,21.440000534057617,20.670000076293945,20.709999084472656,21.110000610351562,907400.0,18.833234786987305
2008-05-01,21.299999237060547,19.799999237060547,20.59000015258789,20.959999084472656,1027700.0,18.699413299560547
2008-05-02,21.170000076293945,20.649999618530273,21.100000381469727,21.040000915527344,535700.0,18.770790100097656
2008-05-05,21.219999313354492,20.700000762939453,20.940000534057617,21.010000228881836,847500.0,18.744020462036133
2008-05-06,21.25,20.43000030517578,20.989999771118164,21.15999984741211,1984100.0,18.87784767150879
2008-05-07,23.59000015258789,21.799999237060547,21.799999237060547,22.670000076293945,2548600.0,20.224987030029297
2008-05-08,23.389999389648438,22.5,22.84000015258789,23.260000228881836,1247800.0,20.75135612487793
2008-05-09,24.0,22.8799991607666,23.100000381469727,23.93000030517578,1717400.0,21.349096298217773
2008-05-12,24.8799991607666,23.940000534057617,24.079999923706055,24.739999771118164,1290800.0,22.07172966003418
2008-05-13,26.149999618530273,25.010000228881836,25.260000228881836,25.760000228881836,2891200.0,22.981725692749023
2008-05-14,26.309999465942383,25.649999618530273,25.899999618530273,25.969999313354492,1924300.0,23.1690673828125
2008-05-15,26.959999084472656,25.959999084472656,26.100000381469727,26.799999237060547,1427200.0,23.909555435180664
2008-05-16,27.93000030517578,26.799999237060547,26.90999984741211,27.850000381469727,1753600.0,24.8463077545166
2008-05-19,28.5,27.600000381469727,27.770000457763672,28.1299991607666,2430900.0,25.096113204956055
2008-05-20,28.579999923706055,27.350000381469727,27.889999389648438,27.969999313354492,1484400.0,24.953371047973633
2008-05-21,28.43000030517578,26.540000915527344,28.010000228881836,26.809999465942383,8039000.0,23.918481826782227
2008-05-22,27.479999542236328,26.350000381469727,26.989999771118164,26.540000915527344,1281700.0,23.677593231201172
2008-05-23,26.520000457763672,25.920000076293945,26.5,25.989999771118164,902100.0,23.186912536621094
2008-05-27,26.399999618530273,25.790000915527344,26.0,26.1299991607666,1178500.0,23.311817169189453
2008-05-28,26.6200008392334,25.709999084472656,26.610000610351562,26.0,1466100.0,23.195838928222656
2008-05-29,26.31999969482422,25.760000228881836,26.290000915527344,26.0,1367400.0,23.195838928222656
2008-05-30,26.139999389648438,25.75,26.020000457763672,25.829999923706055,750000.0,23.044174194335938
2008-06-02,26.0,25.34000015258789,25.780000686645508,25.5,1298800.0,22.74976348876953
2008-06-03,25.809999465942383,24.790000915527344,25.6200008392334,25.06999969482422,1375700.0,22.366138458251953
2008-06-04,25.979999542236328,25.010000228881836,25.149999618530273,25.450000762939453,1336400.0,22.705156326293945
2008-06-05,25.770000457763672,25.260000228881836,25.5,25.760000228881836,940800.0,22.981725692749023
2008-06-06,25.729999542236328,24.65999984741211,25.600000381469727,24.65999984741211,906200.0,22.000356674194336
2008-06-09,25.020000457763672,24.25,24.709999084472656,24.81999969482422,782400.0,22.14310073852539
2008-06-10,24.950000762939453,24.399999618530273,24.81999969482422,24.68000030517578,1263700.0,22.018199920654297
2008-06-11,24.979999542236328,23.530000686645508,24.75,23.6299991607666,1280100.0,21.081439971923828
2008-06-12,24.170000076293945,23.6299991607666,23.799999237060547,23.8799991607666,1378100.0,21.30448341369629
2008-06-13,24.170000076293945,23.739999771118164,24.020000457763672,23.93000030517578,1306800.0,21.349096298217773
2008-06-16,24.110000610351562,23.850000381469727,24.0,23.860000610351562,1556600.0,21.286638259887695
2008-06-17,24.09000015258789,23.600000381469727,23.809999465942383,23.68000030517578,1142000.0,21.126054763793945
2008-06-18,23.75,23.030000686645508,23.510000228881836,23.40999984741211,1467000.0,20.88517951965332
2008-06-19,24.059999465942383,23.229999542236328,23.510000228881836,23.979999542236328,1234400.0,21.393695831298828
2008-06-20,23.979999542236328,23.399999618530273,23.860000610351562,23.920000076293945,1257400.0,21.340171813964844
2008-06-23,24.440000534057617,23.65999984741211,23.969999313354492,23.68000030517578,879700.0,21.126054763793945
2008-06-24,23.8799991607666,23.18000030517578,23.540000915527344,23.290000915527344,1402400.0,20.778114318847656
2008-06-25,24.25,23.229999542236328,23.229999542236328,23.649999618530273,1691800.0,21.099287033081055
2008-06-26,23.6299991607666,22.399999618530273,23.6299991607666,22.780000686645508,1555100.0,20.3231258392334
2008-06-27,23.030000686645508,22.389999389648438,22.610000610351562,22.889999389648438,2269500.0,20.42125701904297
2008-06-30,23.290000915527344,22.479999542236328,22.979999542236328,22.75,795400.0,20.29636001586914
2008-07-01,22.940000534057617,22.079999923706055,22.649999618530273,22.809999465942383,1024700.0,20.34988021850586
2008-07-02,22.860000610351562,22.190000534057617,22.860000610351562,22.299999237060547,1663100.0,19.89488983154297
2008-07-03,22.440000534057617,21.530000686645508,22.270000457763672,21.790000915527344,953700.0,19.439895629882812
2008-07-07,22.049999237060547,20.93000030517578,21.770000457763672,21.280000686645508,1318800.0,18.98489761352539
2008-07-08,21.6200008392334,20.360000610351562,21.0,21.559999465942383,1847200.0,19.234697341918945
2008-07-09,21.799999237060547,20.649999618530273,21.799999237060547,20.809999465942383,1320700.0,18.56559944152832
2008-07-10,21.239999771118164,20.40999984741211,20.799999237060547,20.739999771118164,1134500.0,18.50313949584961
2008-07-11,20.639999389648438,19.68000030517578,20.579999923706055,20.010000228881836,1092300.0,17.851877212524414
2008-07-14,21.860000610351562,20.510000228881836,20.510000228881836,21.0,1852900.0,18.73509979248047
2008-07-15,21.350000381469727,20.40999984741211,21.010000228881836,20.860000610351562,1297800.0,18.610197067260742
2008-07-16,21.940000534057617,20.979999542236328,21.06999969482422,21.600000381469727,1338900.0,19.270383834838867
2008-07-17,25.190000534057617,21.799999237060547,21.799999237060547,24.020000457763672,4849600.0,21.429386138916016
2008-07-18,24.239999771118164,23.139999389648438,24.010000228881836,23.43000030517578,1477000.0,20.90302085876465
2008-07-21,23.75,22.559999465942383,23.68000030517578,22.739999771118164,937900.0,20.28744125366211
2008-07-22,23.3799991607666,22.239999771118164,22.5,22.8799991607666,1543600.0,20.412334442138672
2008-07-23,23.479999542236328,22.68000030517578,23.1299991607666,23.3799991607666,719900.0,20.858407974243164
2008-07-24,23.770000457763672,23.0,23.440000534057617,23.329999923706055,1583600.0,20.813798904418945
2008-07-25,23.790000915527344,23.200000762939453,23.309999465942383,23.309999465942383,786800.0,20.79595375061035
2008-07-28,23.68000030517578,23.170000076293945,23.170000076293945,23.360000610351562,1274100.0,20.840566635131836
2008-07-29,24.65999984741211,23.5,23.56999969482422,24.5,1697800.0,21.85761833190918
2008-07-30,27.34000015258789,25.670000076293945,26.190000534057617,26.639999389648438,4458900.0,23.766809463500977
2008-07-31,26.610000610351562,25.84000015258789,26.610000610351562,26.010000228881836,1780200.0,23.204761505126953
2008-08-01,27.049999237060547,26.0,26.899999618530273,26.420000076293945,1023700.0,23.570537567138672
2008-08-04,26.559999465942383,25.829999923706055,26.559999465942383,25.989999771118164,1046100.0,23.186912536621094
2008-08-05,26.34000015258789,25.799999237060547,25.989999771118164,26.06999969482422,1685400.0,23.25828742980957
2008-08-06,26.1200008392334,24.959999084472656,26.1200008392334,25.31999969482422,1510300.0,22.58917808532715
2008-08-07,25.450000762939453,24.59000015258789,25.450000762939453,24.760000228881836,1236500.0,22.089576721191406
2008-08-08,25.6200008392334,24.5,24.700000762939453,25.510000228881836,1118800.0,22.758686065673828
2008-08-11,26.06999969482422,25.440000534057617,25.450000762939453,25.649999618530273,584600.0,22.883586883544922
2008-08-12,25.43000030517578,24.700000762939453,25.40999984741211,24.889999389648438,917600.0,22.205549240112305
2008-08-13,25.0,24.389999389648438,24.899999618530273,24.729999542236328,770000.0,22.06281280517578
2008-08-14,25.290000915527344,24.34000015258789,24.700000762939453,25.260000228881836,626900.0,22.535646438598633
2008-08-15,26.020000457763672,25.18000030517578,25.18000030517578,25.6299991607666,618000.0,22.865745544433594
2008-08-18,25.799999237060547,24.8799991607666,25.719999313354492,24.969999313354492,592700.0,22.276926040649414
2008-08-19,25.25,24.239999771118164,25.010000228881836,24.389999389648438,369900.0,21.759479522705078
2008-08-20,24.389999389648438,23.889999389648438,24.389999389648438,24.190000534057617,399600.0,21.5810489654541
2008-08-21,24.530000686645508,23.920000076293945,24.0,24.43000030517578,262000.0,21.795162200927734
2008-08-22,24.5,24.0,24.5,24.43000030517578,357800.0,21.795162200927734
2008-08-25,24.239999771118164,23.540000915527344,24.170000076293945,23.719999313354492,380900.0,21.161739349365234
2008-08-26,23.940000534057617,23.420000076293945,23.829999923706055,23.809999465942383,517300.0,21.242029190063477
2008-08-27,24.770000457763672,23.790000915527344,23.790000915527344,24.760000228881836,602100.0,22.089576721191406
2008-08-28,24.950000762939453,24.510000228881836,24.799999237060547,24.84000015258789,293400.0,22.160940170288086
2008-08-29,24.799999237060547,24.1299991607666,24.799999237060547,24.190000534057617,323200.0,21.5810489654541
2008-09-02,25.18000030517578,24.360000610351562,24.610000610351562,24.979999542236328,977300.0,22.285846710205078
2008-09-03,25.5,24.75,24.969999313354492,25.329999923706055,1257300.0,22.59810447692871
2008-09-04,25.200000762939453,24.149999618530273,25.09000015258789,24.530000686645508,605100.0,21.88438606262207
2008-09-05,25.329999923706055,24.270000457763672,24.280000686645508,25.139999389648438,1115900.0,22.428592681884766
2008-09-08,26.420000076293945,25.299999237060547,26.0,25.549999237060547,1751700.0,22.794368743896484
2008-09-09,26.149999618530273,24.68000030517578,25.020000457763672,24.959999084472656,964300.0,22.268003463745117
2008-09-10,25.530000686645508,24.700000762939453,25.010000228881836,24.809999465942383,1029900.0,22.13417625427246
2008-09-11,25.59000015258789,23.0,24.389999389648438,25.549999237060547,1379800.0,22.794368743896484
2008-09-12,26.389999389648438,25.200000762939453,25.200000762939453,26.3700008392334,930000.0,23.52593231201172
2008-09-15,25.709999084472656,22.450000762939453,25.469999313354492,22.639999389648438,3750600.0,20.198223114013672
2008-09-16,24.489999771118164,22.0,22.0,24.40999984741211,1500000.0,21.777324676513672
2008-09-17,24.18000030517578,22.3700008392334,23.93000030517578,22.709999084472656,1428900.0,20.26067352294922
2008-09-18,23.889999389648438,22.139999389648438,23.010000228881836,23.81999969482422,1742000.0,21.25095558166504
2008-09-19,25.239999771118164,23.889999389648438,24.260000228881836,24.950000762939453,1231800.0,22.25908088684082
2008-09-22,24.799999237060547,23.780000686645508,24.799999237060547,23.90999984741211,554000.0,21.331249237060547
2008-09-23,24.479999542236328,23.559999465942383,23.770000457763672,24.030000686645508,610600.0,21.43830680847168
2008-09-24,24.860000610351562,23.770000457763672,24.030000686645508,24.43000030517578,734800.0,21.795162200927734
2008-09-25,25.0,24.0,24.5,24.829999923706055,696200.0,22.152019500732422
2008-09-26,24.5,23.920000076293945,24.010000228881836,24.489999771118164,390700.0,21.84869384765625
2008-09-29,23.940000534057617,22.889999389648438,23.809999465942383,23.079999923706055,1472800.0,20.59076499938965
2008-09-30,23.959999084472656,23.020000457763672,23.190000534057617,23.90999984741211,648600.0,21.331249237060547
2008-10-01,24.260000228881836,22.40999984741211,22.40999984741211,24.06999969482422,582700.0,21.473995208740234
2008-10-02,23.93000030517578,22.670000076293945,23.93000030517578,22.700000762939453,697900.0,20.251750946044922
2008-10-03,23.65999984741211,21.489999771118164,22.899999618530273,21.700000762939453,902300.0,19.359600067138672
2008-10-06,22.110000610351562,19.239999771118164,20.989999771118164,21.68000030517578,1160100.0,19.34175682067871
2008-10-07,22.059999465942383,19.979999542236328,22.030000686645508,19.979999542236328,881100.0,17.825101852416992
2008-10-08,20.84000015258789,18.979999542236328,18.979999542236328,19.93000030517578,903900.0,17.78050422668457
2008-10-09,20.600000381469727,18.8700008392334,20.040000915527344,19.25,1104600.0,17.173843383789062
2008-10-10,19.739999771118164,17.75,18.639999389648438,19.56999969482422,1565000.0,17.45932388305664
2008-10-13,20.260000228881836,19.469999313354492,20.239999771118164,19.780000686645508,258100.0,17.646677017211914
2008-10-14,20.610000610351562,19.229999542236328,20.149999618530273,19.829999923706055,937000.0,17.6912899017334
2008-10-15,19.5,16.5,19.40999984741211,18.040000915527344,7174800.0,16.094343185424805
2008-10-16,19.1299991607666,16.989999771118164,18.329999923706055,18.0,859500.0,16.05866050720215
2008-10-17,18.540000915527344,17.049999237060547,17.329999923706055,17.809999465942383,5237300.0,15.88914966583252
2008-10-20,18.8799991607666,17.790000915527344,17.790000915527344,18.860000610351562,685000.0,16.825904846191406
2008-10-21,18.920000076293945,18.209999084472656,18.40999984741211,18.549999237060547,646400.0,16.549333572387695
2008-10-22,18.420000076293945,16.93000030517578,18.06999969482422,17.190000534057617,674600.0,15.336016654968262
2008-10-23,18.170000076293945,16.770000457763672,16.770000457763672,17.709999084472656,1373300.0,15.799936294555664
2008-10-24,17.219999313354492,16.059999465942383,16.950000762939453,16.43000030517578,911600.0,14.657983779907227
2008-10-27,17.020000457763672,15.100000381469727,16.510000228881836,15.180000305175781,857100.0,13.542803764343262
2008-10-28,15.479999542236328,13.319999694824219,15.449999809265137,15.399999618530273,3329600.0,13.7390718460083
2008-10-29,17.809999465942383,15.270000457763672,16.989999771118164,15.5,1516600.0,13.828287124633789
2008-10-30,16.770000457763672,15.270000457763672,15.670000076293945,15.380000114440918,1046700.0,13.721230506896973
2008-10-31,16.1299991607666,15.069999694824219,15.25,15.729999542236328,1092500.0,14.033480644226074
2008-11-03,16.549999237060547,15.5,15.720000267028809,16.040000915527344,873200.0,14.31004810333252
2008-11-04,17.290000915527344,16.34000015258789,16.549999237060547,17.260000228881836,765000.0,15.398470878601074
2008-11-05,17.600000381469727,16.829999923706055,17.25,17.34000015258789,1227100.0,15.469842910766602
2008-11-06,17.440000534057617,16.690000534057617,16.989999771118164,16.850000381469727,967900.0,15.032685279846191
2008-11-07,17.350000381469727,15.819999694824219,16.780000686645508,16.260000228881836,873500.0,14.506319046020508
2008-11-10,16.770000457763672,15.5600004196167,16.690000534057617,15.869999885559082,988000.0,14.158379554748535
2008-11-11,16.350000381469727,15.420000076293945,15.600000381469727,16.020000457763672,752800.0,14.292204856872559
2008-11-12,16.030000686645508,14.760000228881836,16.0,14.819999694824219,1375800.0,13.221628189086914
2008-11-13,14.880000114440918,13.229999542236328,14.760000228881836,14.75,1471700.0,13.15917682647705
2008-11-14,14.8100004196167,13.6899995803833,14.420000076293945,13.739999771118164,1170100.0,12.258106231689453
2008-11-17,13.90999984741211,13.25,13.350000381469727,13.399999618530273,766600.0,11.954777717590332
2008-11-18,13.539999961853027,12.640000343322754,13.170000076293945,12.989999771118164,709000.0,11.588994026184082
2008-11-19,13.069999694824219,10.109999656677246,12.9399995803833,10.510000228881836,3427800.0,9.376473426818848
2008-11-20,11.6899995803833,10.050000190734863,10.489999771118164,11.319999694824219,2073500.0,10.099111557006836
2008-11-21,12.15999984741211,10.960000038146973,11.600000381469727,12.079999923706055,1245300.0,10.777140617370605
2008-11-24,13.850000381469727,12.449999809265137,12.729999542236328,13.569999694824219,1132700.0,12.106443405151367
2008-11-25,14.739999771118164,13.600000381469727,13.979999542236328,14.649999618530273,832200.0,13.069961547851562
2008-11-26,15.670000076293945,13.600000381469727,14.640000343322754,15.260000228881836,1064200.0,13.614171981811523
2008-11-28,16.110000610351562,15.239999771118164,15.279999732971191,15.949999809265137,420300.0,14.229755401611328
2008-12-01,15.399999618530273,14.020000457763672,15.350000381469727,14.15999984741211,523800.0,12.632808685302734
2008-12-02,14.920000076293945,14.010000228881836,14.260000228881836,14.479999542236328,708500.0,12.918294906616211
2008-12-03,15.449999809265137,14.0,14.34000015258789,15.279999732971191,751800.0,13.632015228271484
2008-12-04,15.869999885559082,14.720000267028809,14.899999618530273,15.039999961853027,813000.0,13.417898178100586
2008-12-05,16.1299991607666,14.460000038146973,14.670000076293945,16.010000228881836,723900.0,14.283283233642578
2008-12-08,17.3700008392334,16.459999084472656,16.59000015258789,16.899999618530273,685900.0,15.077293395996094
2008-12-09,17.440000534057617,16.34000015258789,16.950000762939453,16.84000015258789,822200.0,15.023768424987793
2008-12-10,17.309999465942383,15.859999656677246,16.889999389648438,16.170000076293945,565700.0,14.426029205322266
2008-12-11,16.389999389648438,15.1899995803833,16.3700008392334,15.359999656677246,706900.0,13.703386306762695
2008-12-12,16.06999969482422,14.680000305175781,15.0,16.06999969482422,617000.0,14.336812973022461
2008-12-15,16.40999984741211,14.5600004196167,16.3700008392334,14.949999809265137,739000.0,13.337606430053711
2008-12-16,16.25,14.960000038146973,15.140000343322754,16.229999542236328,913200.0,14.479554176330566
2008-12-17,16.790000915527344,15.800000190734863,16.190000534057617,16.579999923706055,895400.0,14.791805267333984
2008-12-18,17.030000686645508,16.31999969482422,16.920000076293945,16.790000915527344,917400.0,14.979159355163574
2008-12-19,18.3799991607666,16.75,17.0,18.1299991607666,2757600.0,16.174633026123047
2008-12-22,18.579999923706055,16.709999084472656,18.1299991607666,17.170000076293945,1616100.0,15.31817626953125
2008-12-23,17.25,16.200000762939453,17.110000610351562,16.600000381469727,759200.0,14.809651374816895
2008-12-24,16.8799991607666,16.31999969482422,16.770000457763672,16.479999542236328,212800.0,14.702592849731445
2008-12-26,17.239999771118164,16.399999618530273,16.520000457763672,17.229999542236328,290100.0,15.371703147888184
2008-12-29,17.260000228881836,16.399999618530273,17.110000610351562,16.709999084472656,651100.0,14.907783508300781
2008-12-30,17.079999923706055,16.3700008392334,16.790000915527344,16.979999542236328,640300.0,15.148666381835938
2008-12-31,17.440000534057617,16.799999237060547,16.799999237060547,17.299999237060547,840800.0,15.434154510498047
2009-01-02,17.84000015258789,17.030000686645508,17.239999771118164,17.649999618530273,552000.0,15.746406555175781
2009-01-05,18.110000610351562,17.100000381469727,17.639999389648438,18.110000610351562,754000.0,16.15679359436035
2009-01-06,18.65999984741211,17.729999542236328,18.440000534057617,18.40999984741211,1184400.0,16.4244384765625
2009-01-07,18.360000610351562,17.3700008392334,18.360000610351562,17.649999618530273,490700.0,15.746406555175781
2009-01-08,18.350000381469727,17.399999618530273,17.540000915527344,18.309999465942383,1182200.0,16.335222244262695
2009-01-09,18.5,17.010000228881836,18.5,17.56999969482422,594300.0,15.675033569335938
2009-01-12,17.549999237060547,16.299999237060547,17.329999923706055,16.579999923706055,631100.0,14.791805267333984
2009-01-13,17.0,16.139999389648438,16.65999984741211,16.959999084472656,632200.0,15.130820274353027
2009-01-14,16.670000076293945,15.899999618530273,16.670000076293945,16.09000015258789,751400.0,14.354656219482422
2009-01-15,16.709999084472656,15.119999885559082,16.09000015258789,16.190000534057617,1280700.0,14.44387149810791
2009-01-16,16.959999084472656,15.460000038146973,16.34000015258789,16.170000076293945,799900.0,14.426029205322266
2009-01-20,16.270000457763672,15.229999542236328,15.800000190734863,15.319999694824219,985000.0,13.667701721191406
2009-01-21,15.90999984741211,14.760000228881836,15.609999656677246,15.84000015258789,615100.0,14.131617546081543
2009-01-22,15.680000305175781,14.600000381469727,15.59000015258789,15.229999542236328,915000.0,13.587408065795898
2009-01-23,15.079999923706055,13.039999961853027,14.569999694824219,14.789999961853027,1190600.0,13.194864273071289
2009-01-26,15.800000190734863,14.460000038146973,14.9399995803833,14.600000381469727,855700.0,13.025355339050293
2009-01-27,14.65999984741211,14.0600004196167,14.65999984741211,14.300000190734863,648500.0,12.757707595825195
2009-01-28,15.319999694824219,14.40999984741211,14.449999809265137,15.130000114440918,648300.0,13.49819278717041
2009-01-29,15.09000015258789,13.930000305175781,15.09000015258789,14.119999885559082,628700.0,12.597123146057129
2009-01-30,14.199999809265137,13.170000076293945,14.119999885559082,13.34000015258789,517900.0,11.901250839233398
2009-02-02,13.920000076293945,13.039999961853027,13.079999923706055,13.649999618530273,1018200.0,12.177813529968262
2009-02-03,15.0,13.670000076293945,13.829999923706055,14.130000114440918,1366100.0,12.606042861938477
2009-02-04,14.319999694824219,13.75,14.109999656677246,13.890000343322754,862800.0,12.391932487487793
2009-02-05,14.279999732971191,13.739999771118164,13.920000076293945,13.90999984741211,824200.0,12.409774780273438
2009-02-06,14.970000267028809,13.90999984741211,13.90999984741211,14.5,1098000.0,12.936141967773438
2009-02-09,15.029999732971191,14.220000267028809,14.4399995803833,14.739999771118164,800000.0,13.150256156921387
2009-02-10,14.960000038146973,13.289999961853027,14.600000381469727,13.529999732971191,1166300.0,12.070757865905762
2009-02-11,13.739999771118164,12.949999809265137,13.739999771118164,13.140000343322754,821300.0,11.722818374633789
2009-02-12,13.40999984741211,12.239999771118164,12.920000076293945,13.369999885559082,742500.0,11.92801284790039
2009-02-13,13.899999618530273,13.069999694824219,13.199999809265137,13.40999984741211,645300.0,11.963698387145996
2009-02-17,13.270000457763672,12.520000457763672,13.270000457763672,12.670000076293945,986700.0,11.303512573242188
2009-02-18,13.470000267028809,11.300000190734863,13.0,11.90999984741211,2007700.0,10.62547779083252
2009-02-19,12.239999771118164,10.229999542236328,12.239999771118164,10.260000228881836,1396900.0,9.153433799743652
2009-02-20,10.180000305175781,8.069999694824219,10.069999694824219,8.34000015258789,2938300.0,7.440512657165527
2009-02-23,8.75,7.449999809265137,8.4399995803833,7.489999771118164,1547400.0,6.68218469619751
2009-02-24,8.930000305175781,7.409999847412109,7.550000190734863,8.829999923706055,2127400.0,7.877664566040039
2009-02-25,9.170000076293945,8.5,8.819999694824219,8.9399995803833,1749900.0,7.975801467895508
2009-02-26,9.329999923706055,8.640000343322754,8.890000343322754,8.710000038146973,1099700.0,7.770605564117432
2009-02-27,8.819999694824219,8.25,8.520000457763672,8.350000381469727,672700.0,7.449432373046875
2009-03-02,8.270000457763672,7.539999961853027,8.15999984741211,7.570000171661377,872300.0,6.7535576820373535
2009-03-03,7.949999809265137,6.860000133514404,7.659999847412109,7.21999979019165,2012700.0,6.441305637359619
2009-03-04,7.75,6.869999885559082,7.53000020980835,7.21999979019165,1534100.0,6.441305637359619
2009-03-05,7.150000095367432,6.53000020980835,7.139999866485596,6.590000152587891,949600.0,5.8792524337768555
2009-03-06,6.599999904632568,5.159999847412109,6.590000152587891,5.329999923706055,2779200.0,4.755146503448486
2009-03-09,5.71999979019165,5.079999923706055,5.329999923706055,5.340000152587891,1237700.0,4.764068126678467
2009-03-10,6.360000133514404,5.420000076293945,5.46999979019165,6.320000171661377,1235500.0,5.638372898101807
2009-03-11,6.630000114440918,6.28000020980835,6.449999809265137,6.449999809265137,766500.0,5.754352569580078
2009-03-12,7.210000038146973,6.199999809265137,6.329999923706055,7.079999923706055,1134800.0,6.316404342651367
2009-03-13,7.300000190734863,6.909999847412109,7.230000019073486,6.989999771118164,811400.0,6.236111640930176
2009-03-16,7.400000095367432,7.0,7.139999866485596,7.199999809265137,896600.0,6.423462390899658
2009-03-17,7.610000133514404,7.0,7.150000095367432,7.559999942779541,933400.0,6.744635105133057
2009-03-18,9.0,7.110000133514404,7.639999866485596,8.260000228881836,1254800.0,7.369139194488525
2009-03-19,8.75,8.25,8.550000190734863,8.6899995803833,1470300.0,7.752761363983154
2009-03-20,8.739999771118164,7.840000152587891,8.739999771118164,8.510000228881836,2455000.0,7.5921759605407715
2009-03-23,9.920000076293945,8.670000076293945,8.880000114440918,9.859999656677246,1521100.0,8.796574592590332
2009-03-24,10.109999656677246,9.3100004196167,9.670000076293945,9.489999771118164,1004100.0,8.466482162475586
2009-03-25,10.640000343322754,8.880000114440918,9.6899995803833,9.59000015258789,1349000.0,8.555695533752441
2009-03-26,10.380000114440918,9.520000457763672,9.729999542236328,10.229999542236328,1249800.0,9.126665115356445
2009-03-27,10.270000457763672,9.34000015258789,9.819999694824219,9.850000381469727,810500.0,8.787652969360352
2009-03-30,9.670000076293945,8.449999809265137,9.670000076293945,8.960000038146973,960700.0,7.993639945983887
2009-03-31,9.239999771118164,8.5,9.0,9.039999961853027,827300.0,8.06501293182373
2009-04-01,9.699999809265137,8.609999656677246,8.890000343322754,9.680000305175781,763700.0,8.635988235473633
2009-04-02,10.800000190734863,9.859999656677246,9.859999656677246,10.25,1257900.0,9.144512176513672
2009-04-03,10.850000381469727,9.760000228881836,10.15999984741211,10.649999618530273,774200.0,9.501372337341309
2009-04-06,11.039999961853027,10.380000114440918,10.489999771118164,10.979999542236328,674500.0,9.795781135559082
2009-04-07,10.760000228881836,10.09000015258789,10.760000228881836,10.260000228881836,555500.0,9.153433799743652
2009-04-08,10.619999885559082,9.859999656677246,10.34000015258789,10.380000114440918,567600.0,9.260494232177734
2009-04-09,11.609999656677246,10.579999923706055,10.760000228881836,11.609999656677246,685200.0,10.357831001281738
2009-04-13,11.670000076293945,11.130000114440918,11.369999885559082,11.619999885559082,500600.0,10.366753578186035
2009-04-14,11.84000015258789,10.829999923706055,11.510000228881836,11.109999656677246,958800.0,9.911758422851562
2009-04-15,13.789999961853027,11.029999732971191,11.210000038146973,13.479999542236328,3011400.0,12.026147842407227
2009-04-16,15.449999809265137,13.100000381469727,13.100000381469727,15.09000015258789,2130300.0,13.462509155273438
2009-04-17,15.920000076293945,14.930000305175781,15.029999732971191,15.729999542236328,1366700.0,14.033480644226074
2009-04-20,15.680000305175781,13.850000381469727,15.369999885559082,13.890000343322754,1745000.0,12.391932487487793
2009-04-21,15.380000114440918,13.630000114440918,13.84000015258789,15.279999732971191,1615400.0,13.632015228271484
2009-04-22,16.65999984741211,14.850000381469727,15.0,16.010000228881836,1471500.0,14.283283233642578
2009-04-23,16.110000610351562,14.649999618530273,15.770000457763672,15.229999542236328,1558000.0,13.587408065795898
2009-04-24,17.059999465942383,14.859999656677246,15.670000076293945,16.520000457763672,1541900.0,14.73827838897705
2009-04-27,17.489999771118164,16.010000228881836,16.040000915527344,16.6200008392334,1380100.0,14.827491760253906
2009-04-28,17.860000610351562,16.0,16.350000381469727,17.440000534057617,1336600.0,15.559051513671875
2009-04-29,18.469999313354492,17.200000762939453,17.6200008392334,17.780000686645508,1721900.0,15.862382888793945
2009-04-30,19.75,17.780000686645508,18.479999542236328,17.899999618530273,1869500.0,15.969442367553711
2009-05-01,18.719999313354492,17.40999984741211,18.030000686645508,18.1299991607666,1624500.0,16.174633026123047
2009-05-04,20.149999618530273,18.200000762939453,18.670000076293945,19.520000457763672,2483800.0,17.41472625732422
2009-05-05,20.010000228881836,18.56999969482422,19.020000457763672,19.84000015258789,1467200.0,17.700206756591797
2009-05-06,20.729999542236328,17.700000762939453,20.25,18.469999313354492,2666300.0,16.477962493896484
2009-05-07,18.959999084472656,16.049999237060547,18.520000457763672,16.110000610351562,2195800.0,14.372498512268066
2009-05-08,17.110000610351562,15.420000076293945,16.850000381469727,16.299999237060547,2170700.0,14.542004585266113
2009-05-11,16.399999618530273,15.0,15.859999656677246,15.579999923706055,1661300.0,13.899658203125
2009-05-12,15.890000343322754,14.600000381469727,15.779999732971191,15.0,1818200.0,13.38221549987793
2009-05-13,14.619999885559082,13.4399995803833,14.619999885559082,13.470000267028809,1459600.0,12.017228126525879
2009-05-14,14.109999656677246,12.880000114440918,13.40999984741211,13.850000381469727,1141000.0,12.356244087219238
2009-05-15,14.539999961853027,13.449999809265137,13.859999656677246,13.720000267028809,872800.0,12.240262985229492
2009-05-18,14.890000343322754,13.989999771118164,14.149999618530273,14.779999732971191,829500.0,13.185938835144043
2009-05-19,15.100000381469727,14.180000305175781,14.899999618530273,14.229999542236328,1367100.0,12.695260047912598
2009-05-20,14.75,13.800000190734863,14.489999771118164,13.880000114440918,969400.0,12.383008003234863
2009-05-21,13.989999771118164,13.25,13.779999732971191,13.819999694824219,1120800.0,12.329480171203613
2009-05-22,14.149999618530273,13.039999961853027,14.0,13.779999732971191,1012700.0,12.293790817260742
2009-05-26,14.6899995803833,13.680000305175781,13.789999961853027,14.5,2500400.0,12.936141967773438
2009-05-27,14.90999984741211,13.619999885559082,14.630000114440918,13.710000038146973,1150300.0,12.231340408325195
2009-05-28,14.0600004196167,12.65999984741211,13.949999809265137,13.470000267028809,2446200.0,12.017228126525879
2009-05-29,14.4399995803833,13.390000343322754,13.390000343322754,13.930000305175781,2030400.0,12.427618026733398
2009-06-01,15.0,13.949999809265137,14.260000228881836,14.5,4550500.0,12.936141967773438
2009-06-02,14.970000267028809,14.210000038146973,14.569999694824219,14.449999809265137,2008700.0,12.891534805297852
2009-06-03,14.449999809265137,13.460000038146973,14.25,13.800000190734863,2528600.0,12.311635971069336
2009-06-04,14.050000190734863,13.619999885559082,13.880000114440918,14.020000457763672,721000.0,12.507908821105957
2009-06-05,14.279999732971191,13.149999618530273,14.199999809265137,13.359999656677246,1218000.0,11.91909408569336
2009-06-08,13.489999771118164,12.789999961853027,13.489999771118164,13.180000305175781,1570400.0,11.758504867553711
2009-06-09,13.600000381469727,13.029999732971191,13.239999771118164,13.5,1258000.0,12.043990135192871
2009-06-10,13.819999694824219,12.510000228881836,13.680000305175781,12.899999618530273,1497800.0,11.508705139160156
2009-06-11,13.0,12.079999923706055,13.0,12.170000076293945,2090400.0,10.857436180114746
2009-06-12,12.119999885559082,11.600000381469727,12.119999885559082,11.9399995803833,1403100.0,10.652241706848145
2009-06-15,11.8100004196167,10.739999771118164,11.8100004196167,10.960000038146973,1747900.0,9.777938842773438
2009-06-16,11.680000305175781,10.729999542236328,11.199999809265137,10.979999542236328,2326500.0,9.795781135559082
2009-06-17,11.329999923706055,10.529999732971191,10.979999542236328,11.130000114440918,1624400.0,9.929600715637207
2009-06-18,11.25,10.789999961853027,11.100000381469727,11.039999961853027,1230500.0,9.849310874938965
2009-06-19,11.5600004196167,11.050000190734863,11.199999809265137,11.220000267028809,2905700.0,10.009897232055664
2009-06-22,10.970000267028809,10.5,10.9399995803833,10.550000190734863,1474900.0,9.412155151367188
2009-06-23,11.920000076293945,10.600000381469727,10.710000038146973,11.760000228881836,3233100.0,10.491654396057129
2009-06-24,12.770000457763672,11.729999542236328,11.819999694824219,12.5,3377700.0,11.151844024658203
2009-06-25,13.130000114440918,11.770000457763672,12.260000228881836,12.960000038146973,2500100.0,11.562233924865723
2009-06-26,13.039999961853027,12.170000076293945,12.65999984741211,12.170000076293945,3397700.0,10.857436180114746
2009-06-29,12.789999961853027,12.260000228881836,12.460000038146973,12.699999809265137,1942100.0,11.330272674560547
2009-06-30,13.0,12.609999656677246,12.729999542236328,12.779999732971191,1822800.0,11.401649475097656
2009-07-01,13.0,12.6899995803833,12.890000343322754,12.75,840100.0,11.374881744384766
2009-07-02,12.4399995803833,12.100000381469727,12.399999618530273,12.25,993000.0,10.92880916595459
2009-07-06,12.199999809265137,11.770000457763672,12.119999885559082,12.140000343322754,933700.0,10.830674171447754
2009-07-07,12.430000305175781,11.859999656677246,12.199999809265137,11.949999809265137,1374700.0,10.661161422729492
2009-07-08,12.279999732971191,11.739999771118164,11.949999809265137,12.09000015258789,1121400.0,10.786066055297852
2009-07-09,12.630000114440918,11.9399995803833,12.25,12.59000015258789,1196600.0,11.232137680053711
2009-07-10,12.720000267028809,12.289999961853027,12.399999618530273,12.65999984741211,1100600.0,11.294589042663574
2009-07-13,12.920000076293945,12.1899995803833,12.680000305175781,12.90999984741211,1232700.0,11.517624855041504
2009-07-14,14.220000267028809,13.199999809265137,13.199999809265137,14.069999694824219,2826000.0,12.552515029907227
2009-07-15,14.979999542236328,14.180000305175781,14.180000305175781,14.890000343322754,1453300.0,13.284077644348145
2009-07-16,15.460000038146973,14.8100004196167,14.930000305175781,15.369999885559082,877500.0,13.71230697631836
2009-07-17,15.779999732971191,15.140000343322754,15.25,15.380000114440918,648000.0,13.721230506896973
2009-07-20,16.18000030517578,15.229999542236328,15.430000305175781,15.970000267028809,1043700.0,14.247597694396973
2009-07-21,16.65999984741211,15.739999771118164,16.079999923706055,15.890000343322754,1064500.0,14.176224708557129
2009-07-22,16.600000381469727,15.739999771118164,15.739999771118164,16.239999771118164,758000.0,14.488476753234863
2009-07-23,17.639999389648438,16.25,16.329999923706055,17.239999771118164,2177200.0,15.38062572479248
2009-07-24,17.530000686645508,16.610000610351562,17.0,17.329999923706055,943400.0,15.460918426513672
2009-07-27,17.950000762939453,16.829999923706055,17.530000686645508,17.59000015258789,871800.0,15.692874908447266
2009-07-28,18.079999923706055,17.209999084472656,17.59000015258789,17.3700008392334,1449700.0,15.496603965759277
2009-07-29,17.639999389648438,16.690000534057617,17.309999465942383,17.15999984741211,637900.0,15.309249877929688
2009-07-30,18.3799991607666,17.360000610351562,17.469999313354492,18.010000228881836,945100.0,16.06757354736328
2009-07-31,18.68000030517578,17.889999389648438,17.889999389648438,18.3799991607666,702500.0,16.397674560546875
2009-08-03,19.489999771118164,18.540000915527344,18.649999618530273,19.489999771118164,1134100.0,17.387954711914062
2009-08-04,19.790000915527344,18.90999984741211,19.389999389648438,19.239999771118164,1692600.0,17.1649227142334
2009-08-05,21.93000030517578,19.290000915527344,19.690000534057617,21.280000686645508,3882500.0,18.98489761352539
2009-08-06,21.520000457763672,19.850000381469727,21.360000610351562,20.34000015258789,2222000.0,18.146286010742188
2009-08-07,21.420000076293945,20.15999984741211,20.780000686645508,20.860000610351562,1834300.0,18.610197067260742
2009-08-10,20.90999984741211,20.06999969482422,20.75,20.350000381469727,884300.0,18.155208587646484
2009-08-11,20.350000381469727,19.540000915527344,20.229999542236328,19.690000534057617,1127500.0,17.56638526916504
2009-08-12,21.1200008392334,19.649999618530273,19.65999984741211,20.829999923706055,1593600.0,18.58343505859375
2009-08-13,21.040000915527344,20.329999923706055,20.729999542236328,20.950000762939453,1355300.0,18.690494537353516
2009-08-14,21.079999923706055,20.43000030517578,21.079999923706055,21.0,975200.0,18.73509979248047
2009-08-17,20.170000076293945,19.020000457763672,19.93000030517578,19.690000534057617,1084600.0,17.56638526916504
2009-08-18,20.940000534057617,19.56999969482422,19.56999969482422,20.670000076293945,1127500.0,18.440689086914062
2009-08-19,20.850000381469727,19.889999389648438,20.200000762939453,20.420000076293945,836200.0,18.217655181884766
2009-08-20,21.229999542236328,20.229999542236328,20.420000076293945,20.690000534057617,981300.0,18.458528518676758
2009-08-21,22.290000915527344,20.739999771118164,20.899999618530273,22.149999618530273,1626700.0,19.76106834411621
2009-08-24,23.0,22.170000076293945,22.3799991607666,22.75,1437700.0,20.29636001586914
2009-08-25,24.40999984741211,22.739999771118164,22.739999771118164,23.170000076293945,9614400.0,20.67105484008789
2009-08-26,23.530000686645508,22.829999923706055,23.139999389648438,22.979999542236328,5022400.0,20.50155258178711
2009-08-27,23.18000030517578,21.809999465942383,23.049999237060547,22.549999237060547,2436000.0,20.11793327331543
2009-08-28,23.139999389648438,22.09000015258789,22.649999618530273,22.760000228881836,1485700.0,20.30527687072754
2009-08-31,22.68000030517578,22.0,22.68000030517578,22.34000015258789,1235100.0,19.93057632446289
2009-09-01,23.18000030517578,21.020000457763672,22.149999618530273,21.149999618530273,1703900.0,18.868921279907227
2009-09-02,21.530000686645508,20.579999923706055,21.100000381469727,20.6200008392334,1524400.0,18.39608383178711
2009-09-03,21.0,20.360000610351562,20.84000015258789,20.709999084472656,968700.0,18.476375579833984
2009-09-04,22.0,20.729999542236328,20.969999313354492,21.81999969482422,1202200.0,19.466663360595703
2009-09-08,22.729999542236328,21.969999313354492,22.200000762939453,22.360000610351562,1186600.0,19.94841957092285
2009-09-09,23.229999542236328,21.920000076293945,22.420000076293945,22.920000076293945,1083400.0,20.44802474975586
2009-09-10,23.860000610351562,22.6299991607666,22.860000610351562,23.540000915527344,1126900.0,21.00115203857422
2009-09-11,24.510000228881836,23.530000686645508,24.0,24.219999313354492,1889100.0,21.607812881469727
2009-09-14,24.43000030517578,23.520000457763672,24.059999465942383,23.649999618530273,1299700.0,21.099287033081055
2009-09-15,24.219999313354492,23.510000228881836,23.520000457763672,23.959999084472656,1283500.0,21.375858306884766
2009-09-16,25.5,24.139999389648438,24.190000534057617,25.489999771118164,2119200.0,22.740840911865234
2009-09-17,26.260000228881836,23.959999084472656,25.31999969482422,23.979999542236328,2728500.0,21.393695831298828
2009-09-18,24.200000762939453,23.309999465942383,23.889999389648438,23.440000534057617,3641600.0,20.911941528320312
2009-09-21,23.579999923706055,22.8700008392334,23.139999389648438,22.950000762939453,1238400.0,20.47478675842285
2009-09-22,23.799999237060547,23.200000762939453,23.239999771118164,23.559999465942383,1937200.0,21.01899528503418
2009-09-23,23.8799991607666,23.079999923706055,23.5,23.25,2558700.0,20.742431640625
2009-09-24,23.68000030517578,21.790000915527344,23.309999465942383,21.969999313354492,2411700.0,19.600482940673828
2009-09-25,22.270000457763672,21.3799991607666,21.469999313354492,21.479999542236328,1486600.0,19.163333892822266
2009-09-28,22.520000457763672,21.43000030517578,21.600000381469727,21.90999984741211,1107500.0,19.546951293945312
2009-09-29,22.790000915527344,22.059999465942383,22.139999389648438,22.350000381469727,1366700.0,19.939496994018555
2009-09-30,22.84000015258789,21.700000762939453,22.6299991607666,22.450000762939453,1976600.0,20.028711318969727
2009-10-01,22.600000381469727,21.06999969482422,22.450000762939453,21.229999542236328,1998600.0,18.940292358398438
2009-10-02,21.059999465942383,20.09000015258789,20.780000686645508,20.540000915527344,3102600.0,18.324708938598633
2009-10-05,21.649999618530273,20.610000610351562,20.610000610351562,21.530000686645508,1614300.0,19.207937240600586
2009-10-06,22.860000610351562,21.700000762939453,21.959999084472656,22.6299991607666,2214100.0,20.189294815063477
2009-10-07,23.440000534057617,22.65999984741211,22.739999771118164,23.239999771118164,2385700.0,20.73350715637207
2009-10-08,24.420000076293945,23.520000457763672,23.799999237060547,23.6200008392334,1629700.0,21.072528839111328
2009-10-09,23.979999542236328,23.18000030517578,23.59000015258789,23.520000457763672,1050100.0,20.983308792114258
2009-10-12,23.940000534057617,23.229999542236328,23.940000534057617,23.510000228881836,975400.0,20.974395751953125
2009-10-13,23.889999389648438,23.110000610351562,23.549999237060547,23.75,900900.0,21.188501358032227
2009-10-14,24.799999237060547,24.06999969482422,24.25,24.790000915527344,1551400.0,22.116336822509766
2009-10-15,25.299999237060547,24.540000915527344,24.540000915527344,25.219999313354492,1648300.0,22.499963760375977
2009-10-16,25.030000686645508,24.549999237060547,24.969999313354492,24.969999313354492,2010100.0,22.276926040649414
2009-10-19,25.559999465942383,24.700000762939453,25.06999969482422,25.030000686645508,1235000.0,22.330455780029297
2009-10-20,25.09000015258789,24.040000915527344,25.049999237060547,24.299999237060547,2311900.0,21.679187774658203
2009-10-21,24.700000762939453,23.1200008392334,24.059999465942383,23.219999313354492,1647900.0,20.715662002563477
2009-10-22,24.280000686645508,22.690000534057617,23.209999084472656,23.8799991607666,1524500.0,21.30448341369629
2009-10-23,24.299999237060547,22.690000534057617,23.950000762939453,23.18000030517578,1131600.0,20.679981231689453
2009-10-26,23.84000015258789,22.270000457763672,23.290000915527344,22.3700008392334,1619800.0,19.957340240478516
2009-10-27,22.739999771118164,21.760000228881836,22.389999389648438,22.219999313354492,1924500.0,19.823516845703125
2009-10-28,24.15999984741211,21.329999923706055,22.920000076293945,21.729999542236328,3008000.0,19.386367797851562
2009-10-29,23.719999313354492,22.329999923706055,22.329999923706055,23.239999771118164,2703900.0,20.73350715637207
2009-10-30,23.260000228881836,21.799999237060547,22.989999771118164,22.110000610351562,1687700.0,19.725379943847656
2009-11-02,23.0,20.850000381469727,22.389999389648438,21.639999389648438,3660400.0,19.306072235107422
2009-11-03,22.829999923706055,20.979999542236328,21.329999923706055,22.6200008392334,1925500.0,20.180376052856445
2009-11-04,23.479999542236328,22.270000457763672,22.739999771118164,22.31999969482422,1709500.0,19.912736892700195
2009-11-05,23.5,22.469999313354492,22.649999618530273,22.959999084472656,1401800.0,20.48370933532715
2009-11-06,23.93000030517578,22.469999313354492,22.670000076293945,23.549999237060547,1627600.0,21.010082244873047
2009-11-09,24.459999084472656,23.780000686645508,24.040000915527344,24.09000015258789,1162200.0,21.49183464050293
2009-11-10,24.6299991607666,23.690000534057617,23.969999313354492,24.25,860700.0,21.634578704833984
2009-11-11,25.049999237060547,24.25,24.440000534057617,24.260000228881836,1079600.0,21.643503189086914
2009-11-12,24.579999923706055,23.649999618530273,24.190000534057617,23.850000381469727,1163400.0,21.277721405029297
2009-11-13,24.260000228881836,23.309999465942383,23.889999389648438,23.829999923706055,1133900.0,21.259878158569336
2009-11-16,24.5,23.940000534057617,24.0,24.450000762939453,1159800.0,21.81300926208496
2009-11-17,24.440000534057617,23.920000076293945,24.350000381469727,24.100000381469727,1584500.0,21.50075912475586
2009-11-18,24.649999618530273,23.899999618530273,23.90999984741211,24.579999923706055,1155700.0,21.92898178100586
2009-11-19,24.899999618530273,24.280000686645508,24.420000076293945,24.469999313354492,1279200.0,21.830854415893555
2009-11-20,24.31999969482422,23.780000686645508,24.15999984741211,24.040000915527344,695100.0,21.447227478027344
2009-11-23,24.989999771118164,24.049999237060547,24.479999542236328,24.200000762939453,1051900.0,21.58997344970703
2009-11-24,24.350000381469727,23.6200008392334,24.350000381469727,24.030000686645508,464700.0,21.43830680847168
2009-11-25,24.280000686645508,23.59000015258789,24.010000228881836,24.280000686645508,428800.0,21.661348342895508
2009-11-27,23.950000762939453,22.93000030517578,23.440000534057617,23.450000762939453,580500.0,20.92086410522461
2009-11-30,23.989999771118164,23.25,23.520000457763672,23.6299991607666,833900.0,21.081439971923828
2009-12-01,25.049999237060547,23.850000381469727,23.850000381469727,25.010000228881836,1630000.0,22.312606811523438
2009-12-02,25.829999923706055,25.040000915527344,25.040000915527344,25.530000686645508,1980100.0,22.776531219482422
2009-12-03,25.850000381469727,25.020000457763672,25.790000915527344,25.100000381469727,910800.0,22.392908096313477
2009-12-04,25.780000686645508,25.100000381469727,25.440000534057617,25.469999313354492,1059700.0,22.722999572753906
2009-12-07,25.59000015258789,24.940000534057617,25.440000534057617,25.010000228881836,598400.0,22.312606811523438
2009-12-08,24.799999237060547,24.229999542236328,24.639999389648438,24.559999465942383,986200.0,21.91114044189453
2009-12-09,25.0,24.149999618530273,24.56999969482422,24.770000457763672,1158600.0,22.098493576049805
2009-12-10,25.010000228881836,24.290000915527344,25.010000228881836,24.3799991607666,655600.0,21.750560760498047
2009-12-11,24.850000381469727,24.34000015258789,24.610000610351562,24.75,807500.0,22.08064842224121
2009-12-14,25.3700008392334,24.649999618530273,24.8799991607666,25.360000610351562,379700.0,22.624862670898438
2009-12-15,25.75,25.1299991607666,25.31999969482422,25.530000686645508,1219900.0,22.776531219482422
2009-12-16,26.700000762939453,25.5,25.81999969482422,26.489999771118164,1897500.0,23.632991790771484
2009-12-17,26.280000686645508,25.299999237060547,25.790000915527344,26.209999084472656,1513200.0,23.383188247680664
2009-12-18,26.600000381469727,25.940000534057617,26.290000915527344,26.59000015258789,1254700.0,23.722204208374023
2009-12-21,26.790000915527344,25.979999542236328,26.6299991607666,26.290000915527344,950700.0,23.45456314086914
2009-12-22,26.5,26.049999237060547,26.290000915527344,26.459999084472656,616700.0,23.606224060058594
2009-12-23,26.799999237060547,26.25,26.5,26.5,671100.0,23.64191246032715
2009-12-24,26.790000915527344,26.479999542236328,26.530000686645508,26.559999465942383,151100.0,23.6954402923584
2009-12-28,26.709999084472656,26.030000686645508,26.610000610351562,26.139999389648438,273100.0,23.320737838745117
2009-12-29,26.360000610351562,26.040000915527344,26.209999084472656,26.1299991607666,304100.0,23.311817169189453
2009-12-30,26.440000534057617,25.8700008392334,26.059999465942383,25.959999084472656,496500.0,23.160146713256836
2009-12-31,26.049999237060547,25.610000610351562,26.049999237060547,25.639999389648438,201500.0,22.874662399291992
2010-01-04,26.110000610351562,25.760000228881836,25.790000915527344,26.010000228881836,758400.0,23.204761505126953
2010-01-05,26.139999389648438,25.489999771118164,26.010000228881836,26.110000610351562,698900.0,23.29397201538086
2010-01-06,26.360000610351562,25.889999389648438,26.010000228881836,25.959999084472656,546200.0,23.160146713256836
2010-01-07,26.829999923706055,26.030000686645508,26.030000686645508,26.399999618530273,653600.0,23.552698135375977
2010-01-08,26.600000381469727,26.1299991607666,26.170000076293945,26.3700008392334,454600.0,23.52593231201172
2010-01-11,26.600000381469727,26.139999389648438,26.600000381469727,26.350000381469727,377400.0,23.508085250854492
2010-01-12,26.139999389648438,25.600000381469727,26.139999389648438,25.670000076293945,520500.0,22.901430130004883
2010-01-13,25.81999969482422,25.31999969482422,25.719999313354492,25.709999084472656,399300.0,22.93711280822754
2010-01-14,25.709999084472656,25.25,25.520000457763672,25.559999465942383,686000.0,22.803298950195312
2010-01-15,25.719999313354492,24.950000762939453,25.34000015258789,25.239999771118164,828600.0,22.517805099487305
2010-01-19,25.610000610351562,25.030000686645508,25.110000610351562,25.549999237060547,394200.0,22.794368743896484
2010-01-20,25.469999313354492,24.969999313354492,25.399999618530273,25.200000762939453,399300.0,22.482120513916016
2010-01-21,25.290000915527344,24.329999923706055,25.229999542236328,24.350000381469727,1095300.0,21.723793029785156
2010-01-22,24.40999984741211,22.84000015258789,24.40999984741211,22.979999542236328,995000.0,20.50155258178711
2010-01-25,23.530000686645508,22.559999465942383,23.299999237060547,23.299999237060547,616700.0,20.787036895751953
2010-01-26,24.520000457763672,23.299999237060547,23.3700008392334,24.309999465942383,1141400.0,21.688106536865234
2010-01-27,25.5,23.799999237060547,24.229999542236328,25.260000228881836,1382200.0,22.535646438598633
2010-01-28,26.469999313354492,24.920000076293945,25.260000228881836,25.610000610351562,1910200.0,22.847902297973633
2010-01-29,26.260000228881836,25.530000686645508,25.81999969482422,25.729999542236328,1049300.0,22.954959869384766
2010-02-01,26.270000457763672,25.450000762939453,25.979999542236328,25.790000915527344,524500.0,23.00849151611328
2010-02-02,26.420000076293945,25.809999465942383,26.0,26.329999923706055,727100.0,23.490245819091797
2010-02-03,26.209999084472656,25.299999237060547,26.1299991607666,25.450000762939453,630600.0,22.705156326293945
2010-02-04,25.149999618530273,23.899999618530273,25.049999237060547,23.93000030517578,1012200.0,21.349096298217773
2010-02-05,24.010000228881836,22.8799991607666,23.809999465942383,23.81999969482422,1407100.0,21.25095558166504
2010-02-08,24.5,23.450000762939453,23.899999618530273,23.809999465942383,984200.0,21.242029190063477
2010-02-09,24.780000686645508,23.790000915527344,24.059999465942383,24.59000015258789,865300.0,21.937904357910156
2010-02-10,24.790000915527344,23.600000381469727,24.3799991607666,24.700000762939453,897500.0,22.036043167114258
2010-02-11,25.420000076293945,24.280000686645508,24.68000030517578,25.18000030517578,1337000.0,22.464275360107422
2010-02-12,25.309999465942383,24.389999389648438,24.93000030517578,25.260000228881836,710500.0,22.535646438598633
2010-02-16,26.399999618530273,25.850000381469727,26.209999084472656,26.389999389648438,1444100.0,23.543771743774414
2010-02-17,25.75,24.309999465942383,25.420000076293945,24.450000762939453,3042800.0,21.81300926208496
2010-02-18,25.34000015258789,24.510000228881836,24.690000534057617,24.809999465942383,1705600.0,22.13417625427246
2010-02-19,25.270000457763672,24.579999923706055,24.780000686645508,25.219999313354492,1737400.0,22.499963760375977
2010-02-22,24.8799991607666,24.190000534057617,24.329999923706055,24.850000381469727,1104500.0,22.16986656188965
2010-02-23,24.81999969482422,23.969999313354492,24.65999984741211,24.030000686645508,1224700.0,21.43830680847168
2010-02-24,24.31999969482422,23.459999084472656,24.100000381469727,24.170000076293945,993500.0,21.56320571899414
2010-02-25,23.739999771118164,23.0,23.43000030517578,23.299999237060547,12013400.0,20.787036895751953
2010-02-26,23.829999923706055,23.200000762939453,23.309999465942383,23.530000686645508,3454800.0,20.99223518371582
2010-03-01,24.260000228881836,23.649999618530273,23.649999618530273,24.260000228881836,1783700.0,21.643503189086914
2010-03-02,24.450000762939453,24.170000076293945,24.350000381469727,24.299999237060547,1729700.0,21.679187774658203
2010-03-03,24.520000457763672,24.020000457763672,24.260000228881836,24.170000076293945,1191200.0,21.56320571899414
2010-03-04,24.5,24.049999237060547,24.170000076293945,24.360000610351562,763100.0,21.732717514038086
2010-03-05,24.739999771118164,24.25,24.5,24.649999618530273,888400.0,21.991439819335938
2010-03-08,24.799999237060547,24.360000610351562,24.709999084472656,24.770000457763672,790500.0,22.098493576049805
2010-03-09,24.920000076293945,24.3700008392334,24.6200008392334,24.700000762939453,1212500.0,22.036043167114258
2010-03-10,25.020000457763672,24.459999084472656,24.729999542236328,24.81999969482422,674200.0,22.14310073852539
2010-03-11,25.100000381469727,24.540000915527344,24.780000686645508,24.90999984741211,670300.0,22.22339630126953
2010-03-12,24.979999542236328,24.59000015258789,24.979999542236328,24.799999237060547,771200.0,22.12525749206543
2010-03-15,24.899999618530273,24.299999237060547,24.68000030517578,24.6299991607666,1010000.0,21.97359275817871
2010-03-16,24.760000228881836,24.399999618530273,24.559999465942383,24.709999084472656,973000.0,22.04496955871582
2010-03-17,24.889999389648438,24.600000381469727,24.739999771118164,24.719999313354492,1765600.0,22.05388641357422
2010-03-18,24.770000457763672,24.09000015258789,24.770000457763672,24.309999465942383,969400.0,21.688106536865234
2010-03-19,24.559999465942383,23.6200008392334,23.700000762939453,23.700000762939453,2214000.0,21.143901824951172
2010-03-22,23.8799991607666,23.34000015258789,23.489999771118164,23.790000915527344,1636200.0,21.224191665649414
2010-03-23,24.520000457763672,23.6200008392334,23.75,24.5,1346600.0,21.85761833190918
2010-03-24,24.600000381469727,23.829999923706055,24.43000030517578,24.100000381469727,707900.0,21.50075912475586
2010-03-25,24.3799991607666,23.68000030517578,24.260000228881836,23.719999313354492,663000.0,21.161739349365234
2010-03-26,24.09000015258789,23.690000534057617,23.729999542236328,23.899999618530273,947800.0,21.322322845458984
2010-03-29,24.6200008392334,24.010000228881836,24.170000076293945,24.469999313354492,1121400.0,21.830854415893555
2010-03-30,25.729999542236328,24.459999084472656,24.459999084472656,25.360000610351562,1861900.0,22.624862670898438
2010-03-31,25.760000228881836,25.1200008392334,25.329999923706055,25.440000534057617,1145700.0,22.69623374938965
2010-04-01,26.209999084472656,25.59000015258789,25.700000762939453,26.18000030517578,1579200.0,23.356426239013672
2010-04-05,26.809999465942383,26.149999618530273,26.200000762939453,26.5,1113700.0,23.64191246032715
2010-04-06,26.709999084472656,26.079999923706055,26.31999969482422,26.610000610351562,1089400.0,23.740049362182617
2010-04-07,27.100000381469727,26.530000686645508,26.610000610351562,26.760000228881836,1648200.0,23.873868942260742
2010-04-08,26.950000762939453,26.1299991607666,26.610000610351562,26.780000686645508,1373400.0,23.891714096069336
2010-04-09,27.149999618530273,26.489999771118164,26.809999465942383,27.149999618530273,1399200.0,24.2218074798584
2010-04-12,28.030000686645508,26.979999542236328,27.149999618530273,27.729999542236328,1454300.0,24.7392520904541
2010-04-13,28.110000610351562,27.649999618530273,27.780000686645508,28.059999465942383,1125100.0,25.03365707397461
2010-04-14,28.889999389648438,28.100000381469727,28.200000762939453,28.770000457763672,1469400.0,25.667085647583008
2010-04-15,28.84000015258789,28.31999969482422,28.790000915527344,28.760000228881836,1723700.0,25.658164978027344
2010-04-16,29.040000915527344,28.290000915527344,28.780000686645508,28.780000686645508,1941600.0,25.67601203918457
2010-04-19,29.170000076293945,28.43000030517578,28.5,28.979999542236328,1288700.0,25.854440689086914
2010-04-20,30.139999389648438,28.950000762939453,29.09000015258789,29.899999618530273,1855200.0,26.675212860107422
2010-04-21,30.040000915527344,29.6200008392334,29.950000762939453,29.799999237060547,2131100.0,26.586002349853516
2010-04-22,30.75,29.09000015258789,29.530000686645508,30.56999969482422,2315800.0,27.272951126098633
2010-04-23,31.610000610351562,30.639999389648438,30.65999984741211,31.469999313354492,2120000.0,28.075885772705078
2010-04-26,32.400001525878906,31.360000610351562,31.3700008392334,31.520000457763672,2532700.0,28.120492935180664
2010-04-27,31.520000457763672,29.709999084472656,31.40999984741211,29.799999237060547,2865900.0,26.586002349853516
2010-04-28,33.939998626708984,31.639999389648438,32.970001220703125,33.209999084472656,6085100.0,29.628231048583984
2010-04-29,35.38999938964844,33.810001373291016,34.189998626708984,34.59000015258789,4220200.0,30.859384536743164
2010-04-30,35.7599983215332,34.529998779296875,34.65999984741211,34.779998779296875,2554600.0,31.028884887695312
2010-05-03,35.900001525878906,34.869998931884766,34.869998931884766,35.869998931884766,2436600.0,32.00133514404297
2010-05-04,35.400001525878906,34.36000061035156,35.400001525878906,34.90999984741211,2928200.0,31.144868850708008
2010-05-05,35.15999984741211,33.38999938964844,34.5,34.90999984741211,2745600.0,31.144868850708008
2010-05-06,35.04999923706055,31.280000686645508,34.619998931884766,33.88999938964844,3241000.0,30.23487663269043
2010-05-07,34.849998474121094,32.0,33.59000015258789,32.5099983215332,4222200.0,29.003713607788086
2010-05-10,35.81999969482422,34.5,34.81999969482422,35.349998474121094,2854600.0,31.53741455078125
2010-05-11,36.0,34.52000045776367,34.81999969482422,35.15999984741211,1445100.0,31.36790657043457
2010-05-12,36.58000183105469,35.20000076293945,35.20000076293945,36.18000030517578,1832800.0,32.27788543701172
2010-05-13,37.36000061035156,35.849998474121094,36.31999969482422,36.04999923706055,1735800.0,32.161922454833984
2010-05-14,35.939998626708984,34.380001068115234,35.63999938964844,34.75,1411800.0,31.002126693725586
2010-05-17,35.279998779296875,32.84000015258789,34.84000015258789,34.310001373291016,2598800.0,30.609577178955078
2010-05-18,35.54999923706055,33.630001068115234,34.869998931884766,33.84000015258789,2152700.0,30.190271377563477
2010-05-19,34.119998931884766,32.060001373291016,33.790000915527344,32.90999984741211,2927000.0,29.360576629638672
2010-05-20,32.04999923706055,30.1200008392334,32.04999923706055,30.299999237060547,4075700.0,27.03207015991211
2010-05-21,31.1299991607666,29.6200008392334,29.739999771118164,30.440000534057617,3748300.0,27.156972885131836
2010-05-24,31.959999084472656,30.059999465942383,30.219999313354492,30.969999313354492,2146500.0,27.62980842590332
2010-05-25,31.719999313354492,29.530000686645508,30.260000228881836,31.530000686645508,2453200.0,28.129413604736328
2010-05-26,33.61000061035156,32.0,32.290000915527344,32.150001525878906,2216200.0,28.68255043029785
2010-05-27,34.36000061035156,32.63999938964844,33.2599983215332,34.310001373291016,1409600.0,30.609577178955078
2010-05-28,34.52000045776367,32.84000015258789,34.52000045776367,33.33000183105469,1564800.0,29.73527717590332
2010-06-01,33.70000076293945,32.66999816894531,32.689998626708984,32.68000030517578,1612700.0,29.155378341674805
2010-06-02,33.65999984741211,32.75,32.75,33.619998931884766,1403100.0,29.994007110595703
2010-06-03,33.97999954223633,33.02000045776367,33.54999923706055,33.790000915527344,1980200.0,30.14566993713379
2010-06-04,33.689998626708984,31.790000915527344,32.83000183105469,32.16999816894531,2799600.0,28.70038414001465
2010-06-07,32.529998779296875,30.65999984741211,32.5,30.739999771118164,2003000.0,27.42461395263672
2010-06-08,31.260000228881836,28.520000457763672,30.90999984741211,29.399999618530273,5594000.0,26.229141235351562
2010-06-09,31.040000915527344,29.489999771118164,30.040000915527344,30.0,3201900.0,26.76443099975586
2010-06-10,31.6200008392334,30.450000762939453,30.6299991607666,31.469999313354492,1643900.0,28.075885772705078
2010-06-11,32.529998779296875,30.729999542236328,30.8700008392334,32.4900016784668,1708100.0,28.985877990722656
2010-06-14,33.529998779296875,32.4900016784668,33.29999923706055,32.70000076293945,1731100.0,29.17322540283203
2010-06-15,34.189998626708984,32.97999954223633,33.029998779296875,34.06999969482422,2605500.0,30.39546012878418
2010-06-16,34.54999923706055,33.540000915527344,33.7599983215332,34.029998779296875,2273600.0,30.359779357910156
2010-06-17,34.310001373291016,32.9900016784668,34.279998779296875,33.34000015258789,1494000.0,29.744199752807617
2010-06-18,33.70000076293945,32.939998626708984,33.34000015258789,33.099998474121094,1582200.0,29.530086517333984
2010-06-21,34.0,33.16999816894531,33.720001220703125,33.369998931884766,1665000.0,29.77096176147461
2010-06-22,34.13999938964844,32.599998474121094,33.540000915527344,32.77000045776367,1924700.0,29.23567771911621
2010-06-23,32.91999816894531,31.3700008392334,32.63999938964844,32.04999923706055,2344400.0,28.59332847595215
2010-06-24,32.25,31.0,31.799999237060547,31.549999237060547,2353400.0,28.147253036499023
2010-06-25,32.31999969482422,31.399999618530273,31.56999969482422,32.279998779296875,2321200.0,28.798519134521484
2010-06-28,32.52000045776367,31.6200008392334,32.380001068115234,32.25,1030000.0,28.771764755249023
2010-06-29,31.760000228881836,30.790000915527344,31.75,31.420000076293945,3594700.0,28.03127670288086
2010-06-30,31.209999084472656,29.639999389648438,31.1200008392334,29.90999984741211,2826700.0,26.68413543701172
2010-07-01,30.0,27.899999618530273,30.0,28.280000686645508,5027200.0,25.22993278503418
2010-07-02,28.59000015258789,27.329999923706055,28.59000015258789,28.100000381469727,2061100.0,25.069347381591797
2010-07-06,28.860000610351562,27.3799991607666,28.450000762939453,27.690000534057617,3409400.0,24.70356559753418
2010-07-07,28.59000015258789,27.15999984741211,27.940000534057617,28.59000015258789,2370200.0,25.506498336791992
2010-07-08,29.25,28.549999237060547,28.969999313354492,29.149999618530273,1999600.0,26.0060977935791
2010-07-09,29.780000686645508,29.030000686645508,29.079999923706055,29.690000534057617,826800.0,26.487865447998047
2010-07-12,29.709999084472656,28.690000534057617,29.489999771118164,28.850000381469727,882700.0,25.73845672607422
2010-07-13,30.270000457763672,29.059999465942383,29.280000686645508,30.079999923706055,1161200.0,26.835796356201172
2010-07-14,30.15999984741211,29.329999923706055,29.84000015258789,29.950000762939453,845900.0,26.71982192993164
2010-07-15,30.09000015258789,29.3799991607666,30.010000228881836,30.020000457763672,1121400.0,26.78226661682129
2010-07-16,29.799999237060547,28.459999084472656,29.700000762939453,28.559999465942383,2003100.0,25.479736328125
2010-07-19,29.219999313354492,28.34000015258789,28.700000762939453,29.0,922100.0,25.872283935546875
2010-07-20,30.260000228881836,28.399999618530273,28.610000610351562,30.079999923706055,1330500.0,26.835796356201172
2010-07-21,31.139999389648438,29.59000015258789,30.3799991607666,29.899999618530273,1751200.0,26.675212860107422
2010-07-22,31.360000610351562,30.459999084472656,30.489999771118164,31.139999389648438,1552300.0,27.781471252441406
2010-07-23,32.18000030517578,30.940000534057617,31.06999969482422,32.0,1629700.0,28.548725128173828
2010-07-26,32.810001373291016,32.0,32.220001220703125,32.68000030517578,961100.0,29.155378341674805
2010-07-27,32.880001068115234,31.399999618530273,32.869998931884766,31.479999542236328,1591900.0,28.084806442260742
2010-07-28,31.760000228881836,30.760000228881836,31.329999923706055,30.899999618530273,1030400.0,27.56735610961914
2010-07-29,31.719999313354492,30.59000015258789,31.049999237060547,31.399999618530273,1120700.0,28.01343536376953
2010-07-30,32.0,30.690000534057617,30.8700008392334,31.479999542236328,978700.0,28.084806442260742
2010-08-02,32.5099983215332,31.709999084472656,32.13999938964844,32.27000045776367,1431400.0,28.789596557617188
2010-08-03,32.38999938964844,31.1299991607666,32.38999938964844,31.549999237060547,1607700.0,28.147253036499023
2010-08-04,30.5,28.229999542236328,30.350000381469727,29.350000381469727,5726600.0,26.184532165527344
2010-08-05,29.5,28.93000030517578,29.299999237060547,29.0,2412500.0,25.872283935546875
2010-08-06,28.75,27.75,28.510000228881836,28.020000457763672,2329900.0,24.997976303100586
2010-08-09,28.829999923706055,28.030000686645508,28.100000381469727,28.479999542236328,1883900.0,25.40836524963379
2010-08-10,28.309999465942383,27.809999465942383,28.15999984741211,27.989999771118164,2018400.0,24.97121238708496
2010-08-11,27.510000228881836,26.75,27.469999313354492,27.0,2800900.0,24.087980270385742
2010-08-12,26.799999237060547,25.979999542236328,26.600000381469727,26.030000686645508,2522000.0,23.22260284423828
2010-08-13,26.18000030517578,25.719999313354492,25.950000762939453,25.739999771118164,2420000.0,22.963878631591797
2010-08-16,26.139999389648438,25.34000015258789,25.6299991607666,25.8700008392334,2134900.0,23.079858779907227
2010-08-17,27.270000457763672,26.549999237060547,26.65999984741211,26.790000915527344,3522000.0,23.900632858276367
2010-08-18,28.510000228881836,26.940000534057617,27.1299991607666,28.489999771118164,3336400.0,25.41728973388672
2010-08-19,28.649999618530273,27.350000381469727,28.5,27.84000015258789,2552100.0,24.83738899230957
2010-08-20,28.020000457763672,27.450000762939453,27.719999313354492,27.90999984741211,1586600.0,24.89983367919922
2010-08-23,28.5,27.959999084472656,28.149999618530273,27.979999542236328,1890700.0,24.96228790283203
2010-08-24,28.040000915527344,26.729999542236328,27.450000762939453,27.719999313354492,2959500.0,24.730331420898438
2010-08-25,27.899999618530273,26.75,27.1299991607666,27.75,2321700.0,24.75709342956543
2010-08-26,28.170000076293945,27.399999618530273,27.889999389648438,27.450000762939453,1527900.0,24.489452362060547
2010-08-27,28.5,27.200000762939453,27.770000457763672,28.139999389648438,1769400.0,25.105030059814453
2010-08-30,28.239999771118164,27.329999923706055,27.969999313354492,27.329999923706055,1085700.0,24.38239097595215
2010-08-31,27.899999618530273,27.049999237060547,27.139999389648438,27.200000762939453,1996200.0,24.266416549682617
2010-09-01,27.809999465942383,26.450000762939453,27.760000228881836,27.0,5194000.0,24.087980270385742
2010-09-02,27.760000228881836,27.06999969482422,27.09000015258789,27.549999237060547,4931400.0,24.57866668701172
2010-09-03,28.299999237060547,27.40999984741211,28.18000030517578,27.799999237060547,2548300.0,24.80170249938965
2010-09-07,27.700000762939453,26.31999969482422,27.649999618530273,26.40999984741211,2681100.0,23.56161880493164
2010-09-08,26.8799991607666,25.899999618530273,26.520000457763672,25.969999313354492,2463700.0,23.1690673828125
2010-09-09,26.700000762939453,25.690000534057617,26.360000610351562,25.780000686645508,2077000.0,22.99956512451172
2010-09-10,26.010000228881836,25.600000381469727,25.790000915527344,25.809999465942383,1478600.0,23.02633285522461
2010-09-13,26.700000762939453,26.1200008392334,26.25,26.600000381469727,1313300.0,23.731130599975586
2010-09-14,26.559999465942383,26.15999984741211,26.540000915527344,26.31999969482422,1244600.0,23.481319427490234
2010-09-15,26.229999542236328,25.5,26.229999542236328,25.5,2192000.0,22.74976348876953
2010-09-16,25.75,24.799999237060547,25.3799991607666,25.0,2371500.0,22.303688049316406
2010-09-17,25.100000381469727,24.450000762939453,25.06999969482422,24.760000228881836,2360000.0,22.089576721191406
2010-09-20,24.25,23.049999237060547,24.149999618530273,23.709999084472656,5067600.0,21.152812957763672
2010-09-21,24.81999969482422,23.90999984741211,24.06999969482422,24.56999969482422,6155200.0,21.92006492614746
2010-09-22,24.469999313354492,24.229999542236328,24.399999618530273,24.3700008392334,2637500.0,21.741640090942383
2010-09-23,24.959999084472656,23.989999771118164,24.100000381469727,24.700000762939453,2763200.0,22.036043167114258
2010-09-24,25.450000762939453,24.700000762939453,25.040000915527344,25.420000076293945,1717300.0,22.678394317626953
2010-09-27,25.690000534057617,24.81999969482422,25.299999237060547,25.3700008392334,1505500.0,22.6337890625
2010-09-28,25.520000457763672,24.8799991607666,25.3799991607666,25.399999618530273,1759900.0,22.660545349121094
2010-09-29,25.700000762939453,25.270000457763672,25.350000381469727,25.350000381469727,2043200.0,22.61594009399414
2010-09-30,25.719999313354492,25.030000686645508,25.450000762939453,25.6299991607666,2047800.0,22.865745544433594
2010-10-01,26.309999465942383,25.809999465942383,25.8799991607666,25.920000076293945,2541100.0,23.124467849731445
2010-10-04,26.3700008392334,25.639999389648438,25.799999237060547,26.270000457763672,2374100.0,23.436717987060547
2010-10-05,27.5,26.5,26.5,27.459999084472656,2570400.0,24.49837303161621
2010-10-06,27.829999923706055,27.229999542236328,27.450000762939453,27.81999969482422,1906200.0,24.819549560546875
2010-10-07,27.93000030517578,27.459999084472656,27.889999389648438,27.56999969482422,955600.0,24.59650230407715
2010-10-08,27.84000015258789,27.389999389648438,27.56999969482422,27.639999389648438,704800.0,24.658960342407227
2010-10-11,27.760000228881836,27.40999984741211,27.670000076293945,27.739999771118164,714200.0,24.748172760009766
2010-10-12,27.760000228881836,26.8799991607666,26.979999542236328,27.709999084472656,2577900.0,24.721410751342773
2010-10-13,27.979999542236328,27.6200008392334,27.799999237060547,27.75,945900.0,24.75709342956543
2010-10-14,27.799999237060547,26.700000762939453,27.790000915527344,26.860000610351562,2072200.0,23.963088989257812
2010-10-15,27.1200008392334,26.260000228881836,26.979999542236328,27.030000686645508,1470400.0,24.1147518157959
2010-10-18,27.450000762939453,26.920000076293945,27.09000015258789,27.290000915527344,1286800.0,24.34671401977539
2010-10-19,27.649999618530273,26.889999389648438,26.979999542236328,27.0,1208500.0,24.087980270385742
2010-10-20,27.8700008392334,26.90999984741211,27.110000610351562,27.670000076293945,1082300.0,24.68572425842285
2010-10-21,29.200000762939453,27.6299991607666,27.75,27.959999084472656,2274900.0,24.944446563720703
2010-10-22,28.649999618530273,27.799999237060547,27.989999771118164,28.540000915527344,1257900.0,25.46189308166504
2010-10-25,29.280000686645508,28.75,28.75,28.799999237060547,1310000.0,25.693849563598633
2010-10-26,28.809999465942383,28.139999389648438,28.600000381469727,28.200000762939453,1450100.0,25.158565521240234
2010-10-27,27.510000228881836,26.25,27.1200008392334,27.40999984741211,5273600.0,24.453763961791992
2010-10-28,27.59000015258789,26.809999465942383,27.520000457763672,27.350000381469727,2219800.0,24.400232315063477
2010-10-29,27.280000686645508,26.850000381469727,27.1200008392334,27.040000915527344,1486700.0,24.123672485351562
2010-11-01,27.829999923706055,27.260000228881836,27.299999237060547,27.40999984741211,1562400.0,24.453763961791992
2010-11-02,27.649999618530273,27.059999465942383,27.649999618530273,27.260000228881836,1488700.0,24.319942474365234
2010-11-03,27.350000381469727,26.809999465942383,27.31999969482422,27.18000030517578,1586500.0,24.24857521057129
2010-11-04,28.299999237060547,27.31999969482422,27.43000030517578,28.18000030517578,1236300.0,25.140718460083008
2010-11-05,29.399999618530273,28.190000534057617,28.190000534057617,28.450000762939453,1302500.0,25.381603240966797
2010-11-08,28.93000030517578,28.139999389648438,28.270000457763672,28.360000610351562,827600.0,25.30130958557129
2010-11-09,28.670000076293945,27.280000686645508,28.43000030517578,27.459999084472656,1462600.0,24.49837303161621
2010-11-10,28.030000686645508,27.110000610351562,27.40999984741211,27.920000076293945,1464500.0,24.908761978149414
2010-11-11,28.100000381469727,27.309999465942383,27.610000610351562,27.65999984741211,1412900.0,24.676795959472656
2010-11-12,27.6200008392334,27.100000381469727,27.40999984741211,27.420000076293945,1608900.0,24.46268081665039
2010-11-15,27.84000015258789,27.200000762939453,27.459999084472656,27.709999084472656,1414700.0,24.721410751342773
2010-11-16,28.170000076293945,26.540000915527344,27.420000076293945,26.889999389648438,2120400.0,23.989845275878906
2010-11-17,27.0,26.399999618530273,27.0,26.510000228881836,1169400.0,23.65083122253418
2010-11-18,26.940000534057617,26.239999771118164,26.790000915527344,26.329999923706055,1469000.0,23.490245819091797
2010-11-19,26.420000076293945,26.06999969482422,26.299999237060547,26.3799991607666,1058400.0,23.534854888916016
2010-11-22,26.489999771118164,26.030000686645508,26.299999237060547,26.3700008392334,1252900.0,23.52593231201172
2010-11-23,26.270000457763672,25.540000915527344,26.079999923706055,25.59000015258789,1999800.0,22.830060958862305
2010-11-24,26.549999237060547,25.829999923706055,25.829999923706055,26.5,975500.0,23.64191246032715
2010-11-26,26.6200008392334,26.200000762939453,26.34000015258789,26.40999984741211,310900.0,23.56161880493164
2010-11-29,26.299999237060547,25.90999984741211,26.290000915527344,26.200000762939453,875500.0,23.374267578125
2010-11-30,26.579999923706055,25.809999465942383,25.950000762939453,26.309999465942383,868700.0,23.47239875793457
2010-12-01,27.780000686645508,26.600000381469727,26.729999542236328,27.700000762939453,1634500.0,24.712488174438477
2010-12-02,28.469999313354492,27.5,27.68000030517578,27.860000610351562,2240400.0,24.855236053466797
2010-12-03,27.739999771118164,27.219999313354492,27.739999771118164,27.389999389648438,1054100.0,24.435916900634766
2010-12-06,27.8799991607666,27.1299991607666,27.399999618530273,27.729999542236328,773300.0,24.7392520904541
2010-12-07,28.25,27.770000457763672,28.100000381469727,28.0,1408900.0,24.980127334594727
2010-12-08,28.829999923706055,27.899999618530273,27.969999313354492,28.770000457763672,1214400.0,25.667085647583008
2010-12-09,28.959999084472656,28.079999923706055,28.65999984741211,28.520000457763672,2006500.0,25.444047927856445
2010-12-10,28.920000076293945,28.280000686645508,28.540000915527344,28.75,917300.0,25.649242401123047
2010-12-13,29.280000686645508,28.790000915527344,28.989999771118164,29.079999923706055,1389400.0,25.943653106689453
2010-12-14,29.280000686645508,28.729999542236328,29.1200008392334,29.209999084472656,1008400.0,26.059633255004883
2010-12-15,29.59000015258789,29.059999465942383,29.059999465942383,29.260000228881836,896500.0,26.10424041748047
2010-12-16,29.809999465942383,29.239999771118164,29.239999771118164,29.719999313354492,1211000.0,26.51462745666504
2010-12-17,30.90999984741211,29.649999618530273,29.709999084472656,30.280000686645508,2506700.0,27.014230728149414
2010-12-20,30.860000610351562,30.299999237060547,30.469999313354492,30.799999237060547,1548700.0,27.4781436920166
2010-12-21,31.280000686645508,30.6299991607666,30.940000534057617,31.219999313354492,1044100.0,27.852846145629883
2010-12-22,31.56999969482422,31.1299991607666,31.290000915527344,31.530000686645508,987200.0,28.129413604736328
2010-12-23,31.579999923706055,31.309999465942383,31.579999923706055,31.440000534057617,675300.0,28.049121856689453
2010-12-27,31.579999923706055,31.020000457763672,31.1299991607666,31.510000228881836,633800.0,28.111570358276367
2010-12-28,31.540000915527344,31.15999984741211,31.5,31.399999618530273,312000.0,28.01343536376953
2010-12-29,31.479999542236328,31.190000534057617,31.479999542236328,31.25,431800.0,27.87961196899414
2010-12-30,31.420000076293945,30.93000030517578,31.270000457763672,31.09000015258789,391200.0,27.73687171936035
2010-12-31,31.549999237060547,31.06999969482422,31.06999969482422,31.149999618530273,491800.0,27.790395736694336
2011-01-03,31.559999465942383,30.670000076293945,31.25,31.059999465942383,1525100.0,27.710105895996094
2011-01-04,31.40999984741211,30.329999923706055,31.030000686645508,30.6299991607666,1506100.0,27.326478958129883
2011-01-05,31.0,30.5,30.56999969482422,30.649999618530273,818800.0,27.344324111938477
2011-01-06,31.579999923706055,30.639999389648438,30.739999771118164,31.450000762939453,1271500.0,28.058040618896484
2011-01-07,31.959999084472656,31.049999237060547,31.389999389648438,31.420000076293945,1419800.0,28.03127670288086
2011-01-10,31.799999237060547,31.190000534057617,31.25,31.68000030517578,1362200.0,28.263235092163086
2011-01-11,32.0,31.450000762939453,31.81999969482422,31.760000228881836,1064100.0,28.334604263305664
2011-01-12,32.95000076293945,31.8700008392334,31.969999313354492,32.90999984741211,2124300.0,29.360576629638672
2011-01-13,33.08000183105469,32.45000076293945,32.900001525878906,33.0,1393400.0,29.440872192382812
2011-01-14,33.2599983215332,32.68000030517578,32.88999938964844,33.209999084472656,1605000.0,29.628231048583984
2011-01-18,33.02000045776367,32.279998779296875,32.93000030517578,32.810001373291016,1120700.0,29.2713565826416
2011-01-19,32.77000045776367,31.850000381469727,32.66999816894531,31.950000762939453,1125000.0,28.50411605834961
2011-01-20,32.16999816894531,31.40999984741211,31.75,31.959999084472656,1277600.0,28.513042449951172
2011-01-21,32.310001373291016,31.219999313354492,32.279998779296875,31.479999542236328,899400.0,28.084806442260742
2011-01-24,32.79999923706055,31.510000228881836,31.610000610351562,32.7400016784668,961100.0,29.20890998840332
2011-01-25,32.790000915527344,31.989999771118164,32.58000183105469,32.34000015258789,926800.0,28.85205841064453
2011-01-26,33.529998779296875,32.130001068115234,32.41999816894531,33.369998931884766,1239200.0,29.77096176147461
2011-01-27,33.790000915527344,33.15999984741211,33.209999084472656,33.7400016784668,1338400.0,30.10106086730957
2011-01-28,34.09000015258789,33.0,33.650001525878906,33.11000061035156,1327700.0,29.53900909423828
2011-01-31,33.61000061035156,33.08000183105469,33.34000015258789,33.470001220703125,963700.0,29.860183715820312
2011-02-01,34.459999084472656,33.849998474121094,33.939998626708984,34.040000915527344,1189200.0,30.368703842163086
2011-02-02,34.20000076293945,33.900001525878906,34.0099983215332,33.959999084472656,784800.0,30.297332763671875
2011-02-03,33.93000030517578,33.209999084472656,33.93000030517578,33.77000045776367,738000.0,30.127830505371094
2011-02-04,34.13999938964844,33.25,33.86000061035156,33.70000076293945,1029000.0,30.065370559692383
2011-02-07,34.540000915527344,33.79999923706055,33.88999938964844,34.45000076293945,1284100.0,30.734487533569336
2011-02-08,35.040000915527344,34.38999938964844,34.47999954223633,35.029998779296875,1237200.0,31.251934051513672
2011-02-09,35.599998474121094,34.5,34.88999938964844,35.31999969482422,1159300.0,31.510658264160156
2011-02-10,35.09000015258789,34.310001373291016,35.09000015258789,34.5099983215332,1126900.0,30.78801155090332
2011-02-11,34.540000915527344,33.689998626708984,34.41999816894531,34.33000183105469,1708500.0,30.627426147460938
2011-02-14,34.529998779296875,33.9900016784668,34.290000915527344,34.5099983215332,1032900.0,30.78801155090332
2011-02-15,34.72999954223633,33.83000183105469,34.279998779296875,33.869998931884766,1245100.0,30.2170467376709
2011-02-16,37.02000045776367,35.380001068115234,35.52000045776367,36.439998626708984,5056000.0,32.509857177734375
2011-02-17,37.599998474121094,36.380001068115234,36.400001525878906,37.5099983215332,3176400.0,33.46445083618164
2011-02-18,37.70000076293945,37.189998626708984,37.54999923706055,37.47999954223633,993300.0,33.43769073486328
2011-02-22,37.279998779296875,35.58000183105469,35.9900016784668,36.54999923706055,2011800.0,32.60799789428711
2011-02-23,36.81999969482422,35.150001525878906,36.52000045776367,35.86000061035156,1752500.0,31.992416381835938
2011-02-24,36.060001373291016,34.529998779296875,35.79999923706055,35.15999984741211,1247100.0,31.36790657043457
2011-02-25,35.779998779296875,35.09000015258789,35.349998474121094,35.36000061035156,1187700.0,31.54633903503418
2011-02-28,36.20000076293945,35.36000061035156,35.709999084472656,35.72999954223633,1178200.0,31.87643814086914
2011-03-01,36.0,34.36000061035156,35.970001220703125,34.4900016784668,1067900.0,30.77016830444336
2011-03-02,35.13999938964844,34.459999084472656,34.599998474121094,34.75,612500.0,31.002126693725586
2011-03-03,35.849998474121094,35.0099983215332,35.130001068115234,35.68000030517578,733200.0,31.831823348999023
2011-03-04,35.70000076293945,34.880001068115234,35.540000915527344,35.41999816894531,761700.0,31.599872589111328
2011-03-07,35.709999084472656,34.560001373291016,35.52000045776367,34.90999984741211,639900.0,31.144868850708008
2011-03-08,36.08000183105469,34.939998626708984,34.970001220703125,36.02000045776367,1407600.0,32.13514709472656
2011-03-09,36.72999954223633,35.560001373291016,35.97999954223633,36.45000076293945,1157500.0,32.51877212524414
2011-03-10,35.86000061035156,34.75,35.86000061035156,34.779998779296875,823900.0,31.028884887695312
2011-03-11,35.349998474121094,34.63999938964844,34.650001525878906,34.790000915527344,1447100.0,31.037805557250977
2011-03-14,34.4900016784668,33.70000076293945,34.45000076293945,33.970001220703125,1834000.0,30.30624771118164
2011-03-15,34.02000045776367,32.63999938964844,32.81999969482422,33.81999969482422,1353300.0,30.17243194580078
2011-03-16,33.869998931884766,33.13999938964844,33.7599983215332,33.380001068115234,901100.0,29.77988052368164
2011-03-17,34.099998474121094,33.25,34.099998474121094,33.33000183105469,714000.0,29.73527717590332
2011-03-18,34.099998474121094,33.599998474121094,33.91999816894531,33.9900016784668,1513400.0,30.324094772338867
2011-03-21,34.5,33.9900016784668,34.470001220703125,34.09000015258789,803700.0,30.413312911987305
2011-03-22,34.150001525878906,33.630001068115234,34.02000045776367,33.91999816894531,666700.0,30.261640548706055
2011-03-23,35.95000076293945,34.66999816894531,35.15999984741211,35.439998626708984,2017200.0,31.61771011352539
2011-03-24,35.880001068115234,34.400001525878906,35.86000061035156,34.56999969482422,1613800.0,30.841543197631836
2011-03-25,34.93000030517578,34.2599983215332,34.689998626708984,34.61000061035156,875800.0,30.877233505249023
2011-03-28,35.369998931884766,34.59000015258789,34.75,34.70000076293945,847100.0,30.957517623901367
2011-03-29,35.09000015258789,34.52000045776367,34.58000183105469,34.939998626708984,541200.0,31.1716365814209
2011-03-30,35.939998626708984,34.9900016784668,35.0099983215332,35.68000030517578,1237400.0,31.831823348999023
2011-03-31,36.2400016784668,35.68000030517578,35.720001220703125,35.9900016784668,1594300.0,32.108394622802734
2011-04-01,36.779998779296875,36.130001068115234,36.29999923706055,36.38999938964844,1242000.0,32.46524429321289
2011-04-04,36.619998931884766,36.119998931884766,36.43000030517578,36.369998931884766,774700.0,32.44740295410156
2011-04-05,36.90999984741211,36.09000015258789,36.20000076293945,36.40999984741211,922000.0,32.48309326171875
2011-04-06,36.720001220703125,36.060001373291016,36.61000061035156,36.29999923706055,460800.0,32.38494873046875
2011-04-07,37.220001220703125,36.20000076293945,36.349998474121094,37.08000183105469,1294700.0,33.08082580566406
2011-04-08,37.310001373291016,36.470001220703125,37.16999816894531,36.790000915527344,1286100.0,32.82210922241211
2011-04-11,37.29999923706055,36.79999923706055,36.939998626708984,37.0,998000.0,33.009456634521484
2011-04-12,36.900001525878906,36.310001373291016,36.65999984741211,36.65999984741211,857100.0,32.70613479614258
2011-04-13,37.0,36.27000045776367,36.880001068115234,36.86000061035156,1021200.0,32.884559631347656
2011-04-14,37.34000015258789,36.5099983215332,36.630001068115234,37.04999923706055,1005300.0,33.05406951904297
2011-04-15,37.130001068115234,36.65999984741211,37.08000183105469,36.75,1205200.0,32.786415100097656
2011-04-18,36.75,36.189998626708984,36.25,36.4900016784668,1206400.0,32.55445861816406
2011-04-19,37.130001068115234,36.52000045776367,36.84000015258789,36.93000030517578,1005200.0,32.9470100402832
2011-04-20,37.439998626708984,36.72999954223633,37.43000030517578,36.810001373291016,970600.0,32.8399543762207
2011-04-21,37.33000183105469,36.790000915527344,37.04999923706055,37.29999923706055,929500.0,33.2771110534668
2011-04-25,37.88999938964844,37.02000045776367,37.29999923706055,37.060001373291016,1191900.0,33.06298065185547
2011-04-26,37.61000061035156,36.959999084472656,37.38999938964844,37.04999923706055,1800000.0,33.05406951904297
2011-04-27,38.38999938964844,34.90999984741211,35.119998931884766,38.040000915527344,4717900.0,33.937294006347656
2011-04-28,38.869998931884766,37.849998474121094,37.849998474121094,37.95000076293945,1855900.0,33.85700225830078
2011-04-29,38.380001068115234,37.68000030517578,38.060001373291016,37.84000015258789,1000000.0,33.75885772705078
2011-05-02,38.16999816894531,37.36000061035156,37.900001525878906,37.650001525878906,1113500.0,33.589359283447266
2011-05-03,37.04999923706055,36.5,36.59000015258789,36.86000061035156,3354000.0,32.884559631347656
2011-05-04,36.849998474121094,35.90999984741211,36.849998474121094,36.189998626708984,1471400.0,32.28681945800781
2011-05-05,36.939998626708984,35.72999954223633,35.84000015258789,36.65999984741211,1723300.0,32.70613479614258
2011-05-06,37.04999923706055,36.43000030517578,36.900001525878906,36.630001068115234,1138000.0,32.67936706542969
2011-05-09,36.810001373291016,36.439998626708984,36.68000030517578,36.630001068115234,720000.0,32.67936706542969
2011-05-10,36.880001068115234,36.41999816894531,36.7400016784668,36.720001220703125,1162000.0,32.75965881347656
2011-05-11,36.709999084472656,36.0,36.630001068115234,36.130001068115234,1089500.0,32.23328399658203
2011-05-12,36.900001525878906,35.84000015258789,36.08000183105469,36.29999923706055,1150300.0,32.38494873046875
2011-05-13,36.43000030517578,35.470001220703125,36.34000015258789,35.66999816894531,793500.0,31.82291030883789
2011-05-16,35.56999969482422,34.47999954223633,35.43000030517578,34.5099983215332,1976300.0,30.78801155090332
2011-05-17,34.400001525878906,33.279998779296875,34.380001068115234,34.04999923706055,1860000.0,30.377626419067383
2011-05-18,35.0099983215332,33.970001220703125,34.119998931884766,34.86000061035156,2220700.0,31.100265502929688
2011-05-19,35.31999969482422,34.560001373291016,34.95000076293945,35.08000183105469,773500.0,31.296533584594727
2011-05-20,35.7599983215332,34.86000061035156,34.900001525878906,35.31999969482422,1525200.0,31.510658264160156
2011-05-23,35.0,34.52000045776367,34.709999084472656,34.810001373291016,1233600.0,31.055654525756836
2011-05-24,35.029998779296875,34.47999954223633,34.959999084472656,34.83000183105469,849500.0,31.073514938354492
2011-05-25,36.040000915527344,34.66999816894531,34.7400016784668,35.400001525878906,1762300.0,31.582029342651367
2011-05-26,35.849998474121094,35.130001068115234,35.2599983215332,35.7599983215332,994600.0,31.90320587158203
2011-05-27,37.060001373291016,35.88999938964844,35.88999938964844,37.0,1643500.0,33.009456634521484
2011-05-31,38.619998931884766,37.400001525878906,37.5,38.20000076293945,2547700.0,34.08004379272461
2011-06-01,38.130001068115234,37.41999816894531,38.0,37.65999984741211,1763400.0,33.59828186035156
2011-06-02,37.86000061035156,36.97999954223633,37.599998474121094,37.04999923706055,1330100.0,33.05406951904297
2011-06-03,37.16999816894531,36.5099983215332,36.599998474121094,36.63999938964844,1276400.0,32.688289642333984
2011-06-06,36.81999969482422,36.41999816894531,36.61000061035156,36.529998779296875,1425800.0,32.590152740478516
2011-06-07,37.08000183105469,36.52000045776367,36.7400016784668,36.54999923706055,913200.0,32.60799789428711
2011-06-08,36.720001220703125,36.400001525878906,36.45000076293945,36.630001068115234,1780200.0,32.67936706542969
2011-06-09,36.79999923706055,36.41999816894531,36.56999969482422,36.599998474121094,1650000.0,32.65259552001953
2011-06-10,36.849998474121094,35.70000076293945,36.4900016784668,35.95000076293945,1744500.0,32.07271194458008
2011-06-13,36.540000915527344,36.0099983215332,36.119998931884766,36.34000015258789,824000.0,32.420658111572266
2011-06-14,37.310001373291016,36.650001525878906,36.720001220703125,37.13999938964844,1842500.0,33.13436508178711
2011-06-15,36.95000076293945,36.2599983215332,36.720001220703125,36.36000061035156,1002100.0,32.4384880065918
2011-06-16,36.63999938964844,35.79999923706055,36.31999969482422,36.20000076293945,1207300.0,32.29573440551758
2011-06-17,37.04999923706055,36.34000015258789,36.5099983215332,36.79999923706055,1852000.0,32.83103561401367
2011-06-20,37.279998779296875,36.41999816894531,36.7599983215332,37.099998474121094,862000.0,33.09866714477539
2011-06-21,37.869998931884766,37.130001068115234,37.400001525878906,37.709999084472656,1143900.0,33.642887115478516
2011-06-22,37.970001220703125,36.81999969482422,37.52000045776367,36.869998931884766,1368300.0,32.89348602294922
2011-06-23,37.33000183105469,36.0099983215332,36.40999984741211,37.31999969482422,1708100.0,33.29494094848633
2011-06-24,37.56999969482422,36.4900016784668,37.34000015258789,36.66999816894531,1928600.0,32.715049743652344
2011-06-27,36.869998931884766,36.290000915527344,36.630001068115234,36.61000061035156,855000.0,32.661521911621094
2011-06-28,37.150001525878906,36.5,36.66999816894531,36.880001068115234,972500.0,32.902400970458984
2011-06-29,37.36000061035156,36.66999816894531,37.0,36.970001220703125,928300.0,32.98269271850586
2011-06-30,37.959999084472656,37.04999923706055,37.20000076293945,37.349998474121094,1346900.0,33.321712493896484
2011-07-01,38.34000015258789,37.43000030517578,37.47999954223633,38.25,1239000.0,34.12464141845703
2011-07-05,38.939998626708984,37.9900016784668,38.25,38.5099983215332,1619800.0,34.35660934448242
2011-07-06,38.13999938964844,37.380001068115234,37.61000061035156,37.470001220703125,1754000.0,33.428768157958984
2011-07-07,38.029998779296875,37.54999923706055,37.790000915527344,37.59000015258789,1093600.0,33.53582763671875
2011-07-08,37.869998931884766,37.11000061035156,37.349998474121094,37.290000915527344,1597200.0,33.26817321777344
2011-07-11,37.040000915527344,36.08000183105469,36.790000915527344,36.33000183105469,1353800.0,32.411720275878906
2011-07-12,36.7400016784668,35.880001068115234,36.18000030517578,35.970001220703125,1371200.0,32.090553283691406
2011-07-13,36.90999984741211,36.150001525878906,36.25,36.209999084472656,1222100.0,32.304649353027344
2011-07-14,36.619998931884766,35.77000045776367,36.27000045776367,35.88999938964844,886000.0,32.01917266845703
2011-07-15,36.20000076293945,35.529998779296875,36.15999984741211,35.84000015258789,956300.0,31.974559783935547
2011-07-18,35.68000030517578,35.0,35.58000183105469,35.34000015258789,1248300.0,31.52849578857422
2011-07-19,36.119998931884766,35.529998779296875,35.529998779296875,35.900001525878906,1423900.0,32.02809524536133
2011-07-20,36.08000183105469,35.18000030517578,36.08000183105469,35.599998474121094,1508500.0,31.760459899902344
2011-07-21,36.099998474121094,35.66999816894531,35.84000015258789,35.939998626708984,1713800.0,32.06378173828125
2011-07-22,36.040000915527344,35.369998931884766,36.040000915527344,35.97999954223633,715500.0,32.09947204589844
2011-07-25,36.959999084472656,35.880001068115234,36.220001220703125,36.349998474121094,1439300.0,32.4295654296875
2011-07-26,36.290000915527344,35.86000061035156,36.290000915527344,35.939998626708984,998700.0,32.06378173828125
2011-07-27,35.86000061035156,35.310001373291016,35.689998626708984,35.34000015258789,1301800.0,31.52849578857422
2011-07-28,36.06999969482422,34.849998474121094,35.38999938964844,34.93000030517578,907200.0,31.1627140045166
2011-07-29,35.900001525878906,34.4900016784668,34.599998474121094,35.58000183105469,1511100.0,31.742618560791016
2011-08-01,36.15999984741211,34.650001525878906,36.0,35.54999923706055,1424800.0,31.715850830078125
2011-08-02,36.20000076293945,34.0,35.7599983215332,34.11000061035156,1985800.0,30.431150436401367
2011-08-03,34.349998474121094,30.530000686645508,34.25,30.850000381469727,7666200.0,27.52275276184082
2011-08-04,31.100000381469727,29.079999923706055,30.649999618530273,29.360000610351562,6113100.0,26.193452835083008
2011-08-05,29.729999542236328,27.940000534057617,29.729999542236328,28.43000030517578,4941100.0,25.36375617980957
2011-08-08,27.610000610351562,26.530000686645508,27.399999618530273,26.940000534057617,6031300.0,24.034456253051758
2011-08-09,27.8799991607666,25.489999771118164,27.270000457763672,26.940000534057617,5786900.0,24.034456253051758
2011-08-10,26.8700008392334,25.760000228881836,26.15999984741211,25.84000015258789,4971600.0,23.0530948638916
2011-08-11,27.979999542236328,25.84000015258789,26.020000457763672,27.579999923706055,3334800.0,24.605426788330078
2011-08-12,28.889999389648438,27.670000076293945,27.799999237060547,28.770000457763672,3109900.0,25.667085647583008
2011-08-15,29.459999084472656,28.829999923706055,28.850000381469727,29.440000534057617,1835900.0,26.26482582092285
2011-08-16,29.700000762939453,28.219999313354492,29.170000076293945,28.459999084472656,2070300.0,25.390520095825195
2011-08-17,29.0,27.760000228881836,28.56999969482422,28.049999237060547,1252900.0,25.024736404418945
2011-08-18,27.200000762939453,25.670000076293945,27.100000381469727,25.920000076293945,1537000.0,23.124467849731445
2011-08-19,26.059999465942383,24.709999084472656,25.530000686645508,24.90999984741211,1494300.0,22.22339630126953
2011-08-22,25.600000381469727,24.709999084472656,25.459999084472656,24.93000030517578,1555000.0,22.24123191833496
2011-08-23,25.90999984741211,24.739999771118164,25.110000610351562,25.84000015258789,2102800.0,23.0530948638916
2011-08-24,27.239999771118164,25.700000762939453,25.84000015258789,27.1200008392334,1296900.0,24.195049285888672
2011-08-25,27.709999084472656,26.3799991607666,27.229999542236328,26.639999389648438,1314800.0,23.766809463500977
2011-08-26,28.020000457763672,26.290000915527344,26.649999618530273,27.93000030517578,2502900.0,24.91768455505371
2011-08-29,28.610000610351562,28.0,28.31999969482422,28.59000015258789,1457300.0,25.506498336791992
2011-08-30,29.100000381469727,28.0,28.3799991607666,28.93000030517578,1399400.0,25.809825897216797
2011-08-31,29.43000030517578,28.690000534057617,28.889999389648438,29.059999465942383,1422200.0,25.92580795288086
2011-09-01,29.549999237060547,27.549999237060547,29.200000762939453,27.639999389648438,1647300.0,24.658960342407227
2011-09-02,27.1200008392334,25.84000015258789,26.700000762939453,26.0,1694600.0,23.195838928222656
2011-09-06,26.610000610351562,25.40999984741211,25.40999984741211,26.31999969482422,2090000.0,23.481319427490234
2011-09-07,27.68000030517578,26.780000686645508,26.799999237060547,27.510000228881836,1195700.0,24.54298210144043
2011-09-08,27.5,26.420000076293945,27.299999237060547,26.6200008392334,762100.0,23.74896812438965
2011-09-09,26.530000686645508,25.459999084472656,26.31999969482422,25.84000015258789,1152100.0,23.0530948638916
2011-09-12,26.040000915527344,24.8700008392334,25.420000076293945,26.0,1588400.0,23.195838928222656
2011-09-13,26.1200008392334,25.5,26.020000457763672,25.760000228881836,1507300.0,22.981725692749023
2011-09-14,26.579999923706055,25.360000610351562,26.010000228881836,26.239999771118164,1525500.0,23.409954071044922
2011-09-15,27.010000228881836,26.34000015258789,26.579999923706055,26.93000030517578,1153900.0,24.02553939819336
2011-09-16,27.25,26.479999542236328,27.030000686645508,26.729999542236328,1578500.0,23.84709930419922
2011-09-19,26.56999969482422,25.760000228881836,26.25,26.309999465942383,948600.0,23.47239875793457
2011-09-20,26.530000686645508,25.15999984741211,26.329999923706055,25.239999771118164,917300.0,22.517805099487305
2011-09-21,25.25,23.389999389648438,25.110000610351562,23.399999618530273,1982400.0,20.876249313354492
2011-09-22,22.729999542236328,21.56999969482422,22.639999389648438,21.93000030517578,2265900.0,19.564796447753906
2011-09-23,22.75,21.850000381469727,21.959999084472656,22.229999542236328,1626800.0,19.83243751525879
2011-09-26,23.1299991607666,21.809999465942383,22.440000534057617,23.1200008392334,1132100.0,20.626455307006836
2011-09-27,24.34000015258789,23.260000228881836,23.59000015258789,23.450000762939453,1727000.0,20.92086410522461
2011-09-28,23.520000457763672,22.350000381469727,23.450000762939453,22.3799991607666,1240400.0,19.966259002685547
2011-09-29,23.170000076293945,21.940000534057617,22.860000610351562,22.5,1321200.0,20.07332420349121
2011-09-30,22.200000762939453,21.65999984741211,22.170000076293945,21.68000030517578,1383500.0,19.34175682067871
2011-10-03,21.93000030517578,20.549999237060547,21.520000457763672,20.549999237060547,1298600.0,18.33363151550293
2011-10-04,21.530000686645508,18.670000076293945,20.06999969482422,21.40999984741211,2794200.0,19.100879669189453
2011-10-05,22.559999465942383,21.15999984741211,21.520000457763672,22.549999237060547,2428500.0,20.11793327331543
2011-10-06,23.6299991607666,22.329999923706055,22.440000534057617,23.600000381469727,1197400.0,21.054689407348633
2011-10-07,23.829999923706055,22.06999969482422,23.6200008392334,22.489999771118164,1845000.0,20.064401626586914
2011-10-10,22.760000228881836,21.719999313354492,22.6299991607666,22.389999389648438,2142600.0,19.975181579589844
2011-10-11,23.209999084472656,22.18000030517578,22.440000534057617,22.469999313354492,2465200.0,20.04654884338379
2011-10-12,23.049999237060547,22.100000381469727,22.6200008392334,22.90999984741211,4557800.0,20.43910026550293
2011-10-13,23.559999465942383,22.729999542236328,22.8700008392334,23.5,1991500.0,20.96546745300293
2011-10-14,24.520000457763672,23.610000610351562,23.729999542236328,24.3799991607666,1186800.0,21.750560760498047
2011-10-17,24.459999084472656,23.270000457763672,24.1200008392334,23.389999389648438,1107100.0,20.86733055114746
2011-10-18,25.049999237060547,22.899999618530273,23.399999618530273,24.6200008392334,2394400.0,21.96467399597168
2011-10-19,25.559999465942383,24.549999237060547,24.549999237060547,25.010000228881836,2373400.0,22.312606811523438
2011-10-20,25.15999984741211,23.889999389648438,25.010000228881836,24.610000610351562,1949500.0,21.955747604370117
2011-10-21,25.540000915527344,24.93000030517578,25.09000015258789,25.25,2112100.0,22.52672576904297
2011-10-24,26.280000686645508,25.149999618530273,25.350000381469727,25.8700008392334,2074400.0,23.079858779907227
2011-10-25,25.799999237060547,24.809999465942383,25.770000457763672,24.860000610351562,2599100.0,22.17878532409668
2011-10-26,27.3700008392334,24.459999084472656,24.829999923706055,27.239999771118164,4679700.0,24.302095413208008
2011-10-27,31.290000915527344,28.1200008392334,28.979999542236328,29.719999313354492,4054100.0,26.51462745666504
2011-10-28,29.75,29.0,29.489999771118164,29.469999313354492,1321800.0,26.291589736938477
2011-10-31,29.1299991607666,28.3799991607666,29.0,28.3799991607666,1544500.0,25.31914520263672
2011-11-01,27.68000030517578,26.100000381469727,27.510000228881836,27.010000228881836,2327800.0,24.096906661987305
2011-11-02,28.219999313354492,27.18000030517578,27.600000381469727,27.610000610351562,959400.0,24.632200241088867
2011-11-03,28.649999618530273,27.649999618530273,27.889999389648438,28.530000686645508,1505400.0,25.452972412109375
2011-11-04,29.079999923706055,28.209999084472656,28.459999084472656,28.860000610351562,1857100.0,25.74738121032715
2011-11-07,29.770000457763672,28.31999969482422,28.93000030517578,29.520000457763672,2361900.0,26.336196899414062
2011-11-08,29.959999084472656,28.739999771118164,29.799999237060547,29.469999313354492,937300.0,26.291589736938477
2011-11-09,28.84000015258789,27.850000381469727,28.5,28.0,1420500.0,24.980127334594727
2011-11-10,28.760000228881836,28.049999237060547,28.5,28.25,936600.0,25.20317268371582
2011-11-11,29.260000228881836,28.530000686645508,28.719999313354492,28.940000534057617,1191800.0,25.818754196166992
2011-11-14,29.18000030517578,28.670000076293945,28.850000381469727,28.889999389648438,999600.0,25.77414321899414
2011-11-15,29.700000762939453,28.579999923706055,28.760000228881836,29.450000762939453,917700.0,26.27375030517578
2011-11-16,29.6200008392334,28.56999969482422,29.09000015258789,28.639999389648438,994900.0,25.551111221313477
2011-11-17,28.829999923706055,27.690000534057617,28.6200008392334,28.06999969482422,1699100.0,25.04258155822754
2011-11-18,28.5,27.860000610351562,28.260000228881836,28.110000610351562,859500.0,25.07827377319336
2011-11-21,27.610000610351562,26.8799991607666,27.610000610351562,27.209999084472656,1161200.0,24.275333404541016
2011-11-22,27.43000030517578,26.329999923706055,27.09000015258789,26.440000534057617,1173300.0,23.588382720947266
2011-11-23,26.34000015258789,25.81999969482422,26.100000381469727,26.0,1207800.0,23.195838928222656
2011-11-25,26.43000030517578,25.850000381469727,25.950000762939453,25.8799991607666,331000.0,23.088777542114258
2011-11-28,27.6299991607666,26.450000762939453,26.940000534057617,26.709999084472656,1268600.0,23.829259872436523
2011-11-29,27.15999984741211,26.469999313354492,27.020000457763672,26.700000762939453,1147900.0,23.820344924926758
2011-11-30,28.75,27.5,27.8700008392334,28.700000762939453,1565600.0,25.604633331298828
2011-12-01,29.600000381469727,28.09000015258789,28.540000915527344,29.059999465942383,2179300.0,25.92580795288086
2011-12-02,29.6299991607666,28.940000534057617,29.389999389648438,29.15999984741211,1416200.0,26.015018463134766
2011-12-05,29.860000610351562,29.020000457763672,29.670000076293945,29.309999465942383,882200.0,26.148847579956055
2011-12-06,29.559999465942383,28.770000457763672,29.209999084472656,28.979999542236328,634400.0,25.854440689086914
2011-12-07,29.389999389648438,28.5,28.760000228881836,29.190000534057617,703800.0,26.04178810119629
2011-12-08,29.190000534057617,27.43000030517578,28.959999084472656,27.56999969482422,1275500.0,24.59650230407715
2011-12-09,28.15999984741211,27.479999542236328,27.780000686645508,28.149999618530273,1431100.0,25.113954544067383
2011-12-12,27.799999237060547,26.809999465942383,27.770000457763672,26.959999084472656,1527500.0,24.052295684814453
2011-12-13,27.399999618530273,25.540000915527344,27.100000381469727,26.0,1792700.0,23.195838928222656
2011-12-14,26.020000457763672,24.690000534057617,25.809999465942383,24.729999542236328,1838400.0,22.06281280517578
2011-12-15,25.510000228881836,25.079999923706055,25.09000015258789,25.299999237060547,2023800.0,22.571334838867188
2011-12-16,26.079999923706055,25.5,25.510000228881836,25.969999313354492,2072600.0,23.1690673828125
2011-12-19,26.510000228881836,25.93000030517578,26.110000610351562,26.010000228881836,1738800.0,23.204761505126953
2011-12-20,27.65999984741211,26.25,26.25,27.5,2465000.0,24.534055709838867
2011-12-21,28.09000015258789,27.200000762939453,27.610000610351562,28.010000228881836,1804200.0,24.989049911499023
2011-12-22,28.540000915527344,27.8799991607666,28.049999237060547,28.270000457763672,1364000.0,25.22101402282715
2011-12-23,28.43000030517578,27.920000076293945,28.3799991607666,28.209999084472656,624000.0,25.1674861907959
2011-12-27,28.420000076293945,27.799999237060547,28.049999237060547,28.06999969482422,703900.0,25.04258155822754
2011-12-28,28.1200008392334,26.989999771118164,28.1200008392334,27.049999237060547,882600.0,24.132593154907227
2011-12-29,29.260000228881836,27.149999618530273,27.149999618530273,28.989999771118164,1877600.0,25.863361358642578
2011-12-30,29.309999465942383,28.700000762939453,28.90999984741211,28.719999313354492,966000.0,25.622472763061523
2012-01-03,30.229999542236328,29.5,29.579999923706055,29.530000686645508,1718600.0,26.34511947631836
2012-01-04,30.3700008392334,29.31999969482422,29.420000076293945,30.059999465942383,1087800.0,26.81795310974121
2012-01-05,31.3799991607666,29.389999389648438,29.799999237060547,31.260000228881836,2245900.0,27.88852882385254
2012-01-06,31.829999923706055,30.81999969482422,31.25,31.34000015258789,1339300.0,27.95990562438965
2012-01-09,32.040000915527344,30.899999618530273,31.43000030517578,31.950000762939453,1769000.0,28.50411605834961
2012-01-10,33.16999816894531,31.770000457763672,32.720001220703125,31.920000076293945,2124900.0,28.477352142333984
2012-01-11,32.400001525878906,31.670000076293945,31.790000915527344,32.09000015258789,1338700.0,28.6290225982666
2012-01-12,32.209999084472656,31.809999465942383,32.13999938964844,32.08000183105469,1383000.0,28.62009620666504
2012-01-13,32.099998474121094,31.549999237060547,31.81999969482422,31.84000015258789,1279700.0,28.405982971191406
2012-01-17,32.150001525878906,31.649999618530273,32.11000061035156,31.959999084472656,978400.0,28.513042449951172
2012-01-18,33.2400016784668,31.670000076293945,31.950000762939453,33.130001068115234,1333200.0,29.556846618652344
2012-01-19,34.25,33.150001525878906,33.150001525878906,33.95000076293945,2046500.0,30.288402557373047
2012-01-20,33.86000061035156,32.65999984741211,33.720001220703125,32.93000030517578,1212700.0,29.378419876098633
2012-01-23,33.79999923706055,32.970001220703125,32.970001220703125,33.599998474121094,1769600.0,29.97616195678711
2012-01-24,34.040000915527344,33.11000061035156,33.18000030517578,33.939998626708984,1193800.0,30.27948570251465
2012-01-25,34.97999954223633,33.349998474121094,33.880001068115234,34.81999969482422,2114200.0,31.064577102661133
2012-01-26,35.77000045776367,34.380001068115234,35.0,34.869998931884766,2432200.0,31.10919189453125
2012-01-27,34.869998931884766,34.45000076293945,34.70000076293945,34.779998779296875,856000.0,31.028884887695312
2012-01-30,34.400001525878906,33.709999084472656,34.279998779296875,33.83000183105469,1481800.0,30.181344985961914
2012-01-31,34.33000183105469,33.2400016784668,34.060001373291016,33.75,1348800.0,30.1099796295166
2012-02-01,34.209999084472656,33.54999923706055,34.08000183105469,33.72999954223633,1706100.0,30.092138290405273
2012-02-02,34.16999816894531,33.619998931884766,33.939998626708984,33.810001373291016,1029500.0,30.16351318359375
2012-02-03,34.77000045776367,34.18000030517578,34.5,34.61000061035156,2413600.0,30.877233505249023
2012-02-06,34.97999954223633,34.2599983215332,34.290000915527344,34.650001525878906,838400.0,30.912918090820312
2012-02-07,35.0099983215332,34.2599983215332,34.43000030517578,34.5099983215332,1324600.0,30.78801155090332
2012-02-08,34.529998779296875,33.70000076293945,34.11000061035156,34.22999954223633,2578700.0,30.5382080078125
2012-02-09,35.25,34.130001068115234,34.27000045776367,34.97999954223633,2126600.0,31.207324981689453
2012-02-10,34.4900016784668,33.599998474121094,34.4900016784668,33.849998474121094,1767400.0,30.199199676513672
2012-02-13,34.560001373291016,33.65999984741211,34.220001220703125,34.15999984741211,1423000.0,30.475759506225586
2012-02-14,33.849998474121094,32.0099983215332,33.849998474121094,32.47999954223633,3861900.0,28.976953506469727
2012-02-15,32.220001220703125,30.0,30.600000381469727,30.43000030517578,7915700.0,27.14805030822754
2012-02-16,31.06999969482422,30.010000228881836,30.329999923706055,31.059999465942383,4133400.0,27.710105895996094
2012-02-17,32.150001525878906,31.020000457763672,31.079999923706055,31.5,2475800.0,28.102649688720703
2012-02-21,32.5,31.5,31.549999237060547,31.700000762939453,2296800.0,28.28107452392578
2012-02-22,32.16999816894531,31.549999237060547,31.84000015258789,31.729999542236328,2234200.0,28.307842254638672
2012-02-23,32.09000015258789,31.329999923706055,31.760000228881836,31.399999618530273,3203200.0,28.01343536376953
2012-02-24,31.760000228881836,30.860000610351562,31.610000610351562,30.899999618530273,1294600.0,27.56735610961914
2012-02-27,32.61000061035156,30.469999313354492,30.639999389648438,32.119998931884766,2770400.0,28.655780792236328
2012-02-28,32.40999984741211,31.729999542236328,32.060001373291016,32.16999816894531,1756500.0,28.70038414001465
2012-02-29,32.38999938964844,31.610000610351562,32.18000030517578,31.649999618530273,2426100.0,28.23647117614746
2012-03-01,32.099998474121094,31.15999984741211,31.799999237060547,31.450000762939453,2124100.0,28.058040618896484
2012-03-02,31.43000030517578,30.450000762939453,31.329999923706055,30.709999084472656,1759000.0,27.397851943969727
2012-03-05,31.389999389648438,30.520000457763672,30.719999313354492,31.25,2253800.0,27.87961196899414
2012-03-06,30.84000015258789,30.0,30.84000015258789,30.219999313354492,1509200.0,26.96070098876953
2012-03-07,31.729999542236328,30.329999923706055,30.450000762939453,31.530000686645508,2534600.0,28.129413604736328
2012-03-08,33.33000183105469,31.690000534057617,31.719999313354492,32.5,3681400.0,28.994796752929688
2012-03-09,33.84000015258789,32.5,32.5,33.41999816894531,2668400.0,29.815567016601562
2012-03-12,34.5,33.279998779296875,33.38999938964844,34.470001220703125,2991900.0,30.7523250579834
2012-03-13,36.029998779296875,34.470001220703125,34.650001525878906,35.97999954223633,3324300.0,32.09947204589844
2012-03-14,36.560001373291016,35.790000915527344,36.040000915527344,36.04999923706055,2918700.0,32.161922454833984
2012-03-15,37.06999969482422,35.599998474121094,35.959999084472656,36.97999954223633,2406000.0,32.99161148071289
2012-03-16,37.31999969482422,36.790000915527344,36.97999954223633,36.90999984741211,2977700.0,32.92916488647461
2012-03-19,38.0,36.68000030517578,37.61000061035156,36.86000061035156,2448000.0,32.884559631347656
2012-03-20,36.61000061035156,35.619998931884766,36.54999923706055,36.5,2064900.0,32.563385009765625
2012-03-21,37.709999084472656,36.720001220703125,36.779998779296875,37.040000915527344,2569900.0,33.0451545715332
2012-03-22,36.900001525878906,35.91999816894531,36.59000015258789,36.029998779296875,2885000.0,32.14406967163086
2012-03-23,36.060001373291016,35.0099983215332,35.56999969482422,35.810001373291016,2880800.0,31.94780731201172
2012-03-26,36.599998474121094,35.79999923706055,36.380001068115234,36.380001068115234,1144600.0,32.456321716308594
2012-03-27,37.130001068115234,36.34000015258789,36.5099983215332,36.38999938964844,1569200.0,32.46524429321289
2012-03-28,36.349998474121094,35.439998626708984,36.310001373291016,36.099998474121094,1026200.0,32.206520080566406
2012-03-29,35.75,34.79999923706055,35.650001525878906,35.709999084472656,1191700.0,31.858592987060547
2012-03-30,36.45000076293945,35.77000045776367,36.189998626708984,36.029998779296875,1334700.0,32.14406967163086
2012-04-02,35.849998474121094,34.84000015258789,35.7599983215332,35.040000915527344,2997500.0,31.260862350463867
2012-04-03,35.41999816894531,34.20000076293945,35.060001373291016,34.61000061035156,1524200.0,30.877233505249023
2012-04-04,34.900001525878906,33.88999938964844,34.2599983215332,34.619998931884766,2355700.0,30.886150360107422
2012-04-05,35.04999923706055,34.349998474121094,34.40999984741211,34.869998931884766,1326800.0,31.10919189453125
2012-04-09,34.4900016784668,33.95000076293945,34.220001220703125,34.36000061035156,1290700.0,30.654193878173828
2012-04-10,34.54999923706055,32.61000061035156,34.27000045776367,32.70000076293945,2577500.0,29.17322540283203
2012-04-11,34.209999084472656,33.290000915527344,33.290000915527344,33.869998931884766,2501300.0,30.2170467376709
2012-04-12,35.470001220703125,33.7400016784668,33.91999816894531,34.619998931884766,2234100.0,30.886150360107422
2012-04-13,34.540000915527344,33.720001220703125,34.540000915527344,34.22999954223633,1542800.0,30.5382080078125
2012-04-16,34.70000076293945,33.689998626708984,34.470001220703125,34.25,1883200.0,30.55605697631836
2012-04-17,34.86000061035156,34.220001220703125,34.470001220703125,34.61000061035156,1098200.0,30.877233505249023
2012-04-18,34.5099983215332,33.709999084472656,34.38999938964844,33.900001525878906,1033100.0,30.243804931640625
2012-04-19,34.04999923706055,32.849998474121094,33.91999816894531,33.41999816894531,2058300.0,29.815567016601562
2012-04-20,34.119998931884766,33.310001373291016,33.7400016784668,33.79999923706055,1124900.0,30.154586791992188
2012-04-23,33.54999923706055,32.77000045776367,33.36000061035156,33.45000076293945,2065400.0,29.842334747314453
2012-04-24,34.63999938964844,33.54999923706055,33.65999984741211,34.54999923706055,2179500.0,30.82370376586914
2012-04-25,33.720001220703125,31.40999984741211,31.969999313354492,33.349998474121094,9416100.0,29.753116607666016
2012-04-26,34.619998931884766,33.31999969482422,33.400001525878906,34.4900016784668,2874500.0,30.77016830444336
2012-04-27,35.79999923706055,34.47999954223633,34.65999984741211,35.75,2341800.0,31.894268035888672
2012-04-30,35.5099983215332,34.119998931884766,35.5099983215332,34.349998474121094,2171600.0,30.6452579498291
2012-05-01,35.02000045776367,34.279998779296875,34.38999938964844,34.400001525878906,1868200.0,30.68988037109375
2012-05-02,35.70000076293945,34.2599983215332,34.2599983215332,35.459999084472656,2204900.0,31.635555267333984
2012-05-03,35.56999969482422,34.560001373291016,35.38999938964844,34.77000045776367,1538100.0,31.01997184753418
2012-05-04,34.689998626708984,33.540000915527344,34.470001220703125,33.849998474121094,1341800.0,30.199199676513672
2012-05-07,34.61000061035156,33.619998931884766,33.619998931884766,34.279998779296875,1268800.0,30.58281898498535
2012-05-08,33.97999954223633,32.77000045776367,33.95000076293945,33.439998626708984,1519100.0,29.833419799804688
2012-05-09,33.40999984741211,32.25,32.939998626708984,33.06999969482422,2055100.0,29.503324508666992
2012-05-10,33.88999938964844,32.88999938964844,33.459999084472656,33.150001525878906,1507500.0,29.574687957763672
2012-05-11,33.86000061035156,32.65999984741211,32.79999923706055,33.36000061035156,877400.0,29.76205062866211
2012-05-14,33.0099983215332,31.799999237060547,32.81999969482422,31.969999313354492,1863400.0,28.521955490112305
2012-05-15,32.31999969482422,31.360000610351562,31.969999313354492,31.649999618530273,1921600.0,28.23647117614746
2012-05-16,32.20000076293945,30.780000686645508,31.979999542236328,30.850000381469727,2381200.0,27.52275276184082
2012-05-17,31.09000015258789,28.65999984741211,31.06999969482422,28.809999465942383,3988400.0,25.70277214050293
2012-05-18,29.149999618530273,28.25,29.149999618530273,28.3700008392334,3689600.0,25.310226440429688
2012-05-21,29.06999969482422,27.920000076293945,28.329999923706055,28.739999771118164,4361900.0,25.640321731567383
2012-05-22,30.06999969482422,28.68000030517578,28.780000686645508,29.43000030517578,3172700.0,26.25589942932129
2012-05-23,30.270000457763672,28.889999389648438,29.0,30.110000610351562,2537900.0,26.862558364868164
2012-05-24,30.760000228881836,30.09000015258789,30.100000381469727,30.649999618530273,2366700.0,27.344324111938477
2012-05-25,30.75,30.239999771118164,30.600000381469727,30.56999969482422,1313100.0,27.272951126098633
2012-05-29,32.150001525878906,30.979999542236328,30.979999542236328,31.93000030517578,2032600.0,28.486278533935547
2012-05-30,31.43000030517578,30.399999618530273,31.43000030517578,30.719999313354492,1528000.0,27.40677261352539
2012-05-31,31.079999923706055,29.65999984741211,31.049999237060547,30.860000610351562,1781500.0,27.531675338745117
2012-06-01,29.959999084472656,28.229999542236328,29.850000381469727,28.299999237060547,3665400.0,25.24777603149414
2012-06-04,28.469999313354492,26.84000015258789,28.34000015258789,27.0,4798300.0,24.087980270385742
2012-06-05,28.079999923706055,26.84000015258789,26.84000015258789,28.0,1880700.0,24.980127334594727
2012-06-06,28.950000762939453,27.799999237060547,28.3700008392334,28.219999313354492,4688200.0,25.176410675048828
2012-06-07,29.280000686645508,28.059999465942383,28.8700008392334,28.950000762939453,3151300.0,25.827672958374023
2012-06-08,29.520000457763672,28.520000457763672,29.3700008392334,29.479999542236328,2429200.0,26.300512313842773
2012-06-11,29.6200008392334,27.610000610351562,29.530000686645508,27.6200008392334,3813800.0,24.641115188598633
2012-06-12,28.100000381469727,27.219999313354492,27.739999771118164,27.389999389648438,3820100.0,24.435916900634766
2012-06-13,27.899999618530273,26.469999313354492,27.440000534057617,26.690000534057617,3106100.0,23.81142234802246
2012-06-14,27.739999771118164,26.520000457763672,26.690000534057617,27.670000076293945,2693000.0,24.68572425842285
2012-06-15,28.190000534057617,27.40999984741211,27.829999923706055,28.190000534057617,2745800.0,25.149639129638672
2012-06-18,28.899999618530273,27.809999465942383,27.899999618530273,28.739999771118164,2348300.0,25.640321731567383
2012-06-19,29.8799991607666,29.020000457763672,29.06999969482422,29.530000686645508,2630700.0,26.34511947631836
2012-06-20,30.1200008392334,29.239999771118164,29.5,29.6200008392334,2107700.0,26.4254093170166
2012-06-21,29.639999389648438,27.950000762939453,29.520000457763672,28.239999771118164,3417300.0,25.194246292114258
2012-06-22,28.540000915527344,27.559999465942383,28.389999389648438,27.75,2559300.0,24.75709342956543
2012-06-25,27.520000457763672,26.790000915527344,27.43000030517578,26.989999771118164,2653800.0,24.079063415527344
2012-06-26,27.389999389648438,26.649999618530273,26.989999771118164,27.25,4624100.0,24.311019897460938
2012-06-27,27.790000915527344,26.360000610351562,27.260000228881836,26.899999618530273,3907500.0,23.998769760131836
2012-06-28,27.399999618530273,26.559999465942383,26.670000076293945,27.350000381469727,4256400.0,24.400232315063477
2012-06-29,28.540000915527344,27.670000076293945,28.229999542236328,28.540000915527344,3431200.0,25.46189308166504
2012-07-02,28.84000015258789,27.8700008392334,28.610000610351562,28.729999542236328,2175800.0,25.63140296936035
2012-07-03,29.59000015258789,28.729999542236328,28.729999542236328,29.270000457763672,1185200.0,26.113155364990234
2012-07-05,29.6299991607666,29.0,29.18000030517578,29.309999465942383,1428700.0,26.148847579956055
2012-07-06,29.200000762939453,28.6299991607666,28.780000686645508,29.030000686645508,1422300.0,25.899045944213867
2012-07-09,28.940000534057617,28.280000686645508,28.940000534057617,28.809999465942383,1433600.0,25.70277214050293
2012-07-10,29.34000015258789,28.329999923706055,29.059999465942383,28.530000686645508,1965800.0,25.452972412109375
2012-07-11,28.34000015258789,27.700000762939453,28.290000915527344,28.020000457763672,1976800.0,24.997976303100586
2012-07-12,28.360000610351562,27.3700008392334,27.6299991607666,28.1299991607666,1670900.0,25.096113204956055
2012-07-13,28.559999465942383,28.049999237060547,28.270000457763672,28.43000030517578,1294500.0,25.36375617980957
2012-07-16,28.309999465942383,27.549999237060547,28.309999465942383,28.0,1308000.0,24.980127334594727
2012-07-17,28.579999923706055,27.75,28.18000030517578,28.510000228881836,1316800.0,25.435123443603516
2012-07-18,29.40999984741211,28.209999084472656,28.360000610351562,29.079999923706055,1447400.0,25.943653106689453
2012-07-19,29.579999923706055,28.75,29.25,29.290000915527344,2081000.0,26.131004333496094
2012-07-20,29.18000030517578,28.110000610351562,28.989999771118164,28.229999542236328,1586300.0,25.18532943725586
2012-07-23,28.15999984741211,27.3799991607666,27.450000762939453,27.739999771118164,1668100.0,24.748172760009766
2012-07-24,27.899999618530273,27.239999771118164,27.790000915527344,27.670000076293945,1589500.0,24.68572425842285
2012-07-25,28.049999237060547,26.049999237060547,27.93000030517578,26.1299991607666,2654800.0,23.311817169189453
2012-07-26,26.850000381469727,25.700000762939453,26.6299991607666,26.799999237060547,3488500.0,23.909555435180664
2012-07-27,27.600000381469727,26.280000686645508,26.989999771118164,27.350000381469727,3038500.0,24.400232315063477
2012-07-30,27.479999542236328,26.399999618530273,27.290000915527344,26.780000686645508,1721200.0,23.891714096069336
2012-07-31,27.93000030517578,26.25,26.440000534057617,26.860000610351562,3187000.0,23.963088989257812
2012-08-01,28.850000381469727,25.770000457763672,25.989999771118164,27.489999771118164,6754200.0,24.52513313293457
2012-08-02,28.780000686645508,26.450000762939453,26.690000534057617,28.25,3598200.0,25.20317268371582
2012-08-03,30.399999618530273,28.709999084472656,28.709999084472656,29.559999465942383,3308100.0,26.371877670288086
2012-08-06,30.100000381469727,29.149999618530273,29.790000915527344,29.540000915527344,1773100.0,26.354042053222656
2012-08-07,30.520000457763672,29.329999923706055,29.850000381469727,30.309999465942383,1757700.0,27.040992736816406
2012-08-08,30.540000915527344,29.84000015258789,30.200000762939453,30.1200008392334,1466700.0,26.87148666381836
2012-08-09,30.799999237060547,30.059999465942383,30.18000030517578,30.649999618530273,1495000.0,27.344324111938477
2012-08-10,30.600000381469727,29.75,30.43000030517578,29.850000381469727,1488300.0,26.6306095123291
2012-08-13,30.260000228881836,29.770000457763672,29.979999542236328,30.059999465942383,1705300.0,26.81795310974121
2012-08-14,30.709999084472656,29.729999542236328,30.309999465942383,30.059999465942383,1583000.0,26.81795310974121
2012-08-15,30.139999389648438,29.739999771118164,30.110000610351562,29.989999771118164,1069300.0,26.755504608154297
2012-08-16,30.989999771118164,29.6200008392334,30.0,30.90999984741211,2438300.0,27.576276779174805
2012-08-17,31.739999771118164,30.719999313354492,31.3799991607666,31.399999618530273,2045900.0,28.01343536376953
2012-08-20,31.93000030517578,31.0,31.700000762939453,31.889999389648438,1996600.0,28.450590133666992
2012-08-21,32.5,31.530000686645508,31.940000534057617,31.709999084472656,1685500.0,28.28999900817871
2012-08-22,32.130001068115234,31.280000686645508,31.709999084472656,31.540000915527344,1139100.0,28.138336181640625
2012-08-23,32.20000076293945,31.520000457763672,31.770000457763672,32.0,1944200.0,28.548725128173828
2012-08-24,33.47999954223633,31.8799991607666,31.8799991607666,33.18000030517578,3220300.0,29.601455688476562
2012-08-27,33.369998931884766,32.650001525878906,33.209999084472656,32.779998779296875,2566500.0,29.244596481323242
2012-08-28,33.290000915527344,32.61000061035156,32.84000015258789,33.0,1772400.0,29.440872192382812
2012-08-29,33.400001525878906,32.630001068115234,33.04999923706055,33.15999984741211,1621200.0,29.58361053466797
2012-08-30,33.029998779296875,32.40999984741211,32.81999969482422,32.45000076293945,1358200.0,28.9501895904541
2012-08-31,33.84000015258789,32.880001068115234,32.90999984741211,33.36000061035156,1865900.0,29.76205062866211
2012-09-04,33.66999816894531,32.970001220703125,33.459999084472656,33.29999923706055,3386800.0,29.708518981933594
2012-09-05,33.43000030517578,32.540000915527344,33.38999938964844,32.91999816894531,2031200.0,29.3695011138916
2012-09-06,33.459999084472656,33.0,33.29999923706055,33.18000030517578,2006700.0,29.601455688476562
2012-09-07,33.97999954223633,33.33000183105469,33.47999954223633,33.75,1603300.0,30.1099796295166
2012-09-10,34.4900016784668,33.59000015258789,33.709999084472656,33.79999923706055,1715300.0,30.154586791992188
2012-09-11,34.279998779296875,33.709999084472656,33.900001525878906,33.79999923706055,1141600.0,30.154586791992188
2012-09-12,34.45000076293945,33.65999984741211,34.41999816894531,33.970001220703125,1301400.0,30.30624771118164
2012-09-13,34.16999816894531,32.43000030517578,33.4900016784668,33.529998779296875,4032700.0,29.913707733154297
2012-09-14,34.93000030517578,33.650001525878906,33.66999816894531,34.77000045776367,3834300.0,31.01997184753418
2012-09-17,34.61000061035156,33.2400016784668,34.61000061035156,33.41999816894531,2102100.0,29.815567016601562
2012-09-18,33.47999954223633,32.93000030517578,33.38999938964844,33.349998474121094,2118200.0,29.753116607666016
2012-09-19,34.08000183105469,33.400001525878906,33.459999084472656,33.869998931884766,1904800.0,30.2170467376709
2012-09-20,35.650001525878906,34.22999954223633,34.459999084472656,35.119998931884766,3440400.0,31.332229614257812
2012-09-21,35.97999954223633,35.31999969482422,35.5099983215332,35.66999816894531,2938200.0,31.82291030883789
2012-09-24,35.84000015258789,35.150001525878906,35.36000061035156,35.45000076293945,1852700.0,31.626632690429688
2012-09-25,35.70000076293945,34.38999938964844,35.52000045776367,34.38999938964844,1547600.0,30.68095588684082
2012-09-26,34.369998931884766,32.91999816894531,34.31999969482422,33.400001525878906,1834900.0,29.7977294921875
2012-09-27,34.34000015258789,32.95000076293945,33.560001373291016,34.15999984741211,1313200.0,30.475759506225586
2012-09-28,33.91999816894531,33.130001068115234,33.79999923706055,33.459999084472656,1261600.0,29.851259231567383
2012-10-01,33.84000015258789,32.900001525878906,32.959999084472656,33.38999938964844,1486300.0,29.78881072998047
2012-10-02,33.95000076293945,33.439998626708984,33.650001525878906,33.70000076293945,1151600.0,30.065370559692383
2012-10-03,35.0,33.709999084472656,33.90999984741211,34.47999954223633,1456200.0,30.76125144958496
2012-10-04,34.400001525878906,33.779998779296875,34.119998931884766,34.220001220703125,1603100.0,30.52928924560547
2012-10-05,35.16999816894531,34.380001068115234,34.47999954223633,34.529998779296875,1407100.0,30.80585289001465
2012-10-08,34.369998931884766,33.70000076293945,34.33000183105469,33.95000076293945,767000.0,30.288402557373047
2012-10-09,31.6299991607666,29.850000381469727,30.780000686645508,31.1200008392334,10538400.0,27.763639450073242
2012-10-10,30.989999771118164,30.06999969482422,30.639999389648438,30.209999084472656,3153200.0,26.9517765045166
2012-10-11,30.799999237060547,29.479999542236328,30.440000534057617,29.6299991607666,2624600.0,26.434329986572266
2012-10-12,29.950000762939453,29.549999237060547,29.6200008392334,29.950000762939453,2205300.0,26.71982192993164
2012-10-15,30.850000381469727,29.920000076293945,30.059999465942383,30.690000534057617,1912800.0,27.380006790161133
2012-10-16,31.299999237060547,30.65999984741211,30.690000534057617,31.190000534057617,1197700.0,27.826082229614258
2012-10-17,33.400001525878906,31.65999984741211,33.22999954223633,31.790000915527344,2426500.0,28.361371994018555
2012-10-18,32.439998626708984,31.209999084472656,31.579999923706055,32.130001068115234,1134100.0,28.66470718383789
2012-10-19,32.5,31.729999542236328,32.029998779296875,32.2599983215332,1312200.0,28.780675888061523
2012-10-22,32.939998626708984,31.90999984741211,32.16999816894531,32.369998931884766,1337200.0,28.878820419311523
2012-10-23,32.52000045776367,31.479999542236328,31.979999542236328,32.34000015258789,2133600.0,28.85205841064453
2012-10-24,34.09000015258789,32.0,32.47999954223633,32.2599983215332,2542300.0,28.780675888061523
2012-10-25,32.7599983215332,30.860000610351562,32.7599983215332,30.959999084472656,2616700.0,27.620891571044922
2012-10-26,31.6299991607666,30.959999084472656,31.100000381469727,31.440000534057617,2597600.0,28.049121856689453
2012-10-31,34.529998779296875,32.900001525878906,33.0099983215332,33.59000015258789,3876200.0,29.967239379882812
2012-11-01,34.45000076293945,33.599998474121094,33.709999084472656,34.06999969482422,3528600.0,30.39546012878418
2012-11-02,34.86000061035156,33.869998931884766,34.349998474121094,33.88999938964844,1822100.0,30.23487663269043
2012-11-05,34.689998626708984,33.40999984741211,33.599998474121094,34.540000915527344,2620000.0,30.81477928161621
2012-11-06,35.20000076293945,34.439998626708984,34.88999938964844,34.849998474121094,2818900.0,31.091339111328125
2012-11-07,34.720001220703125,33.66999816894531,34.06999969482422,34.33000183105469,1415600.0,30.627426147460938
2012-11-08,34.5,33.290000915527344,34.310001373291016,33.630001068115234,1698600.0,30.0029239654541
2012-11-09,33.880001068115234,32.75,33.52000045776367,33.45000076293945,2234600.0,29.842334747314453
2012-11-12,34.119998931884766,32.810001373291016,33.65999984741211,33.040000915527344,1333700.0,29.4765567779541
2012-11-13,33.5,32.81999969482422,33.27000045776367,33.02000045776367,1681900.0,29.458715438842773
2012-11-14,33.459999084472656,32.040000915527344,33.279998779296875,32.13999938964844,1584400.0,28.673625946044922
2012-11-15,32.5,31.219999313354492,32.029998779296875,31.729999542236328,2078500.0,28.307842254638672
2012-11-16,32.29999923706055,31.479999542236328,31.860000610351562,32.18000030517578,1048300.0,28.709312438964844
2012-11-19,33.56999969482422,32.5099983215332,32.66999816894531,32.689998626708984,1108800.0,29.164302825927734
2012-11-20,33.43000030517578,32.689998626708984,32.79999923706055,33.27000045776367,1237800.0,29.681751251220703
2012-11-21,34.04999923706055,33.150001525878906,33.33000183105469,33.369998931884766,940600.0,29.77096176147461
2012-11-23,33.95000076293945,33.4900016784668,33.63999938964844,33.66999816894531,386700.0,30.038618087768555
2012-11-26,33.869998931884766,33.150001525878906,33.529998779296875,33.43000030517578,1148600.0,29.824493408203125
2012-11-27,33.83000183105469,33.099998474121094,33.25,33.619998931884766,1696000.0,29.994007110595703
2012-11-28,34.0,33.150001525878906,33.470001220703125,33.88999938964844,1203300.0,30.23487663269043
2012-11-29,35.0,33.91999816894531,34.02000045776367,34.349998474121094,1603500.0,30.6452579498291
2012-11-30,34.790000915527344,33.9900016784668,34.36000061035156,34.58000183105469,1307000.0,30.850461959838867
2012-12-03,34.90999984741211,34.25,34.779998779296875,34.59000015258789,1752300.0,30.859384536743164
2012-12-04,34.849998474121094,33.970001220703125,34.72999954223633,34.40999984741211,855700.0,30.698795318603516
2012-12-05,34.59000015258789,33.18000030517578,34.45000076293945,33.65999984741211,1269500.0,30.029687881469727
2012-12-06,33.86000061035156,32.79999923706055,33.59000015258789,33.72999954223633,1310400.0,30.092138290405273
2012-12-07,34.119998931884766,33.439998626708984,33.72999954223633,33.59000015258789,1052000.0,29.967239379882812
2012-12-10,34.709999084472656,33.58000183105469,33.619998931884766,34.119998931884766,1474400.0,30.440074920654297
2012-12-11,34.529998779296875,34.099998474121094,34.52000045776367,34.2599983215332,1092300.0,30.56497573852539
2012-12-12,35.380001068115234,34.369998931884766,34.54999923706055,35.09000015258789,1640800.0,31.30546760559082
2012-12-13,35.97999954223633,35.04999923706055,35.150001525878906,35.29999923706055,2088800.0,31.492813110351562
2012-12-14,35.65999984741211,35.0,35.40999984741211,35.619998931884766,984300.0,31.77829933166504
2012-12-17,36.720001220703125,35.650001525878906,35.869998931884766,36.650001525878906,2423300.0,32.69721603393555
2012-12-18,37.41999816894531,36.66999816894531,36.75,36.9900016784668,1912900.0,33.00054168701172
2012-12-19,37.09000015258789,36.41999816894531,37.040000915527344,36.970001220703125,1255800.0,32.98269271850586
2012-12-20,37.2599983215332,36.689998626708984,37.0,37.04999923706055,1445600.0,33.05406951904297
2012-12-21,37.0,36.38999938964844,36.400001525878906,36.86000061035156,1495500.0,32.884559631347656
2012-12-24,37.0,36.7400016784668,36.75,36.900001525878906,373300.0,32.920249938964844
2012-12-26,37.099998474121094,36.130001068115234,36.88999938964844,36.38999938964844,872100.0,32.46524429321289
2012-12-27,36.70000076293945,36.02000045776367,36.5,36.66999816894531,817800.0,32.715049743652344
2012-12-28,36.7599983215332,35.9900016784668,36.75,36.31999969482422,1071300.0,32.402801513671875
2012-12-31,37.119998931884766,36.16999816894531,36.279998779296875,36.9900016784668,1383400.0,33.00054168701172
2013-01-02,38.869998931884766,37.709999084472656,37.790000915527344,38.349998474121094,1592700.0,34.21385955810547
2013-01-03,39.099998474121094,38.029998779296875,38.31999969482422,38.22999954223633,1457500.0,34.1068115234375
2013-01-04,38.470001220703125,38.04999923706055,38.38999938964844,38.290000915527344,929400.0,34.16033172607422
2013-01-07,38.310001373291016,37.72999954223633,38.060001373291016,38.0,857000.0,33.90160369873047
2013-01-08,38.83000183105469,37.88999938964844,37.970001220703125,38.43000030517578,1135200.0,34.28523635864258
2013-01-09,39.72999954223633,38.65999984741211,38.709999084472656,39.13999938964844,2662900.0,34.91864776611328
2013-01-10,39.380001068115234,38.45000076293945,39.349998474121094,39.099998474121094,1860900.0,34.882965087890625
2013-01-11,39.75,39.27000045776367,39.45000076293945,39.45000076293945,2244900.0,35.195220947265625
2013-01-14,39.619998931884766,38.95000076293945,39.369998931884766,39.040000915527344,1468700.0,34.82945251464844
2013-01-15,39.529998779296875,38.97999954223633,39.11000061035156,39.38999938964844,1539500.0,35.14169692993164
2013-01-16,39.369998931884766,38.900001525878906,39.27000045776367,39.22999954223633,898400.0,34.99895095825195
2013-01-17,40.130001068115234,39.40999984741211,39.5,40.06999969482422,2643500.0,35.748355865478516
2013-01-18,40.58000183105469,39.93000030517578,40.06999969482422,40.2400016784668,1907400.0,35.900028228759766
2013-01-22,41.349998474121094,40.31999969482422,40.34000015258789,41.25,1990600.0,36.80108642578125
2013-01-23,41.599998474121094,40.81999969482422,41.18000030517578,41.18000030517578,1255000.0,36.73863983154297
2013-01-24,41.81999969482422,40.86000061035156,41.119998931884766,41.2400016784668,1388500.0,36.79216766357422
2013-01-25,42.18000030517578,41.130001068115234,41.400001525878906,42.02000045776367,1295600.0,37.488040924072266
2013-01-28,42.79999923706055,40.720001220703125,42.290000915527344,41.279998779296875,2448400.0,36.82783889770508
2013-01-29,42.25,41.16999816894531,41.400001525878906,42.040000915527344,1266800.0,37.50589370727539
2013-01-30,42.349998474121094,41.47999954223633,42.0099983215332,41.689998626708984,1005900.0,37.193626403808594
2013-01-31,41.939998626708984,41.20000076293945,41.52000045776367,41.66999816894531,1105000.0,37.1757926940918
2013-02-01,42.63999938964844,41.560001373291016,42.11000061035156,41.66999816894531,963200.0,37.1757926940918
2013-02-04,41.790000915527344,41.099998474121094,41.38999938964844,41.36000061035156,670200.0,36.899227142333984
2013-02-05,41.630001068115234,40.36000061035156,41.45000076293945,41.529998779296875,1552700.0,37.05088806152344
2013-02-06,42.15999984741211,41.150001525878906,41.27000045776367,42.15999984741211,1459500.0,37.61294174194336
2013-02-07,42.54999923706055,41.459999084472656,42.150001525878906,42.22999954223633,2755700.0,37.67539978027344
2013-02-08,42.93000030517578,41.540000915527344,42.220001220703125,42.63999938964844,1479300.0,38.04117202758789
2013-02-11,42.97999954223633,42.380001068115234,42.630001068115234,42.70000076293945,1070700.0,38.094696044921875
2013-02-12,43.650001525878906,42.27000045776367,42.45000076293945,43.38999938964844,2038300.0,38.710289001464844
2013-02-13,43.880001068115234,42.970001220703125,43.15999984741211,43.2400016784668,2262600.0,38.57646179199219
2013-02-14,43.40999984741211,42.779998779296875,43.22999954223633,42.790000915527344,2718900.0,38.17499542236328
2013-02-15,43.040000915527344,42.34000015258789,42.79999923706055,42.790000915527344,2662700.0,38.17499542236328
2013-02-19,43.36000061035156,42.869998931884766,42.93000030517578,43.34000015258789,3071500.0,38.66567611694336
2013-02-20,42.2400016784668,39.0,41.70000076293945,39.90999984741211,9395400.0,35.60561752319336
2013-02-21,40.15999984741211,38.06999969482422,40.0099983215332,38.720001220703125,4510000.0,34.54395294189453
2013-02-22,40.220001220703125,38.959999084472656,39.040000915527344,40.150001525878906,2809700.0,35.81972885131836
2013-02-25,40.2400016784668,38.2400016784668,40.04999923706055,38.279998779296875,2529700.0,34.15140914916992
2013-02-26,39.540000915527344,38.369998931884766,38.54999923706055,39.290000915527344,2206900.0,35.05247497558594
2013-02-27,39.7400016784668,38.91999816894531,39.18000030517578,39.16999816894531,1892300.0,34.9454231262207
2013-02-28,40.0,38.779998779296875,39.20000076293945,38.810001373291016,2056100.0,34.62424087524414
2013-03-01,39.0,38.08000183105469,38.54999923706055,38.650001525878906,2164600.0,34.48149871826172
2013-03-04,39.459999084472656,38.58000183105469,38.599998474121094,39.25,1348900.0,35.01679992675781
2013-03-05,39.81999969482422,39.34000015258789,39.52000045776367,39.650001525878906,1090500.0,35.37364959716797
2013-03-06,40.13999938964844,39.529998779296875,39.900001525878906,39.689998626708984,1188700.0,35.409324645996094
2013-03-07,40.060001373291016,39.33000183105469,39.72999954223633,39.380001068115234,1504100.0,35.13277053833008
2013-03-08,40.20000076293945,39.45000076293945,39.880001068115234,40.18000030517578,1234900.0,35.84649658203125
2013-03-11,40.4900016784668,39.91999816894531,40.18000030517578,40.029998779296875,1407300.0,35.71266555786133
2013-03-12,40.29999923706055,39.5,40.0099983215332,39.7400016784668,937400.0,35.45394515991211
2013-03-13,40.060001373291016,39.52000045776367,39.7599983215332,40.04999923706055,1155900.0,35.730506896972656
2013-03-14,41.13999938964844,40.04999923706055,40.099998474121094,40.61000061035156,1522400.0,36.23012161254883
2013-03-15,41.02000045776367,40.20000076293945,40.560001373291016,40.599998474121094,1514700.0,36.221187591552734
2013-03-18,41.099998474121094,39.95000076293945,39.95000076293945,40.7599983215332,1331200.0,36.36394119262695
2013-03-19,41.77000045776367,40.18000030517578,41.040000915527344,40.630001068115234,1572400.0,36.247955322265625
2013-03-20,41.7400016784668,40.939998626708984,40.97999954223633,41.31999969482422,1564300.0,36.86353302001953
2013-03-21,41.2400016784668,40.439998626708984,41.2400016784668,40.790000915527344,1132300.0,36.390716552734375
2013-03-22,41.15999984741211,39.540000915527344,40.939998626708984,39.720001220703125,2536300.0,35.43610763549805
2013-03-25,40.0,38.560001373291016,39.83000183105469,38.84000015258789,2073300.0,34.6510124206543
2013-03-26,39.61000061035156,38.970001220703125,39.0,39.58000183105469,1210500.0,35.31120681762695
2013-03-27,39.4900016784668,38.95000076293945,39.220001220703125,39.369998931884766,819600.0,35.123844146728516
2013-03-28,39.59000015258789,39.0099983215332,39.36000061035156,39.43000030517578,906400.0,35.17738342285156
2013-04-01,39.65999984741211,38.119998931884766,39.41999816894531,38.2599983215332,1914600.0,34.133567810058594
2013-04-02,38.439998626708984,37.4900016784668,38.380001068115234,37.77000045776367,2520500.0,33.6964111328125
2013-04-03,38.029998779296875,36.86000061035156,37.83000183105469,37.2599983215332,2115900.0,33.24142074584961
2013-04-04,37.900001525878906,37.02000045776367,37.2599983215332,37.720001220703125,1988300.0,33.65180969238281
2013-04-05,38.130001068115234,36.93000030517578,37.0099983215332,38.099998474121094,1645300.0,33.99081802368164
2013-04-08,39.130001068115234,37.779998779296875,38.18000030517578,38.970001220703125,1484000.0,34.766998291015625
2013-04-09,39.13999938964844,38.31999969482422,39.060001373291016,38.689998626708984,1057700.0,34.51719284057617
2013-04-10,39.38999938964844,38.61000061035156,38.790000915527344,39.369998931884766,982100.0,35.123844146728516
2013-04-11,39.939998626708984,39.15999984741211,39.290000915527344,39.27000045776367,976100.0,35.034629821777344
2013-04-12,40.65999984741211,39.060001373291016,39.599998474121094,39.400001525878906,2448000.0,35.150611877441406
2013-04-15,39.25,37.68000030517578,39.11000061035156,37.72999954223633,1432200.0,33.660728454589844
2013-04-16,39.060001373291016,37.86000061035156,38.599998474121094,39.04999923706055,2886100.0,34.83835983276367
2013-04-17,38.79999923706055,37.720001220703125,38.630001068115234,38.439998626708984,1637800.0,34.294151306152344
2013-04-18,39.04999923706055,38.09000015258789,38.5,38.5,1631500.0,34.347686767578125
2013-04-19,39.47999954223633,38.52000045776367,38.709999084472656,39.2400016784668,1293900.0,35.00786590576172
2013-04-22,39.970001220703125,38.790000915527344,39.34000015258789,39.66999816894531,1945600.0,35.39149475097656
2013-04-23,40.34000015258789,39.72999954223633,40.04999923706055,40.119998931884766,2631700.0,35.792964935302734
2013-04-24,42.93000030517578,41.41999816894531,42.220001220703125,42.130001068115234,6070900.0,37.58617401123047
2013-04-25,42.91999816894531,42.220001220703125,42.5,42.65999984741211,2495400.0,38.059017181396484
2013-04-26,42.77000045776367,42.0,42.66999816894531,42.380001068115234,1288100.0,37.80921936035156
2013-04-29,42.97999954223633,42.31999969482422,42.65999984741211,42.45000076293945,1599500.0,37.871665954589844
2013-04-30,42.72999954223633,41.81999969482422,42.380001068115234,42.060001373291016,1623500.0,37.52372360229492
2013-05-01,42.029998779296875,41.150001525878906,41.90999984741211,41.31999969482422,1467900.0,36.86353302001953
2013-05-02,42.099998474121094,41.43000030517578,41.43000030517578,41.88999938964844,1278700.0,37.372066497802734
2013-05-03,43.33000183105469,42.36000061035156,42.5099983215332,42.81999969482422,2061700.0,38.201759338378906
2013-05-06,43.29999923706055,42.630001068115234,42.97999954223633,43.0099983215332,1639400.0,38.37126159667969
2013-05-07,43.439998626708984,42.5,43.09000015258789,43.060001373291016,1458800.0,38.41587448120117
2013-05-08,43.459999084472656,42.75,43.060001373291016,43.290000915527344,1714000.0,38.62106704711914
2013-05-09,43.68000030517578,42.84000015258789,43.2599983215332,42.939998626708984,1557600.0,38.308815002441406
2013-05-10,43.63999938964844,42.779998779296875,42.939998626708984,43.619998931884766,1438800.0,38.91547393798828
2013-05-13,44.75,43.630001068115234,44.33000183105469,43.97999954223633,1924000.0,39.23664855957031
2013-05-14,44.810001373291016,43.880001068115234,43.88999938964844,44.810001373291016,1067100.0,39.97713851928711
2013-05-15,45.22999954223633,44.540000915527344,44.58000183105469,44.95000076293945,1697800.0,40.10203170776367
2013-05-16,45.08000183105469,44.0,44.720001220703125,44.130001068115234,1320200.0,39.3704719543457
2013-05-17,44.869998931884766,44.290000915527344,44.5,44.869998931884766,1361100.0,40.03065872192383
2013-05-20,45.25,44.45000076293945,44.939998626708984,44.790000915527344,720600.0,39.95929718017578
2013-05-21,45.0,44.279998779296875,44.79999923706055,44.529998779296875,657200.0,39.727333068847656
2013-05-22,45.54999923706055,43.880001068115234,44.720001220703125,44.22999954223633,2324800.0,39.459686279296875
2013-05-23,44.90999984741211,43.400001525878906,43.650001525878906,44.41999816894531,1967000.0,39.629188537597656
2013-05-24,44.349998474121094,43.45000076293945,44.13999938964844,44.209999084472656,992800.0,39.44184875488281
2013-05-28,44.959999084472656,44.18000030517578,44.790000915527344,44.40999984741211,1052500.0,39.62027359008789
2013-05-29,44.13999938964844,43.25,44.13999938964844,43.459999084472656,1178200.0,38.772735595703125
2013-05-30,44.369998931884766,43.439998626708984,43.630001068115234,44.15999984741211,1177400.0,39.39724349975586
2013-05-31,44.34000015258789,43.70000076293945,43.86000061035156,43.70000076293945,1132700.0,38.98685073852539
2013-06-03,43.84000015258789,42.68000030517578,43.84000015258789,43.459999084472656,1228500.0,38.772735595703125
2013-06-04,44.099998474121094,42.20000076293945,43.470001220703125,42.459999084472656,2095400.0,37.880584716796875
2013-06-05,42.56999969482422,41.380001068115234,42.119998931884766,41.68000030517578,1781500.0,37.18471145629883
2013-06-06,42.369998931884766,41.279998779296875,41.54999923706055,42.33000183105469,1138400.0,37.764610290527344
2013-06-07,42.880001068115234,41.93000030517578,42.560001373291016,42.5099983215332,1031200.0,37.92518997192383
2013-06-10,42.79999923706055,41.5,42.7400016784668,42.369998931884766,1188600.0,37.8002815246582
2013-06-11,42.040000915527344,41.2599983215332,41.63999938964844,41.52000045776367,1163400.0,37.04197692871094
2013-06-12,42.029998779296875,40.970001220703125,41.97999954223633,41.2599983215332,898500.0,36.80999755859375
2013-06-13,42.630001068115234,41.290000915527344,41.650001525878906,42.43000030517578,1691500.0,37.85382080078125
2013-06-14,43.040000915527344,42.290000915527344,42.459999084472656,42.619998931884766,1531800.0,38.02333450317383
2013-06-17,43.779998779296875,42.95000076293945,43.09000015258789,43.36000061035156,1720100.0,38.68351364135742
2013-06-18,43.5,42.95000076293945,43.470001220703125,43.18000030517578,1869900.0,38.5229377746582
2013-06-19,43.65999984741211,42.650001525878906,43.65999984741211,42.650001525878906,2199000.0,38.05009841918945
2013-06-20,42.40999984741211,41.369998931884766,42.220001220703125,41.709999084472656,2087600.0,37.21148681640625
2013-06-21,42.11000061035156,40.709999084472656,42.02000045776367,41.0099983215332,2361800.0,36.58696365356445
2013-06-24,40.560001373291016,38.86000061035156,40.33000183105469,40.119998931884766,2821600.0,35.792964935302734
2013-06-25,41.22999954223633,40.529998779296875,40.75,40.630001068115234,1819100.0,36.247955322265625
2013-06-26,41.81999969482422,40.68000030517578,40.84000015258789,40.849998474121094,2005500.0,36.4442253112793
2013-06-27,41.41999816894531,40.04999923706055,41.16999816894531,41.11000061035156,2097300.0,36.67618942260742
2013-06-28,40.33000183105469,39.08000183105469,40.220001220703125,39.08000183105469,3853700.0,34.865135192871094
2013-07-01,39.779998779296875,38.86000061035156,39.150001525878906,39.2400016784668,2395500.0,35.00786590576172
2013-07-02,39.7400016784668,38.970001220703125,39.290000915527344,39.060001373291016,1767600.0,34.8472900390625
2013-07-03,39.2599983215332,38.849998474121094,38.849998474121094,39.04999923706055,592400.0,34.83835983276367
2013-07-05,39.5,38.349998474121094,39.459999084472656,38.880001068115234,1330300.0,34.68670654296875
2013-07-08,39.310001373291016,37.75,39.09000015258789,38.150001525878906,2685000.0,34.035430908203125
2013-07-09,39.61000061035156,38.209999084472656,38.33000183105469,39.150001525878906,2820700.0,34.92757797241211
2013-07-10,39.540000915527344,38.86000061035156,39.2599983215332,39.279998779296875,2074300.0,35.043548583984375
2013-07-11,40.790000915527344,39.91999816894531,39.97999954223633,40.599998474121094,2531200.0,36.221187591552734
2013-07-12,41.209999084472656,40.459999084472656,40.5,40.720001220703125,1584600.0,36.32826232910156
2013-07-15,41.060001373291016,40.529998779296875,40.77000045776367,40.68000030517578,1082800.0,36.292572021484375
2013-07-16,40.970001220703125,40.08000183105469,40.66999816894531,40.150001525878906,1434800.0,35.81972885131836
2013-07-17,40.369998931884766,39.63999938964844,40.27000045776367,39.97999954223633,903300.0,35.668060302734375
2013-07-18,40.91999816894531,39.90999984741211,39.939998626708984,40.34000015258789,899000.0,35.98923110961914
2013-07-19,40.22999954223633,39.27000045776367,40.13999938964844,39.810001373291016,2343000.0,35.516395568847656
2013-07-22,40.04999923706055,39.20000076293945,39.869998931884766,40.0099983215332,1474200.0,35.69482421875
2013-07-23,40.61000061035156,39.54999923706055,40.220001220703125,39.83000183105469,2977600.0,35.534236907958984
2013-07-24,41.33000183105469,38.439998626708984,39.150001525878906,39.349998474121094,12110000.0,35.10599899291992
2013-07-25,39.619998931884766,38.029998779296875,39.11000061035156,39.279998779296875,3008900.0,35.043548583984375
2013-07-26,39.5,39.060001373291016,39.060001373291016,39.41999816894531,1226100.0,35.168453216552734
2013-07-29,40.029998779296875,39.119998931884766,39.220001220703125,39.599998474121094,1974700.0,35.32904052734375
2013-07-30,40.06999969482422,39.38999938964844,40.029998779296875,39.59000015258789,1690100.0,35.320125579833984
2013-07-31,39.95000076293945,39.2400016784668,39.65999984741211,39.4900016784668,1974400.0,35.23090362548828
2013-08-01,40.25,39.61000061035156,39.91999816894531,39.72999954223633,2492100.0,35.44502639770508
2013-08-02,40.66999816894531,39.70000076293945,39.7400016784668,40.52000045776367,2459000.0,36.14982223510742
2013-08-05,40.630001068115234,39.939998626708984,40.560001373291016,39.95000076293945,1759800.0,35.64128875732422
2013-08-06,39.91999816894531,38.63999938964844,39.84000015258789,38.66999816894531,2246900.0,34.49934768676758
2013-08-07,38.630001068115234,37.849998474121094,38.47999954223633,38.290000915527344,3712700.0,34.16033172607422
2013-08-08,38.95000076293945,38.5,38.66999816894531,38.5099983215332,2170800.0,34.35660934448242
2013-08-09,38.790000915527344,38.15999984741211,38.5,38.31999969482422,1871800.0,34.18709182739258
2013-08-12,38.560001373291016,37.75,38.040000915527344,38.0,2133100.0,33.90160369873047
2013-08-13,38.15999984741211,37.689998626708984,38.15999984741211,37.93000030517578,2719400.0,33.83915328979492
2013-08-14,37.9900016784668,37.5,37.869998931884766,37.689998626708984,1207900.0,33.62504959106445
2013-08-15,37.849998474121094,36.68000030517578,37.459999084472656,37.810001373291016,1554100.0,33.732093811035156
2013-08-16,38.369998931884766,37.61000061035156,37.7400016784668,37.779998779296875,932000.0,33.7053337097168
2013-08-19,37.88999938964844,37.099998474121094,37.72999954223633,37.25,1313000.0,33.23249435424805
2013-08-20,38.20000076293945,37.08000183105469,37.36000061035156,37.959999084472656,1231300.0,33.865928649902344
2013-08-21,38.83000183105469,37.68000030517578,37.779998779296875,38.45000076293945,1498300.0,34.303077697753906
2013-08-22,39.470001220703125,38.400001525878906,38.459999084472656,39.09000015258789,1060100.0,34.87405014038086
2013-08-23,39.150001525878906,38.220001220703125,39.13999938964844,38.43000030517578,868500.0,34.28523635864258
2013-08-26,38.689998626708984,38.06999969482422,38.2599983215332,38.25,648100.0,34.12464141845703
2013-08-27,38.119998931884766,37.5,37.779998779296875,37.689998626708984,1055600.0,33.62504959106445
2013-08-28,37.93000030517578,37.38999938964844,37.63999938964844,37.619998931884766,981700.0,33.56258773803711
2013-08-29,38.439998626708984,37.400001525878906,37.66999816894531,37.72999954223633,529100.0,33.660728454589844
2013-08-30,37.900001525878906,37.36000061035156,37.650001525878906,37.439998626708984,830000.0,33.40200424194336
2013-09-03,38.5099983215332,37.84000015258789,37.93000030517578,38.34000015258789,1449600.0,34.20494079589844
2013-09-04,38.459999084472656,38.0,38.279998779296875,38.130001068115234,1430300.0,34.017581939697266
2013-09-05,38.54999923706055,37.7400016784668,38.209999084472656,37.810001373291016,1063100.0,33.732093811035156
2013-09-06,38.599998474121094,37.7400016784668,38.119998931884766,37.95000076293945,1352400.0,33.85700225830078
2013-09-09,39.459999084472656,37.93000030517578,38.18000030517578,39.310001373291016,1718800.0,35.07032012939453
2013-09-10,39.779998779296875,38.9900016784668,39.45000076293945,39.52000045776367,1566100.0,35.257667541503906
2013-09-11,39.88999938964844,39.15999984741211,39.52000045776367,39.68000030517578,801900.0,35.400413513183594
2013-09-12,40.209999084472656,39.599998474121094,39.599998474121094,39.86000061035156,1207600.0,35.56100845336914
2013-09-13,39.869998931884766,39.22999954223633,39.84000015258789,39.27000045776367,1010000.0,35.034629821777344
2013-09-16,40.099998474121094,39.220001220703125,39.95000076293945,39.2400016784668,920200.0,35.00786590576172
2013-09-17,39.68000030517578,39.209999084472656,39.29999923706055,39.41999816894531,1357800.0,35.168453216552734
2013-09-18,40.880001068115234,39.06999969482422,39.5,40.68000030517578,2216800.0,36.292572021484375
2013-09-19,41.27000045776367,40.560001373291016,40.75,40.70000076293945,1356500.0,36.31041717529297
2013-09-20,40.849998474121094,39.91999816894531,40.779998779296875,39.970001220703125,1508100.0,35.65913391113281
2013-09-23,40.310001373291016,39.02000045776367,39.84000015258789,39.130001068115234,1415800.0,34.90973663330078
2013-09-24,40.0,39.02000045776367,39.150001525878906,39.20000076293945,2007100.0,34.97218704223633
2013-09-25,39.380001068115234,38.41999816894531,39.16999816894531,38.5,2731700.0,34.347686767578125
2013-09-26,39.0,37.91999816894531,39.0,38.31999969482422,2128600.0,34.18709182739258
2013-09-27,38.7599983215332,38.02000045776367,38.7599983215332,38.189998626708984,1844400.0,34.07111740112305
2013-09-30,38.220001220703125,37.65999984741211,37.900001525878906,37.97999954223633,2180500.0,33.88376998901367
2013-10-01,38.380001068115234,37.709999084472656,37.810001373291016,37.970001220703125,1864900.0,33.87484359741211
2013-10-02,38.15999984741211,37.47999954223633,37.709999084472656,37.81999969482422,1347600.0,33.74101257324219
2013-10-03,37.95000076293945,37.09000015258789,37.709999084472656,37.22999954223633,1565100.0,33.214656829833984
2013-10-04,37.33000183105469,36.619998931884766,37.16999816894531,36.91999816894531,1463500.0,32.93809127807617
2013-10-07,36.91999816894531,36.459999084472656,36.619998931884766,36.650001525878906,1380900.0,32.69721603393555
2013-10-08,37.119998931884766,36.18000030517578,36.70000076293945,36.380001068115234,2002700.0,32.456321716308594
2013-10-09,37.529998779296875,36.560001373291016,37.0099983215332,36.970001220703125,2718100.0,32.98269271850586
2013-10-10,37.70000076293945,37.209999084472656,37.290000915527344,37.47999954223633,948900.0,33.43769073486328
2013-10-11,38.630001068115234,37.349998474121094,37.540000915527344,38.54999923706055,2308200.0,34.392295837402344
2013-10-14,38.56999969482422,38.060001373291016,38.16999816894531,38.5099983215332,1349800.0,34.35660934448242
2013-10-15,38.5099983215332,38.099998474121094,38.41999816894531,38.22999954223633,1795700.0,34.1068115234375
2013-10-16,38.54999923706055,38.04999923706055,38.33000183105469,38.290000915527344,989900.0,34.16033172607422
2013-10-17,38.90999984741211,37.91999816894531,38.0,38.84000015258789,1146400.0,34.6510124206543
2013-10-18,39.130001068115234,38.45000076293945,38.880001068115234,38.9900016784668,970400.0,34.78483200073242
2013-10-21,39.060001373291016,38.099998474121094,39.040000915527344,38.220001220703125,1182500.0,34.09788513183594
2013-10-22,39.880001068115234,38.5099983215332,38.619998931884766,39.75,2346100.0,35.46287155151367
2013-10-23,39.16999816894531,37.540000915527344,39.060001373291016,38.34000015258789,5011500.0,34.20494079589844
2013-10-24,38.310001373291016,37.54999923706055,37.83000183105469,37.790000915527344,3737500.0,33.71426010131836
2013-10-25,38.029998779296875,37.619998931884766,37.869998931884766,37.79999923706055,2106700.0,33.72317886352539
2013-10-28,37.459999084472656,36.939998626708984,37.209999084472656,37.40999984741211,2400100.0,33.37523651123047
2013-10-29,37.83000183105469,37.400001525878906,37.400001525878906,37.4900016784668,2277800.0,33.446617126464844
2013-10-30,37.790000915527344,36.470001220703125,37.66999816894531,36.63999938964844,2679400.0,32.688289642333984
2013-10-31,36.720001220703125,35.689998626708984,36.61000061035156,35.93000030517578,3357400.0,32.054866790771484
2013-11-01,36.0099983215332,35.38999938964844,35.900001525878906,35.880001068115234,2539700.0,32.01026153564453
2013-11-04,36.16999816894531,35.599998474121094,36.130001068115234,35.81999969482422,1813400.0,31.95672607421875
2013-11-05,35.72999954223633,35.40999984741211,35.650001525878906,35.619998931884766,1397200.0,31.77829933166504
2013-11-06,36.06999969482422,35.5,35.66999816894531,35.9900016784668,2340500.0,32.108394622802734
2013-11-07,36.279998779296875,35.619998931884766,36.0,35.65999984741211,1800900.0,31.81398582458496
2013-11-08,35.88999938964844,34.40999984741211,35.619998931884766,35.79999923706055,2438900.0,31.938884735107422
2013-11-11,35.880001068115234,35.290000915527344,35.709999084472656,35.63999938964844,1263500.0,31.796144485473633
2013-11-12,35.880001068115234,35.22999954223633,35.619998931884766,35.709999084472656,1359300.0,31.858592987060547
2013-11-13,36.439998626708984,35.540000915527344,35.619998931884766,36.400001525878906,2536800.0,32.47416687011719
2013-11-14,37.33000183105469,36.41999816894531,36.63999938964844,37.31999969482422,1897800.0,33.29494094848633
2013-11-15,37.5,36.91999816894531,37.36000061035156,36.9900016784668,1252800.0,33.00054168701172
2013-11-18,37.66999816894531,36.970001220703125,37.189998626708984,37.06999969482422,1698800.0,33.07191467285156
2013-11-19,37.619998931884766,36.849998474121094,37.2400016784668,36.9900016784668,1021600.0,33.00054168701172
2013-11-20,37.22999954223633,36.45000076293945,37.0,36.59000015258789,1071000.0,32.643672943115234
2013-11-21,37.22999954223633,36.5099983215332,36.59000015258789,36.869998931884766,937000.0,32.89348602294922
2013-11-22,37.16999816894531,36.81999969482422,36.93000030517578,36.869998931884766,690700.0,32.89348602294922
2013-11-25,38.380001068115234,36.86000061035156,36.86000061035156,37.90999984741211,2554200.0,33.821311950683594
2013-11-26,39.52000045776367,37.900001525878906,38.060001373291016,39.34000015258789,2363700.0,35.097084045410156
2013-11-27,39.459999084472656,39.0099983215332,39.25,39.16999816894531,1369400.0,34.9454231262207
2013-11-29,39.40999984741211,38.93000030517578,39.349998474121094,39.15999984741211,505900.0,34.93650436401367
2013-12-02,39.400001525878906,38.779998779296875,39.15999984741211,38.810001373291016,1903900.0,34.62424087524414
2013-12-03,38.790000915527344,38.040000915527344,38.5099983215332,38.400001525878906,1170300.0,34.25847625732422
2013-12-04,39.2599983215332,38.22999954223633,38.900001525878906,38.54999923706055,1188600.0,34.392295837402344
2013-12-05,38.459999084472656,37.779998779296875,38.43000030517578,37.869998931884766,1082900.0,33.7856330871582
2013-12-06,39.02000045776367,38.150001525878906,38.290000915527344,38.439998626708984,783100.0,34.294151306152344
2013-12-09,39.09000015258789,38.38999938964844,38.38999938964844,38.88999938964844,599300.0,34.69562530517578
2013-12-10,39.619998931884766,38.790000915527344,38.790000915527344,39.119998931884766,1276900.0,34.90081024169922
2013-12-11,39.099998474121094,37.869998931884766,39.060001373291016,38.20000076293945,1121900.0,34.08004379272461
2013-12-12,38.43000030517578,38.0,38.11000061035156,38.130001068115234,803300.0,34.017581939697266
2013-12-13,38.7400016784668,38.029998779296875,38.09000015258789,38.63999938964844,1140900.0,34.47257995605469
2013-12-16,39.33000183105469,38.560001373291016,38.810001373291016,38.619998931884766,956800.0,34.45473861694336
2013-12-17,38.84000015258789,38.279998779296875,38.59000015258789,38.68000030517578,577300.0,34.50827407836914
2013-12-18,40.400001525878906,38.5099983215332,38.880001068115234,40.04999923706055,1555000.0,35.730506896972656
2013-12-19,40.06999969482422,38.400001525878906,39.91999816894531,38.720001220703125,1878300.0,34.54395294189453
2013-12-20,39.25,38.709999084472656,38.709999084472656,38.900001525878906,1125900.0,34.70454406738281
2013-12-23,40.209999084472656,39.060001373291016,39.290000915527344,40.0,1632600.0,35.68590545654297
2013-12-24,40.65999984741211,39.93000030517578,40.040000915527344,40.36000061035156,453900.0,36.007076263427734
2013-12-26,40.77000045776367,40.209999084472656,40.400001525878906,40.25,421900.0,35.90894317626953
2013-12-27,40.56999969482422,39.970001220703125,39.970001220703125,40.529998779296875,323900.0,36.15874481201172
2013-12-30,40.709999084472656,40.380001068115234,40.4900016784668,40.4900016784668,531100.0,36.12306213378906
2013-12-31,41.08000183105469,40.470001220703125,40.59000015258789,40.720001220703125,726000.0,36.32826232910156
2014-01-02,40.83000183105469,40.439998626708984,40.61000061035156,40.68000030517578,676100.0,36.292572021484375
2014-01-03,41.20000076293945,40.619998931884766,40.77000045776367,40.68000030517578,650800.0,36.292572021484375
2014-01-06,40.88999938964844,39.9900016784668,40.810001373291016,40.0099983215332,652200.0,35.69482421875
2014-01-07,40.75,40.119998931884766,40.16999816894531,40.70000076293945,753200.0,36.31041717529297
2014-01-08,41.7599983215332,40.34000015258789,40.599998474121094,41.0099983215332,1634300.0,36.58696365356445
2014-01-09,42.119998931884766,41.0,41.09000015258789,41.91999816894531,1854100.0,37.398826599121094
2014-01-10,42.95000076293945,41.95000076293945,42.099998474121094,42.16999816894531,1605000.0,37.62185287475586
2014-01-13,42.15999984741211,41.13999938964844,41.95000076293945,41.29999923706055,1175900.0,36.8456916809082
2014-01-14,41.79999923706055,41.06999969482422,41.5,41.41999816894531,1852300.0,36.95275115966797
2014-01-15,41.959999084472656,41.040000915527344,41.4900016784668,41.7599983215332,1167600.0,37.25607681274414
2014-01-16,42.09000015258789,40.72999954223633,41.77000045776367,41.09000015258789,952600.0,36.65834045410156
2014-01-17,41.06999969482422,40.2400016784668,41.040000915527344,40.400001525878906,1223000.0,36.04276657104492
2014-01-21,40.81999969482422,39.90999984741211,40.59000015258789,40.22999954223633,1121100.0,35.89109420776367
2014-01-22,41.470001220703125,40.06999969482422,40.27000045776367,41.25,1156000.0,36.80108642578125
2014-01-23,41.29999923706055,40.43000030517578,41.15999984741211,40.650001525878906,1511200.0,36.26579666137695
2014-01-24,40.47999954223633,38.880001068115234,40.25,39.02000045776367,1281300.0,34.81159591674805
2014-01-27,39.310001373291016,37.650001525878906,39.279998779296875,38.4900016784668,1913000.0,34.338768005371094
2014-01-28,39.15999984741211,38.47999954223633,38.709999084472656,38.869998931884766,1347900.0,34.67778015136719
2014-01-29,38.650001525878906,38.029998779296875,38.4900016784668,38.2400016784668,1215000.0,34.11572265625
2014-01-30,38.7400016784668,37.61000061035156,38.63999938964844,37.95000076293945,1722100.0,33.85700225830078
2014-01-31,38.93000030517578,37.45000076293945,37.45000076293945,38.150001525878906,1460200.0,34.035430908203125
2014-02-03,38.38999938964844,36.79999923706055,38.040000915527344,37.310001373291016,2589700.0,33.28602600097656
2014-02-04,38.130001068115234,37.15999984741211,37.56999969482422,37.849998474121094,1571300.0,33.76778793334961
2014-02-05,38.13999938964844,37.22999954223633,37.720001220703125,37.650001525878906,1472900.0,33.589359283447266
2014-02-06,39.2599983215332,37.77000045776367,37.810001373291016,38.810001373291016,1774900.0,34.62424087524414
2014-02-07,39.25,38.59000015258789,38.84000015258789,38.7599983215332,1692700.0,34.57963943481445
2014-02-10,39.09000015258789,38.380001068115234,38.43000030517578,38.90999984741211,1321800.0,34.71345901489258
2014-02-11,40.150001525878906,38.83000183105469,38.83000183105469,39.7400016784668,2279500.0,35.45394515991211
2014-02-12,45.619998931884766,42.93000030517578,44.09000015258789,43.20000076293945,7804400.0,38.540767669677734
2014-02-13,43.40999984741211,42.29999923706055,42.7599983215332,43.06999969482422,3348500.0,38.42479705810547
2014-02-14,44.540000915527344,42.91999816894531,42.95000076293945,44.150001525878906,2486800.0,39.38832092285156
2014-02-18,44.790000915527344,43.72999954223633,44.15999984741211,44.560001373291016,1913900.0,39.75410461425781
2014-02-19,44.65999984741211,44.099998474121094,44.38999938964844,44.189998626708984,1923100.0,39.424007415771484
2014-02-20,44.439998626708984,43.77000045776367,44.15999984741211,44.33000183105469,1080500.0,39.54890441894531
2014-02-21,45.09000015258789,44.380001068115234,44.380001068115234,44.970001220703125,1446300.0,40.119876861572266
2014-02-24,46.13999938964844,44.790000915527344,44.900001525878906,45.04999923706055,3258700.0,40.19124984741211
2014-02-25,45.27000045776367,44.720001220703125,45.060001373291016,44.7400016784668,647100.0,39.91468048095703
2014-02-26,45.90999984741211,44.720001220703125,44.91999816894531,45.4900016784668,1880400.0,40.58380126953125
2014-02-27,46.279998779296875,45.20000076293945,45.34000015258789,45.9900016784668,1091000.0,41.02986526489258
2014-02-28,46.08000183105469,45.5099983215332,45.9900016784668,45.7599983215332,1339500.0,40.824668884277344
2014-03-03,45.75,45.0,45.45000076293945,45.52000045776367,1126200.0,40.61055374145508
2014-03-04,46.63999938964844,45.84000015258789,45.900001525878906,46.04999923706055,1544000.0,41.08339309692383
2014-03-05,46.18000030517578,45.27000045776367,46.18000030517578,45.29999923706055,913200.0,40.414283752441406
2014-03-06,45.689998626708984,45.130001068115234,45.290000915527344,45.40999984741211,1057400.0,40.512428283691406
2014-03-07,45.790000915527344,45.11000061035156,45.599998474121094,45.369998931884766,605400.0,40.47674560546875
2014-03-10,45.189998626708984,43.959999084472656,45.189998626708984,44.540000915527344,1423100.0,39.73624801635742
2014-03-11,44.880001068115234,43.880001068115234,44.70000076293945,44.06999969482422,1253200.0,39.31694412231445
2014-03-12,43.630001068115234,42.90999984741211,43.630001068115234,43.349998474121094,1324600.0,38.815528869628906
2014-03-13,43.45000076293945,41.869998931884766,43.439998626708984,42.099998474121094,1869700.0,37.69627380371094
2014-03-14,43.2599983215332,42.02000045776367,42.02000045776367,42.93000030517578,1245600.0,38.439453125
2014-03-17,43.40999984741211,42.439998626708984,43.209999084472656,42.900001525878906,754300.0,38.4125862121582
2014-03-18,43.66999816894531,42.869998931884766,42.95000076293945,43.630001068115234,1208300.0,39.06623458862305
2014-03-19,44.33000183105469,42.97999954223633,44.16999816894531,43.279998779296875,881200.0,38.752838134765625
2014-03-20,43.529998779296875,42.779998779296875,43.209999084472656,42.90999984741211,542800.0,38.421539306640625
2014-03-21,43.38999938964844,41.779998779296875,43.040000915527344,41.779998779296875,1660400.0,37.40973663330078
2014-03-24,43.150001525878906,41.900001525878906,42.22999954223633,43.040000915527344,2207300.0,38.53795623779297
2014-03-25,44.11000061035156,43.209999084472656,43.34000015258789,43.529998779296875,1702700.0,38.97669219970703
2014-03-26,43.869998931884766,42.439998626708984,43.61000061035156,42.459999084472656,1317200.0,38.01861572265625
2014-03-27,42.83000183105469,41.84000015258789,42.31999969482422,42.29999923706055,1005400.0,37.8753547668457
2014-03-28,43.0,42.209999084472656,42.529998779296875,42.75,814000.0,38.27827835083008
2014-03-31,43.38999938964844,42.630001068115234,42.86000061035156,43.16999816894531,645600.0,38.65435028076172
2014-04-01,43.900001525878906,43.130001068115234,43.29999923706055,43.7400016784668,1365000.0,39.164737701416016
2014-04-02,43.970001220703125,43.27000045776367,43.70000076293945,43.5099983215332,2341100.0,38.95878601074219
2014-04-03,43.529998779296875,42.83000183105469,43.47999954223633,43.15999984741211,1182000.0,38.64540100097656
2014-04-04,44.040000915527344,42.36000061035156,43.52000045776367,42.77000045776367,1446300.0,38.29619598388672
2014-04-07,42.63999938964844,41.029998779296875,42.63999938964844,41.5,1338100.0,37.15902328491211
2014-04-08,42.2599983215332,41.27000045776367,41.56999969482422,41.5099983215332,1007000.0,37.16798400878906
2014-04-09,42.349998474121094,41.52000045776367,41.65999984741211,42.04999923706055,1097400.0,37.65150451660156
2014-04-10,42.5099983215332,40.91999816894531,42.11000061035156,41.119998931884766,1209300.0,36.81877899169922
2014-04-11,41.25,40.529998779296875,40.83000183105469,40.880001068115234,776200.0,36.603885650634766
2014-04-14,41.459999084472656,40.63999938964844,41.2599983215332,40.81999969482422,1209300.0,36.55016326904297
2014-04-15,41.04999923706055,39.709999084472656,40.709999084472656,40.529998779296875,1866200.0,36.290496826171875
2014-04-16,41.959999084472656,40.68000030517578,40.77000045776367,41.959999084472656,1086200.0,37.57091522216797
2014-04-17,42.36000061035156,41.77000045776367,41.900001525878906,41.84000015258789,1116500.0,37.46346664428711
2014-04-21,42.869998931884766,41.619998931884766,41.97999954223633,42.849998474121094,1997400.0,38.367820739746094
2014-04-22,43.93000030517578,42.97999954223633,43.09000015258789,43.869998931884766,2709300.0,39.281124114990234
2014-04-23,43.36000061035156,41.70000076293945,42.0,42.09000015258789,6319400.0,37.687320709228516
2014-04-24,42.31999969482422,41.470001220703125,42.20000076293945,41.75,2802200.0,37.38288497924805
2014-04-25,41.72999954223633,40.91999816894531,41.459999084472656,41.040000915527344,2786500.0,36.74715042114258
2014-04-28,41.540000915527344,40.349998474121094,41.060001373291016,40.58000183105469,1850200.0,36.33526611328125
2014-04-29,40.880001068115234,40.439998626708984,40.7599983215332,40.779998779296875,1045900.0,36.51435089111328
2014-04-30,40.880001068115234,40.34000015258789,40.70000076293945,40.849998474121094,1459000.0,36.577022552490234
2014-05-01,41.59000015258789,40.47999954223633,40.619998931884766,40.86000061035156,882300.0,36.58598709106445
2014-05-02,41.849998474121094,40.68000030517578,41.040000915527344,41.560001373291016,1160700.0,37.212764739990234
2014-05-05,41.5099983215332,40.81999969482422,41.279998779296875,41.2599983215332,682100.0,36.944122314453125
2014-05-06,41.25,40.209999084472656,41.099998474121094,40.310001373291016,1179700.0,36.093505859375
2014-05-07,40.529998779296875,39.65999984741211,40.31999969482422,39.79999923706055,1719800.0,35.6368522644043
2014-05-08,40.959999084472656,39.7400016784668,39.7400016784668,40.13999938964844,1665400.0,35.941287994384766
2014-05-09,40.61000061035156,39.56999969482422,40.06999969482422,40.41999816894531,2093200.0,36.191993713378906
2014-05-12,41.130001068115234,40.29999923706055,40.689998626708984,41.0,1241400.0,36.71133041381836
2014-05-13,41.18000030517578,40.189998626708984,41.02000045776367,40.220001220703125,932600.0,36.0129280090332
2014-05-14,40.31999969482422,39.029998779296875,40.18000030517578,39.369998931884766,2782800.0,35.2518310546875
2014-05-15,39.4900016784668,38.619998931884766,39.310001373291016,39.279998779296875,2755600.0,35.17124557495117
2014-05-16,40.709999084472656,39.47999954223633,39.58000183105469,40.58000183105469,3753700.0,36.33526611328125
2014-05-19,41.47999954223633,40.47999954223633,40.47999954223633,41.25,2612700.0,36.935184478759766
2014-05-20,41.70000076293945,40.369998931884766,41.029998779296875,40.5,2110100.0,36.26364517211914
2014-05-21,40.91999816894531,40.47999954223633,40.56999969482422,40.79999923706055,802300.0,36.532257080078125
2014-05-22,41.25,40.470001220703125,40.779998779296875,41.209999084472656,1141700.0,36.899375915527344
2014-05-23,42.16999816894531,40.97999954223633,41.13999938964844,41.790000915527344,1984600.0,37.418697357177734
2014-05-27,42.13999938964844,41.04999923706055,41.79999923706055,41.119998931884766,2677400.0,36.81877899169922
2014-05-28,41.4900016784668,40.83000183105469,41.18000030517578,40.880001068115234,1163400.0,36.603885650634766
2014-05-29,41.459999084472656,40.68000030517578,41.119998931884766,40.939998626708984,1312100.0,36.657615661621094
2014-05-30,41.029998779296875,40.65999984741211,40.81999969482422,41.0099983215332,1079900.0,36.72028350830078
2014-06-02,41.61000061035156,41.040000915527344,41.09000015258789,41.540000915527344,656900.0,37.19485092163086
2014-06-03,41.560001373291016,41.220001220703125,41.349998474121094,41.290000915527344,1034700.0,36.97099685668945
2014-06-04,41.2400016784668,40.88999938964844,41.11000061035156,41.0099983215332,1456600.0,36.72028350830078
2014-06-05,41.630001068115234,40.97999954223633,41.11000061035156,41.34000015258789,855300.0,37.015769958496094
2014-06-06,42.59000015258789,41.369998931884766,41.59000015258789,42.529998779296875,886900.0,38.0812873840332
2014-06-09,43.40999984741211,42.38999938964844,42.38999938964844,42.790000915527344,1266000.0,38.3140983581543
2014-06-10,43.08000183105469,42.68000030517578,42.779998779296875,42.900001525878906,600800.0,38.4125862121582
2014-06-11,42.66999816894531,41.619998931884766,42.66999816894531,41.849998474121094,1933400.0,37.472415924072266
2014-06-12,42.20000076293945,41.65999984741211,42.0,41.83000183105469,1135400.0,37.45451354980469
2014-06-13,42.099998474121094,41.61000061035156,41.959999084472656,41.66999816894531,898700.0,37.311248779296875
2014-06-16,41.720001220703125,41.16999816894531,41.59000015258789,41.66999816894531,3128200.0,37.311248779296875
2014-06-17,41.810001373291016,40.779998779296875,41.41999816894531,41.0099983215332,2544900.0,36.72028350830078
2014-06-18,41.099998474121094,40.38999938964844,41.0099983215332,40.90999984741211,2730800.0,36.63075256347656
2014-06-19,41.41999816894531,41.0,41.0,41.29999923706055,1296800.0,36.979949951171875
2014-06-20,39.7400016784668,38.63999938964844,38.959999084472656,38.810001373291016,6821300.0,34.75040817260742
2014-06-23,39.41999816894531,38.099998474121094,38.15999984741211,39.20000076293945,3725600.0,35.0996208190918
2014-06-24,39.619998931884766,38.93000030517578,39.119998931884766,39.369998931884766,3255200.0,35.2518310546875
2014-06-25,39.4900016784668,38.93000030517578,39.150001525878906,39.130001068115234,1720700.0,35.03694152832031
2014-06-26,39.16999816894531,38.77000045776367,39.11000061035156,38.90999984741211,1835400.0,34.83995056152344
2014-06-27,39.16999816894531,38.61000061035156,38.779998779296875,38.93000030517578,1593800.0,34.85786437988281
2014-06-30,39.25,38.61000061035156,38.810001373291016,38.68000030517578,1471000.0,34.63401412963867
2014-07-01,39.25,38.689998626708984,38.81999969482422,39.029998779296875,1699800.0,34.94739532470703
2014-07-02,39.310001373291016,38.81999969482422,39.2400016784668,38.970001220703125,1613100.0,34.893680572509766
2014-07-03,39.439998626708984,38.959999084472656,39.150001525878906,39.400001525878906,710800.0,35.27869415283203
2014-07-07,39.33000183105469,38.599998474121094,39.33000183105469,38.72999954223633,936000.0,34.67877960205078
2014-07-08,38.540000915527344,37.95000076293945,38.5,38.09000015258789,1580400.0,34.105712890625
2014-07-09,38.380001068115234,37.75,38.15999984741211,37.810001373291016,1134600.0,33.85500717163086
2014-07-10,37.47999954223633,36.68000030517578,37.130001068115234,37.27000045776367,1782600.0,33.51332092285156
2014-07-11,37.369998931884766,36.84000015258789,37.18000030517578,37.349998474121094,842000.0,33.585243225097656
2014-07-14,37.5099983215332,37.060001373291016,37.439998626708984,37.06999969482422,1334200.0,33.3334846496582
2014-07-15,37.31999969482422,36.900001525878906,37.099998474121094,36.95000076293945,1091200.0,33.225555419921875
2014-07-16,37.290000915527344,36.88999938964844,37.130001068115234,37.0099983215332,1717900.0,33.279518127441406
2014-07-17,36.880001068115234,36.400001525878906,36.650001525878906,36.599998474121094,1592100.0,32.91084289550781
2014-07-18,36.91999816894531,36.709999084472656,36.72999954223633,36.790000915527344,1759800.0,33.081695556640625
2014-07-21,37.279998779296875,36.560001373291016,36.630001068115234,36.9900016784668,2008400.0,33.26153564453125
2014-07-22,37.439998626708984,36.959999084472656,37.27000045776367,36.959999084472656,2463700.0,33.234561920166016
2014-07-23,37.70000076293945,36.34000015258789,36.65999984741211,36.380001068115234,3228600.0,32.71302032470703
2014-07-24,36.040000915527344,35.2400016784668,36.0,35.290000915527344,4577800.0,31.732891082763672
2014-07-25,35.77000045776367,35.09000015258789,35.290000915527344,35.52000045776367,1478300.0,31.939714431762695
2014-07-28,35.4900016784668,35.02000045776367,35.4900016784668,35.29999923706055,1693600.0,31.74188804626465
2014-07-29,35.560001373291016,34.970001220703125,35.369998931884766,35.0099983215332,1216800.0,31.481130599975586
2014-07-30,35.34000015258789,34.470001220703125,35.209999084472656,34.599998474121094,1584500.0,31.11244773864746
2014-07-31,34.61000061035156,33.95000076293945,34.38999938964844,34.04999923706055,1836600.0,30.617881774902344
2014-08-01,34.5099983215332,33.970001220703125,34.13999938964844,34.2599983215332,2082600.0,30.806713104248047
2014-08-04,34.470001220703125,33.709999084472656,34.29999923706055,34.0,1325800.0,30.572919845581055
2014-08-05,34.5099983215332,33.810001373291016,33.90999984741211,34.09000015258789,1540200.0,30.653850555419922
2014-08-06,34.41999816894531,33.95000076293945,34.0,34.220001220703125,1001000.0,30.770742416381836
2014-08-07,34.40999984741211,33.709999084472656,34.27000045776367,33.849998474121094,1047700.0,30.438045501708984
2014-08-08,34.720001220703125,33.9900016784668,33.9900016784668,34.41999816894531,1391600.0,30.95058250427246
2014-08-11,34.81999969482422,34.33000183105469,34.5099983215332,34.369998931884766,626200.0,30.905624389648438
2014-08-12,34.400001525878906,34.06999969482422,34.25,34.220001220703125,572800.0,30.770742416381836
2014-08-13,34.40999984741211,34.08000183105469,34.31999969482422,34.2599983215332,997700.0,30.806713104248047
2014-08-14,35.0,34.2400016784668,34.349998474121094,34.83000183105469,948800.0,31.31926727294922
2014-08-15,35.13999938964844,34.36000061035156,34.959999084472656,34.7400016784668,926100.0,31.238332748413086
2014-08-18,35.279998779296875,34.77000045776367,34.77000045776367,35.15999984741211,1058600.0,31.61598777770996
2014-08-19,36.70000076293945,35.5099983215332,35.529998779296875,36.09000015258789,2305500.0,32.4522590637207
2014-08-20,36.119998931884766,35.349998474121094,35.970001220703125,35.7599983215332,1203300.0,32.155521392822266
2014-08-21,36.349998474121094,35.54999923706055,35.779998779296875,36.18000030517578,878700.0,32.53318786621094
2014-08-22,36.15999984741211,35.75,36.15999984741211,35.84000015258789,1254300.0,32.227439880371094
2014-08-25,36.060001373291016,35.52000045776367,35.91999816894531,35.68000030517578,514700.0,32.08356857299805
2014-08-26,36.0,35.5099983215332,35.66999816894531,35.810001373291016,467600.0,32.200477600097656
2014-08-27,36.04999923706055,35.70000076293945,35.84000015258789,36.04999923706055,397800.0,32.416282653808594
2014-08-28,35.939998626708984,35.619998931884766,35.880001068115234,35.869998931884766,497100.0,32.254432678222656
2014-08-29,36.18000030517578,35.849998474121094,35.95000076293945,36.0,398700.0,32.3713264465332
2014-09-02,36.29999923706055,35.97999954223633,36.08000183105469,36.11000061035156,618800.0,32.47024154663086
2014-09-03,36.36000061035156,35.880001068115234,36.209999084472656,36.04999923706055,830500.0,32.416282653808594
2014-09-04,36.65999984741211,36.029998779296875,36.130001068115234,36.119998931884766,669400.0,32.47924041748047
2014-09-05,36.33000183105469,35.130001068115234,36.060001373291016,35.16999816894531,1960700.0,31.624984741210938
2014-09-08,35.209999084472656,34.779998779296875,35.029998779296875,35.029998779296875,1278700.0,31.499103546142578
2014-09-09,35.060001373291016,34.4900016784668,35.060001373291016,34.5,963100.0,31.02251625061035
2014-09-10,34.619998931884766,33.93000030517578,34.4900016784668,34.29999923706055,1402700.0,30.842681884765625
2014-09-11,34.56999969482422,34.029998779296875,34.060001373291016,34.31999969482422,902300.0,30.860660552978516
2014-09-12,34.2599983215332,33.56999969482422,34.25,33.68000030517578,922100.0,30.28517723083496
2014-09-15,33.959999084472656,33.63999938964844,33.7599983215332,33.689998626708984,799100.0,30.294172286987305
2014-09-16,33.880001068115234,33.47999954223633,33.619998931884766,33.70000076293945,719200.0,30.303157806396484
2014-09-17,34.0,33.560001373291016,33.849998474121094,33.599998474121094,1055800.0,30.213237762451172
2014-09-18,33.90999984741211,33.31999969482422,33.59000015258789,33.86000061035156,1133800.0,30.447036743164062
2014-09-19,34.0,33.47999954223633,33.970001220703125,33.720001220703125,2511500.0,30.321144104003906
2014-09-22,33.56999969482422,32.939998626708984,33.56999969482422,33.029998779296875,931700.0,29.700687408447266
2014-09-23,33.09000015258789,32.540000915527344,32.959999084472656,32.619998931884766,1712800.0,29.33202362060547
2014-09-24,33.119998931884766,32.29999923706055,32.470001220703125,33.119998931884766,1119000.0,29.781625747680664
2014-09-25,33.0099983215332,32.38999938964844,33.0099983215332,32.56999969482422,1090300.0,29.287059783935547
2014-09-26,32.59000015258789,32.15999984741211,32.52000045776367,32.34000015258789,635900.0,29.080249786376953
2014-09-29,32.79999923706055,32.0,32.08000183105469,32.68000030517578,1008200.0,29.385971069335938
2014-09-30,32.41999816894531,31.520000457763672,32.369998931884766,31.75,2017200.0,28.549711227416992
2014-10-01,31.950000762939453,31.25,31.799999237060547,31.299999237060547,1269200.0,28.14507293701172
2014-10-02,31.75,30.84000015258789,31.299999237060547,31.709999084472656,1260000.0,28.513742446899414
2014-10-03,32.310001373291016,31.68000030517578,31.889999389648438,31.780000686645508,1603200.0,28.576688766479492
2014-10-06,32.029998779296875,31.59000015258789,31.850000381469727,31.709999084472656,868400.0,28.513742446899414
2014-10-07,31.829999923706055,30.81999969482422,31.639999389648438,30.829999923706055,1169000.0,27.722440719604492
2014-10-08,31.3700008392334,30.389999389648438,30.860000610351562,31.309999465942383,1121500.0,28.15406036376953
2014-10-09,31.3799991607666,30.1299991607666,31.229999542236328,30.239999771118164,1303600.0,27.191913604736328
2014-10-10,30.489999771118164,29.559999465942383,30.219999313354492,29.59000015258789,1420700.0,26.607431411743164
2014-10-13,30.31999969482422,28.950000762939453,29.59000015258789,29.0,1035000.0,26.076902389526367
2014-10-14,29.84000015258789,29.06999969482422,29.06999969482422,29.100000381469727,1894300.0,26.166818618774414
2014-10-15,29.65999984741211,28.3799991607666,28.790000915527344,29.600000381469727,2282600.0,26.616426467895508
2014-10-16,30.229999542236328,28.6299991607666,28.8799991607666,29.850000381469727,1567100.0,26.98710060119629
2014-10-17,30.260000228881836,29.829999923706055,30.06999969482422,29.93000030517578,1429100.0,27.059432983398438
2014-10-20,30.479999542236328,29.3700008392334,29.440000534057617,29.850000381469727,1987200.0,26.98710060119629
2014-10-21,30.75,29.84000015258789,29.90999984741211,30.700000762939453,2863500.0,27.75558090209961
2014-10-22,33.2599983215332,31.479999542236328,31.700000762939453,31.59000015258789,4830000.0,28.560216903686523
2014-10-23,32.11000061035156,30.84000015258789,31.049999237060547,31.65999984741211,1736100.0,28.623506546020508
2014-10-24,32.029998779296875,31.309999465942383,31.68000030517578,31.959999084472656,899100.0,28.894737243652344
2014-10-27,31.700000762939453,30.81999969482422,31.610000610351562,30.979999542236328,1810500.0,28.008726119995117
2014-10-28,31.43000030517578,30.989999771118164,31.049999237060547,31.31999969482422,2068600.0,28.316118240356445
2014-10-29,31.6299991607666,31.18000030517578,31.43000030517578,31.459999084472656,1266800.0,28.442691802978516
2014-10-30,31.6200008392334,31.079999923706055,31.31999969482422,31.5,787400.0,28.478849411010742
2014-10-31,32.150001525878906,31.549999237060547,31.809999465942383,32.060001373291016,1383700.0,28.985143661499023
2014-11-03,32.349998474121094,31.68000030517578,32.349998474121094,32.220001220703125,1057200.0,29.129798889160156
2014-11-04,32.2400016784668,31.649999618530273,32.04999923706055,31.799999237060547,729300.0,28.750080108642578
2014-11-05,32.810001373291016,31.950000762939453,32.15999984741211,32.790000915527344,1078600.0,29.645130157470703
2014-11-06,33.459999084472656,32.75,32.81999969482422,33.43000030517578,1174900.0,30.223739624023438
2014-11-07,33.790000915527344,33.29999923706055,33.47999954223633,33.529998779296875,1069300.0,30.314151763916016
2014-11-10,33.84000015258789,32.88999938964844,33.66999816894531,33.119998931884766,960700.0,29.943479537963867
2014-11-11,33.81999969482422,33.02000045776367,33.08000183105469,33.720001220703125,789500.0,30.485929489135742
2014-11-12,34.29999923706055,33.290000915527344,33.560001373291016,34.18000030517578,1499300.0,30.901809692382812
2014-11-13,34.41999816894531,33.9900016784668,34.2599983215332,34.220001220703125,1523200.0,30.937978744506836
2014-11-14,34.650001525878906,33.970001220703125,34.13999938964844,34.61000061035156,957700.0,31.290578842163086
2014-11-17,34.599998474121094,34.0,34.5,34.20000076293945,860800.0,30.91990089416504
2014-11-18,34.790000915527344,34.189998626708984,34.25,34.470001220703125,855000.0,31.163997650146484
2014-11-19,34.54999923706055,34.04999923706055,34.5099983215332,34.459999084472656,804600.0,31.15496253967285
2014-11-20,35.619998931884766,34.209999084472656,34.36000061035156,35.400001525878906,1783900.0,32.00481033325195
2014-11-21,36.400001525878906,35.70000076293945,35.939998626708984,36.29999923706055,1991300.0,32.818485260009766
2014-11-24,36.81999969482422,36.279998779296875,36.45000076293945,36.79999923706055,1352700.0,33.270538330078125
2014-11-25,37.09000015258789,35.79999923706055,36.849998474121094,35.90999984741211,2447900.0,32.465885162353516
2014-11-26,35.93000030517578,34.81999969482422,35.90999984741211,35.220001220703125,1448600.0,31.84206771850586
2014-11-28,35.06999969482422,34.47999954223633,35.04999923706055,34.84000015258789,507000.0,31.498512268066406
2014-12-01,35.290000915527344,34.41999816894531,34.81999969482422,35.02000045776367,1297300.0,31.6612491607666
2014-12-02,35.869998931884766,34.90999984741211,34.9900016784668,35.189998626708984,1542700.0,31.814939498901367
2014-12-03,36.150001525878906,35.15999984741211,35.15999984741211,36.029998779296875,924300.0,32.57438659667969
2014-12-04,36.630001068115234,35.72999954223633,35.97999954223633,36.470001220703125,1802500.0,32.97218322753906
2014-12-05,37.15999984741211,36.029998779296875,36.560001373291016,36.150001525878906,960300.0,32.68288040161133
2014-12-08,36.18000030517578,35.119998931884766,36.119998931884766,35.18000030517578,1028000.0,31.805904388427734
2014-12-09,35.29999923706055,34.70000076293945,34.720001220703125,35.040000915527344,1623000.0,31.67932891845703
2014-12-10,35.130001068115234,33.619998931884766,35.130001068115234,33.88999938964844,1579000.0,30.639631271362305
2014-12-11,34.869998931884766,33.81999969482422,34.04999923706055,34.15999984741211,1071400.0,30.88372802734375
2014-12-12,34.09000015258789,33.13999938964844,33.880001068115234,33.220001220703125,953300.0,30.033889770507812
2014-12-15,33.58000183105469,32.66999816894531,33.36000061035156,32.959999084472656,1020200.0,29.79881477355957
2014-12-16,33.75,32.75,32.880001068115234,33.08000183105469,700000.0,29.907310485839844
2014-12-17,33.95000076293945,32.880001068115234,33.13999938964844,33.79999923706055,1088500.0,30.558259963989258
2014-12-18,34.439998626708984,33.459999084472656,34.29999923706055,34.029998779296875,904000.0,30.766199111938477
2014-12-19,34.65999984741211,33.95000076293945,34.029998779296875,34.5099983215332,1250000.0,31.20016098022461
2014-12-22,34.560001373291016,33.95000076293945,34.41999816894531,34.31999969482422,714500.0,31.028392791748047
2014-12-23,35.529998779296875,34.27000045776367,34.4900016784668,35.38999938964844,919000.0,31.99576187133789
2014-12-24,35.56999969482422,35.040000915527344,35.5099983215332,35.22999954223633,407800.0,31.851112365722656
2014-12-26,35.689998626708984,35.27000045776367,35.38999938964844,35.58000183105469,350500.0,32.16755294799805
2014-12-29,36.349998474121094,35.56999969482422,35.56999969482422,36.13999938964844,915100.0,32.6738395690918
2014-12-30,36.18000030517578,35.849998474121094,36.0,35.900001525878906,617800.0,32.45685958862305
2014-12-31,36.29999923706055,35.70000076293945,35.79999923706055,35.810001373291016,662600.0,32.52042007446289
2015-01-02,36.33000183105469,35.2599983215332,36.0,35.70000076293945,630700.0,32.420528411865234
2015-01-05,35.5,34.72999954223633,35.33000183105469,35.040000915527344,763500.0,31.821151733398438
2015-01-06,36.33000183105469,34.970001220703125,35.27000045776367,36.060001373291016,1993900.0,32.74746322631836
2015-01-07,37.369998931884766,36.029998779296875,36.279998779296875,37.15999984741211,3307500.0,33.74639892578125
2015-01-08,39.040000915527344,37.470001220703125,37.5099983215332,38.83000183105469,2567300.0,35.26300048828125
2015-01-09,39.099998474121094,38.47999954223633,38.560001373291016,39.0,4501300.0,35.417381286621094
2015-01-12,39.810001373291016,38.61000061035156,39.0,39.5099983215332,2397700.0,35.88052749633789
2015-01-13,40.41999816894531,38.470001220703125,39.900001525878906,39.290000915527344,2238300.0,35.68073654174805
2015-01-14,39.20000076293945,38.290000915527344,38.77000045776367,38.9900016784668,1462800.0,35.40829849243164
2015-01-15,39.4900016784668,37.33000183105469,39.369998931884766,37.56999969482422,2769900.0,34.118736267089844
2015-01-16,37.81999969482422,36.70000076293945,37.540000915527344,37.630001068115234,2307700.0,34.17323303222656
2015-01-20,37.810001373291016,36.709999084472656,37.779998779296875,37.150001525878906,1285000.0,33.737327575683594
2015-01-21,37.65999984741211,36.72999954223633,37.08000183105469,37.06999969482422,989700.0,33.664676666259766
2015-01-22,37.84000015258789,37.09000015258789,37.34000015258789,37.619998931884766,1273700.0,34.164146423339844
2015-01-23,38.0,37.45000076293945,37.529998779296875,37.869998931884766,1835400.0,34.39118194580078
2015-01-26,39.540000915527344,38.0,38.25,39.470001220703125,2995100.0,35.844215393066406
2015-01-27,40.02000045776367,38.72999954223633,38.970001220703125,39.86000061035156,1117900.0,36.19837188720703
2015-01-28,40.529998779296875,39.47999954223633,40.060001373291016,40.06999969482422,3999800.0,36.38909149169922
2015-01-29,40.56999969482422,39.369998931884766,40.06999969482422,40.060001373291016,1550100.0,36.3800048828125
2015-01-30,40.52000045776367,39.529998779296875,39.83000183105469,40.04999923706055,1436100.0,36.37092590332031
2015-02-02,40.43000030517578,38.88999938964844,40.40999984741211,39.56999969482422,2020300.0,35.93502426147461
2015-02-03,40.130001068115234,39.5099983215332,39.900001525878906,39.779998779296875,2091900.0,36.125709533691406
2015-02-04,40.0099983215332,39.29999923706055,39.650001525878906,39.36000061035156,1779100.0,35.74430847167969
2015-02-05,39.779998779296875,38.4900016784668,39.45000076293945,39.130001068115234,2481800.0,35.53544235229492
2015-02-06,39.9900016784668,39.2400016784668,39.2400016784668,39.81999969482422,3449300.0,36.16206359863281
2015-02-09,40.41999816894531,39.65999984741211,39.97999954223633,39.70000076293945,1726400.0,36.053077697753906
2015-02-10,40.02000045776367,39.41999816894531,39.84000015258789,39.61000061035156,1817800.0,35.97135543823242
2015-02-11,41.599998474121094,38.25,39.810001373291016,39.650001525878906,7727200.0,36.00767135620117
2015-02-12,39.38999938964844,38.47999954223633,38.849998474121094,38.529998779296875,3786200.0,34.99055480957031
2015-02-13,38.970001220703125,37.869998931884766,38.66999816894531,38.720001220703125,2651500.0,35.1630973815918
2015-02-17,40.58000183105469,38.59000015258789,38.720001220703125,39.95000076293945,3314100.0,36.28011703491211
2015-02-18,40.459999084472656,39.720001220703125,39.79999923706055,40.40999984741211,1700700.0,36.697853088378906
2015-02-19,41.029998779296875,40.09000015258789,40.22999954223633,40.68000030517578,1252100.0,36.943050384521484
2015-02-20,40.83000183105469,40.22999954223633,40.689998626708984,40.5,1407100.0,36.77959442138672
2015-02-23,40.9900016784668,40.40999984741211,40.5,40.83000183105469,1456600.0,37.07927322387695
2015-02-24,41.27000045776367,40.529998779296875,40.97999954223633,41.13999938964844,1147300.0,37.360801696777344
2015-02-25,41.150001525878906,40.06999969482422,41.029998779296875,40.22999954223633,874100.0,36.53438186645508
2015-02-26,40.27000045776367,39.47999954223633,40.16999816894531,40.029998779296875,909200.0,36.352752685546875
2015-02-27,40.369998931884766,39.4900016784668,40.02000045776367,39.65999984741211,1724000.0,36.016746520996094
2015-03-02,40.0,39.25,39.58000183105469,39.93000030517578,1205900.0,36.26194381713867
2015-03-03,39.880001068115234,39.11000061035156,39.77000045776367,39.31999969482422,1409000.0,35.7079963684082
2015-03-04,39.630001068115234,38.630001068115234,39.13999938964844,39.540000915527344,1084700.0,35.90778732299805
2015-03-05,40.540000915527344,39.52000045776367,39.560001373291016,40.5099983215332,1522500.0,36.788665771484375
2015-03-06,40.900001525878906,40.0099983215332,40.349998474121094,40.63999938964844,1905400.0,36.906734466552734
2015-03-09,40.75,39.900001525878906,40.650001525878906,40.0099983215332,1064500.0,36.33460235595703
2015-03-10,40.2400016784668,39.61000061035156,39.79999923706055,40.029998779296875,1341100.0,36.352752685546875
2015-03-11,40.290000915527344,39.61000061035156,39.880001068115234,40.060001373291016,1284600.0,36.5351676940918
2015-03-12,40.70000076293945,39.970001220703125,40.29999923706055,40.20000076293945,721100.0,36.662845611572266
2015-03-13,40.130001068115234,39.540000915527344,40.0099983215332,39.91999816894531,1010500.0,36.40747833251953
2015-03-16,39.939998626708984,38.439998626708984,39.88999938964844,38.56999969482422,2043900.0,35.17626190185547
2015-03-17,38.599998474121094,37.77000045776367,38.310001373291016,38.27000045776367,1869700.0,34.902671813964844
2015-03-18,39.47999954223633,38.119998931884766,38.2400016784668,39.13999938964844,2074900.0,35.696109771728516
2015-03-19,39.790000915527344,38.970001220703125,39.02000045776367,39.720001220703125,1066500.0,36.2250862121582
2015-03-20,42.900001525878906,41.63999938964844,41.86000061035156,42.43000030517578,4414000.0,38.696632385253906
2015-03-23,43.0,42.290000915527344,42.43000030517578,42.40999984741211,2275800.0,38.67839431762695
2015-03-24,42.7400016784668,41.880001068115234,42.34000015258789,42.58000183105469,1491500.0,38.83342742919922
2015-03-25,43.380001068115234,42.02000045776367,42.68000030517578,42.47999954223633,2502100.0,38.74223327636719
2015-03-26,42.7599983215332,41.650001525878906,42.38999938964844,42.040000915527344,1719300.0,38.34095001220703
2015-03-27,42.470001220703125,41.77000045776367,42.0,42.36000061035156,705400.0,38.632789611816406
2015-03-30,43.45000076293945,42.36000061035156,42.599998474121094,43.29999923706055,1574000.0,39.490081787109375
2015-03-31,43.66999816894531,42.77000045776367,43.11000061035156,43.400001525878906,1377600.0,39.58127212524414
2015-04-01,43.5,42.0,43.459999084472656,42.27000045776367,1725000.0,38.55071258544922
2015-04-02,42.9900016784668,42.02000045776367,42.209999084472656,42.939998626708984,1419300.0,39.16175079345703
2015-04-06,42.79999923706055,41.9900016784668,42.79999923706055,42.27000045776367,1580700.0,38.55071258544922
2015-04-07,42.349998474121094,41.869998931884766,42.209999084472656,41.90999984741211,854300.0,38.22239303588867
2015-04-08,42.369998931884766,41.849998474121094,41.900001525878906,42.33000183105469,947700.0,38.605430603027344
2015-04-09,42.45000076293945,41.83000183105469,42.099998474121094,42.380001068115234,747200.0,38.65103530883789
2015-04-10,42.90999984741211,42.150001525878906,42.290000915527344,42.83000183105469,784100.0,39.06143569946289
2015-04-13,42.779998779296875,42.150001525878906,42.72999954223633,42.459999084472656,679800.0,38.72399139404297
2015-04-14,42.400001525878906,41.63999938964844,42.349998474121094,42.220001220703125,1159600.0,38.50510787963867
2015-04-15,43.599998474121094,42.310001373291016,42.5099983215332,43.36000061035156,2906800.0,39.544803619384766
2015-04-16,43.5,42.20000076293945,43.41999816894531,42.22999954223633,1912900.0,38.51423263549805
2015-04-17,41.939998626708984,41.279998779296875,41.86000061035156,41.869998931884766,1830900.0,38.18589782714844
2015-04-20,42.29999923706055,41.40999984741211,42.0099983215332,42.0,1550900.0,38.304466247558594
2015-04-21,43.060001373291016,41.95000076293945,42.09000015258789,42.88999938964844,2505200.0,39.11616134643555
2015-04-22,45.70000076293945,42.22999954223633,44.56999969482422,42.279998779296875,5509500.0,38.5598258972168
2015-04-23,42.15999984741211,40.849998474121094,41.54999923706055,41.220001220703125,3624200.0,37.59309768676758
2015-04-24,41.93000030517578,40.61000061035156,41.189998626708984,41.84000015258789,1753100.0,38.15854263305664
2015-04-27,42.040000915527344,39.59000015258789,42.0099983215332,39.75,2632700.0,36.25244903564453
2015-04-28,40.15999984741211,39.279998779296875,39.84000015258789,39.459999084472656,2164300.0,35.98796081542969
2015-04-29,39.83000183105469,38.869998931884766,39.279998779296875,38.9900016784668,1919700.0,35.5593147277832
2015-04-30,39.88999938964844,38.4900016784668,39.060001373291016,38.65999984741211,3208400.0,35.25834274291992
2015-05-01,39.93000030517578,38.68000030517578,38.68000030517578,39.630001068115234,1896800.0,36.14300537109375
2015-05-04,40.11000061035156,39.13999938964844,39.810001373291016,39.22999954223633,1406800.0,35.7781982421875
2015-05-05,39.540000915527344,38.88999938964844,39.2599983215332,38.95000076293945,1675300.0,35.52283477783203
2015-05-06,38.97999954223633,37.290000915527344,38.869998931884766,38.310001373291016,3001300.0,34.93914794921875
2015-05-07,38.880001068115234,37.959999084472656,38.41999816894531,38.630001068115234,2264600.0,35.230987548828125
2015-05-08,40.650001525878906,38.77000045776367,38.97999954223633,40.27000045776367,2880400.0,36.72669219970703
2015-05-11,40.5099983215332,39.93000030517578,40.31999969482422,40.0,1512700.0,36.48044967651367
2015-05-12,39.86000061035156,38.95000076293945,39.779998779296875,39.27000045776367,1334100.0,35.814674377441406
2015-05-13,39.66999816894531,38.70000076293945,39.61000061035156,39.18000030517578,1859000.0,35.732582092285156
2015-05-14,39.81999969482422,39.029998779296875,39.47999954223633,39.650001525878906,1372300.0,36.1612434387207
2015-05-15,40.150001525878906,39.119998931884766,39.66999816894531,40.060001373291016,1489100.0,36.5351676940918
2015-05-18,40.900001525878906,40.0099983215332,40.060001373291016,40.810001373291016,1517300.0,37.21916198730469
2015-05-19,41.709999084472656,41.0,41.290000915527344,41.189998626708984,1275800.0,37.56572723388672
2015-05-20,41.2599983215332,40.11000061035156,41.150001525878906,40.15999984741211,1863000.0,36.626365661621094
2015-05-21,40.599998474121094,39.95000076293945,40.16999816894531,40.4900016784668,1692600.0,36.92732620239258
2015-05-22,40.619998931884766,39.65999984741211,40.4900016784668,40.189998626708984,1206400.0,36.653717041015625
2015-05-26,42.7599983215332,39.689998626708984,40.08000183105469,42.70000076293945,4053800.0,38.942874908447266
2015-05-27,42.689998626708984,41.47999954223633,42.540000915527344,42.54999923706055,2901900.0,38.80607604980469
2015-05-28,42.75,42.04999923706055,42.58000183105469,42.68000030517578,1439800.0,38.92463302612305
2015-05-29,42.970001220703125,42.040000915527344,42.599998474121094,42.36000061035156,1643000.0,38.632789611816406
2015-06-01,42.790000915527344,42.099998474121094,42.400001525878906,42.36000061035156,1163800.0,38.632789611816406
2015-06-02,42.790000915527344,42.029998779296875,42.25,42.66999816894531,1411500.0,38.91551971435547
2015-06-03,42.380001068115234,40.7599983215332,42.25,40.880001068115234,1991300.0,37.28300476074219
2015-06-04,40.970001220703125,40.220001220703125,40.790000915527344,40.2599983215332,1377600.0,36.71756362915039
2015-06-05,41.349998474121094,39.880001068115234,40.27000045776367,40.81999969482422,1213700.0,37.22829055786133
2015-06-08,40.22999954223633,39.40999984741211,40.22999954223633,39.7599983215332,1837100.0,36.26155471801758
2015-06-09,40.02000045776367,39.40999984741211,39.79999923706055,39.58000183105469,860700.0,36.09739685058594
2015-06-10,40.720001220703125,39.70000076293945,39.70000076293945,40.43000030517578,1070400.0,36.87260437011719
2015-06-11,41.11000061035156,40.31999969482422,40.45000076293945,40.40999984741211,803800.0,36.854366302490234
2015-06-12,40.560001373291016,40.04999923706055,40.349998474121094,40.150001525878906,458600.0,36.61725616455078
2015-06-15,40.560001373291016,39.7599983215332,40.040000915527344,40.459999084472656,1337200.0,36.89996337890625
2015-06-16,41.099998474121094,40.130001068115234,40.45000076293945,40.84000015258789,1536800.0,37.24653244018555
2015-06-17,40.7400016784668,39.529998779296875,40.4900016784668,39.84000015258789,1784600.0,36.33451843261719
2015-06-18,40.43000030517578,39.83000183105469,39.970001220703125,39.900001525878906,1134300.0,36.38924789428711
2015-06-19,40.47999954223633,39.939998626708984,40.0,40.08000183105469,1041700.0,36.55339813232422
2015-06-22,41.59000015258789,40.4900016784668,40.4900016784668,41.47999954223633,2624100.0,37.830223083496094
2015-06-23,42.81999969482422,41.56999969482422,42.2400016784668,42.040000915527344,2258800.0,38.34095001220703
2015-06-24,42.650001525878906,41.0,42.220001220703125,41.20000076293945,1596600.0,37.57486343383789
2015-06-25,41.560001373291016,41.119998931884766,41.29999923706055,41.29999923706055,768800.0,37.666053771972656
2015-06-26,42.52000045776367,41.599998474121094,41.86000061035156,42.4900016784668,1846300.0,38.75135040283203
2015-06-29,42.2599983215332,41.630001068115234,41.970001220703125,41.66999816894531,1413800.0,38.00349426269531
2015-06-30,42.08000183105469,41.2400016784668,41.869998931884766,41.25,1071200.0,37.62046432495117
2015-07-01,41.869998931884766,40.84000015258789,41.540000915527344,41.45000076293945,1007200.0,37.8028564453125
2015-07-02,41.599998474121094,40.91999816894531,41.400001525878906,41.08000183105469,488300.0,37.46540832519531
2015-07-06,41.810001373291016,40.630001068115234,40.83000183105469,41.27000045776367,940600.0,37.638702392578125
2015-07-07,41.4900016784668,40.400001525878906,41.4900016784668,41.09000015258789,1040500.0,37.47453689575195
2015-07-08,41.150001525878906,40.79999923706055,40.93000030517578,40.97999954223633,1209000.0,37.37422561645508
2015-07-09,41.380001068115234,40.560001373291016,41.380001068115234,40.58000183105469,840000.0,37.0094108581543
2015-07-10,41.70000076293945,40.790000915527344,40.81999969482422,41.619998931884766,738700.0,37.95791244506836
2015-07-13,42.11000061035156,41.59000015258789,41.84000015258789,42.06999969482422,856600.0,38.3682975769043
2015-07-14,42.099998474121094,41.619998931884766,42.0,41.7400016784668,1231500.0,38.067352294921875
2015-07-15,42.08000183105469,41.25,42.08000183105469,41.5,1296700.0,37.848453521728516
2015-07-16,43.099998474121094,41.83000183105469,41.83000183105469,42.7599983215332,2638800.0,39.15800857543945
2015-07-17,43.099998474121094,42.189998626708984,42.79999923706055,42.75,1983700.0,39.14885330200195
2015-07-20,42.95000076293945,42.45000076293945,42.790000915527344,42.779998779296875,1740200.0,39.17632293701172
2015-07-21,43.27000045776367,42.34000015258789,42.65999984741211,43.150001525878906,2895200.0,39.51515197753906
2015-07-22,45.689998626708984,42.75,42.88999938964844,45.619998931884766,5390200.0,41.777076721191406
2015-07-23,46.689998626708984,44.189998626708984,45.939998626708984,44.27000045776367,3413100.0,40.540802001953125
2015-07-24,44.599998474121094,43.630001068115234,44.25,43.810001373291016,1413300.0,40.11955261230469
2015-07-27,43.70000076293945,42.68000030517578,43.459999084472656,42.869998931884766,1576700.0,39.25872802734375
2015-07-28,43.439998626708984,42.689998626708984,43.29999923706055,43.0,1867000.0,39.37778091430664
2015-07-29,43.77000045776367,43.119998931884766,43.150001525878906,43.70000076293945,1844900.0,40.0188102722168
2015-07-30,44.310001373291016,43.369998931884766,43.68000030517578,44.20000076293945,1953200.0,40.476715087890625
2015-07-31,45.06999969482422,44.130001068115234,44.25,44.849998474121094,1803400.0,41.07194519042969
2015-08-03,45.0099983215332,44.400001525878906,44.84000015258789,44.91999816894531,1358700.0,41.13603973388672
2015-08-04,45.209999084472656,44.36000061035156,44.75,44.68000030517578,1137100.0,40.916263580322266
2015-08-05,45.099998474121094,44.34000015258789,44.939998626708984,44.560001373291016,725300.0,40.80636978149414
2015-08-06,44.880001068115234,43.61000061035156,44.47999954223633,43.97999954223633,1537900.0,40.275230407714844
2015-08-07,44.58000183105469,43.599998474121094,43.90999984741211,44.56999969482422,1184400.0,40.81553268432617
2015-08-10,45.31999969482422,44.709999084472656,44.77000045776367,45.209999084472656,932600.0,41.4016227722168
2015-08-11,45.20000076293945,44.25,44.81999969482422,45.029998779296875,1431100.0,41.236778259277344
2015-08-12,45.61000061035156,44.060001373291016,44.68000030517578,45.41999816894531,1705500.0,41.59391784667969
2015-08-13,46.040000915527344,45.02000045776367,45.15999984741211,45.790000915527344,1533000.0,41.932762145996094
2015-08-14,46.560001373291016,45.5099983215332,45.790000915527344,46.43000030517578,1196300.0,42.518856048583984
2015-08-17,47.369998931884766,45.88999938964844,46.47999954223633,47.22999954223633,1784800.0,43.251461029052734
2015-08-18,47.900001525878906,47.119998931884766,47.150001525878906,47.56999969482422,1838500.0,43.56281280517578
2015-08-19,47.72999954223633,47.119998931884766,47.27000045776367,47.380001068115234,946600.0,43.388824462890625
2015-08-20,47.439998626708984,45.959999084472656,47.16999816894531,46.0,1011300.0,42.12506866455078
2015-08-21,46.470001220703125,44.869998931884766,45.70000076293945,44.90999984741211,2024400.0,41.12689208984375
2015-08-24,43.52000045776367,42.04999923706055,42.630001068115234,42.470001220703125,2285800.0,38.892425537109375
2015-08-25,44.41999816894531,42.66999816894531,43.869998931884766,42.709999084472656,2115500.0,39.112213134765625
2015-08-26,43.81999969482422,42.41999816894531,43.650001525878906,43.59000015258789,1322600.0,39.918087005615234
2015-08-27,44.56999969482422,43.59000015258789,44.20000076293945,44.459999084472656,1590700.0,40.71479797363281
2015-08-28,44.7400016784668,43.72999954223633,44.369998931884766,44.029998779296875,1040400.0,40.321014404296875
2015-08-31,44.75,43.79999923706055,43.91999816894531,44.290000915527344,786900.0,40.559120178222656
2015-09-01,44.130001068115234,43.0099983215332,44.0,43.2599983215332,1126100.0,39.61587905883789
2015-09-02,44.45000076293945,43.43000030517578,43.720001220703125,44.43000030517578,956100.0,40.68732833862305
2015-09-03,45.29999923706055,44.5099983215332,44.61000061035156,44.79999923706055,1004500.0,41.026145935058594
2015-09-04,44.439998626708984,43.83000183105469,44.27000045776367,44.04999923706055,750300.0,40.33934020996094
2015-09-08,45.25,44.29999923706055,44.7599983215332,45.209999084472656,1108500.0,41.4016227722168
2015-09-09,45.91999816894531,44.59000015258789,45.779998779296875,44.68000030517578,1171300.0,40.916263580322266
2015-09-10,45.119998931884766,44.2400016784668,44.68000030517578,44.79999923706055,748800.0,41.026145935058594
2015-09-11,45.70000076293945,44.599998474121094,44.66999816894531,45.65999984741211,867400.0,41.813716888427734
2015-09-14,46.02000045776367,45.5,45.75,45.70000076293945,1149200.0,41.85034942626953
2015-09-15,46.619998931884766,45.75,46.0099983215332,46.369998931884766,910300.0,42.463905334472656
2015-09-16,46.70000076293945,45.91999816894531,46.310001373291016,46.529998779296875,932000.0,42.610416412353516
2015-09-17,47.81999969482422,46.25,46.540000915527344,47.040000915527344,1275100.0,43.077476501464844
2015-09-18,46.93000030517578,46.06999969482422,46.470001220703125,46.2400016784668,1746000.0,42.344852447509766
2015-09-21,47.11000061035156,46.22999954223633,46.36000061035156,46.5,1319600.0,42.58294677734375
2015-09-22,46.040000915527344,44.68000030517578,45.86000061035156,44.790000915527344,1369400.0,41.01700210571289
2015-09-23,45.25,44.65999984741211,44.77000045776367,45.02000045776367,933000.0,41.22762680053711
2015-09-24,44.689998626708984,44.11000061035156,44.689998626708984,44.470001220703125,1003000.0,40.72395324707031
2015-09-25,45.20000076293945,44.43000030517578,44.7599983215332,44.52000045776367,874700.0,40.76974868774414
2015-09-28,44.4900016784668,41.79999923706055,44.369998931884766,41.91999816894531,1642100.0,38.388763427734375
2015-09-29,42.060001373291016,39.75,41.91999816894531,40.09000015258789,2058500.0,36.71290969848633
2015-09-30,42.099998474121094,38.95000076293945,39.720001220703125,41.90999984741211,3092800.0,38.379608154296875
2015-10-01,42.90999984741211,41.59000015258789,41.93000030517578,42.869998931884766,1952200.0,39.25872802734375
2015-10-02,44.0,41.91999816894531,42.310001373291016,44.0,2081100.0,40.29353713989258
2015-10-05,44.970001220703125,43.720001220703125,44.34000015258789,44.68000030517578,1413500.0,40.916263580322266
2015-10-06,44.439998626708984,42.08000183105469,44.22999954223633,42.4900016784668,2047100.0,38.91075897216797
2015-10-07,42.849998474121094,42.2400016784668,42.7400016784668,42.79999923706055,2257100.0,39.19463348388672
2015-10-08,42.880001068115234,42.20000076293945,42.689998626708984,42.79999923706055,2081300.0,39.19463348388672
2015-10-09,42.95000076293945,41.86000061035156,42.849998474121094,42.099998474121094,1890400.0,38.55360412597656
2015-10-12,43.29999923706055,41.970001220703125,42.18000030517578,43.20000076293945,1683000.0,39.560943603515625
2015-10-13,43.369998931884766,42.43000030517578,42.869998931884766,42.540000915527344,1179700.0,38.9565315246582
2015-10-14,42.79999923706055,41.880001068115234,42.54999923706055,42.25,1437300.0,38.69095993041992
2015-10-15,43.220001220703125,42.0099983215332,42.189998626708984,43.150001525878906,1785400.0,39.67478561401367
2015-10-16,44.02000045776367,42.97999954223633,43.04999923706055,43.52000045776367,1119200.0,40.01498031616211
2015-10-19,44.25,43.20000076293945,43.560001373291016,44.18000030517578,1737600.0,40.6218376159668
2015-10-20,45.349998474121094,44.150001525878906,44.16999816894531,44.900001525878906,3314700.0,41.283851623535156
2015-10-21,47.27000045776367,43.97999954223633,46.5099983215332,45.939998626708984,5811500.0,42.24008560180664
2015-10-22,46.0,44.41999816894531,45.83000183105469,44.56999969482422,3538200.0,40.98042678833008
2015-10-23,46.310001373291016,44.70000076293945,45.0,46.060001373291016,2151400.0,42.35042953491211
2015-10-26,46.45000076293945,45.439998626708984,46.040000915527344,46.31999969482422,2145500.0,42.589481353759766
2015-10-27,46.369998931884766,45.5,46.189998626708984,45.88999938964844,1539200.0,42.194114685058594
2015-10-28,46.88999938964844,45.7599983215332,46.11000061035156,46.33000183105469,1428600.0,42.59867858886719
2015-10-29,46.45000076293945,44.720001220703125,46.27000045776367,44.810001373291016,1757500.0,41.20109939575195
2015-10-30,46.97999954223633,44.959999084472656,44.970001220703125,45.529998779296875,1090800.0,41.863101959228516
2015-11-02,46.27000045776367,45.56999969482422,45.56999969482422,46.0,1779400.0,42.295265197753906
2015-11-03,45.95000076293945,45.18000030517578,45.7400016784668,45.52000045776367,1204800.0,41.853904724121094
2015-11-04,46.02000045776367,44.90999984741211,45.599998474121094,45.79999923706055,1489200.0,42.111358642578125
2015-11-05,46.150001525878906,45.060001373291016,45.849998474121094,45.93000030517578,1094000.0,42.230892181396484
2015-11-06,46.06999969482422,45.36000061035156,45.75,45.59000015258789,1375300.0,41.918270111083984
2015-11-09,45.7599983215332,44.58000183105469,45.560001373291016,45.279998779296875,1390000.0,41.633235931396484
2015-11-10,46.15999984741211,45.279998779296875,45.689998626708984,46.119998931884766,2234400.0,42.40559005737305
2015-11-11,46.79999923706055,46.0099983215332,46.29999923706055,46.439998626708984,1513900.0,42.69981384277344
2015-11-12,46.15999984741211,45.279998779296875,46.08000183105469,45.34000015258789,821000.0,41.688411712646484
2015-11-13,45.959999084472656,45.15999984741211,45.31999969482422,45.43000030517578,919300.0,41.771156311035156
2015-11-16,46.59000015258789,45.22999954223633,45.40999984741211,46.540000915527344,1180500.0,42.79176330566406
2015-11-17,47.43000030517578,46.45000076293945,46.75,46.849998474121094,2642900.0,43.07678985595703
2015-11-18,47.939998626708984,46.779998779296875,47.16999816894531,47.560001373291016,2239200.0,43.7296142578125
2015-11-19,48.5,47.560001373291016,48.040000915527344,47.650001525878906,1215900.0,43.8123664855957
2015-11-20,48.33000183105469,47.689998626708984,47.790000915527344,48.0099983215332,1530600.0,44.143367767333984
2015-11-23,48.45000076293945,47.540000915527344,47.90999984741211,47.75,966600.0,43.90430450439453
2015-11-24,47.66999816894531,46.970001220703125,47.540000915527344,47.41999816894531,1820000.0,43.60088348388672
2015-11-25,47.630001068115234,47.15999984741211,47.38999938964844,47.34000015258789,1087900.0,43.5273323059082
2015-11-27,47.34000015258789,47.02000045776367,47.25,47.11000061035156,547200.0,43.31586456298828
2015-11-30,47.20000076293945,46.75,47.18000030517578,46.84000015258789,1071900.0,43.06760025024414
2015-12-01,47.650001525878906,46.84000015258789,47.029998779296875,47.47999954223633,1277800.0,43.656063079833984
2015-12-02,47.66999816894531,47.2400016784668,47.349998474121094,47.56999969482422,1516300.0,43.73880386352539
2015-12-03,47.779998779296875,46.38999938964844,47.599998474121094,46.68000030517578,1129200.0,42.92048645019531
2015-12-04,47.59000015258789,46.5,46.95000076293945,47.439998626708984,1140600.0,43.61928176879883
2015-12-07,48.130001068115234,47.08000183105469,47.36000061035156,47.880001068115234,1565700.0,44.02384567260742
2015-12-08,48.2400016784668,47.189998626708984,47.33000183105469,48.0099983215332,1481700.0,44.143367767333984
2015-12-09,47.939998626708984,47.0,47.619998931884766,47.20000076293945,2105800.0,43.39860916137695
2015-12-10,48.02000045776367,47.0,47.20000076293945,47.5099983215332,1176100.0,43.68364334106445
2015-12-11,47.779998779296875,46.72999954223633,46.849998474121094,46.779998779296875,1260400.0,43.0124397277832
2015-12-14,47.099998474121094,45.880001068115234,46.75,46.459999084472656,1445400.0,42.718204498291016
2015-12-15,47.709999084472656,46.5,46.9900016784668,47.43000030517578,1260900.0,43.610084533691406
2015-12-16,48.29999923706055,47.720001220703125,47.90999984741211,48.08000183105469,1008800.0,44.20773696899414
2015-12-17,48.279998779296875,46.59000015258789,48.18000030517578,46.880001068115234,1386800.0,43.104393005371094
2015-12-18,46.91999816894531,45.900001525878906,46.849998474121094,46.0099983215332,2030100.0,42.304447174072266
2015-12-21,46.59000015258789,45.79999923706055,46.25,46.09000015258789,777500.0,42.37800598144531
2015-12-22,46.630001068115234,45.869998931884766,46.189998626708984,46.52000045776367,540500.0,42.77337646484375
2015-12-23,46.97999954223633,46.43000030517578,46.75,46.93000030517578,917600.0,43.150352478027344
2015-12-24,47.22999954223633,46.68000030517578,46.869998931884766,47.11000061035156,491800.0,43.31586456298828
2015-12-28,47.34000015258789,46.709999084472656,46.79999923706055,47.13999938964844,644200.0,43.34343338012695
2015-12-29,47.54999923706055,47.02000045776367,47.5099983215332,47.439998626708984,547800.0,43.61928176879883
2015-12-30,47.75,47.189998626708984,47.2599983215332,47.36000061035156,491700.0,43.70232391357422
2015-12-31,47.529998779296875,46.880001068115234,47.220001220703125,47.029998779296875,646600.0,43.3978157043457
2016-01-04,46.849998474121094,45.5099983215332,46.11000061035156,46.779998779296875,1705900.0,43.167137145996094
2016-01-05,47.220001220703125,46.16999816894531,46.91999816894531,46.189998626708984,935900.0,42.6226921081543
2016-01-06,46.08000183105469,44.849998474121094,45.43000030517578,45.349998474121094,827900.0,41.847557067871094
2016-01-07,44.939998626708984,43.689998626708984,44.290000915527344,44.099998474121094,1660300.0,40.69409942626953
2016-01-08,45.65999984741211,44.369998931884766,44.45000076293945,44.599998474121094,1961200.0,41.155494689941406
2016-01-11,45.38999938964844,43.970001220703125,45.38999938964844,44.470001220703125,1138400.0,41.0355339050293
2016-01-12,45.18000030517578,44.0,44.880001068115234,44.61000061035156,2369400.0,41.164710998535156
2016-01-13,45.09000015258789,43.0,44.849998474121094,43.310001373291016,1848200.0,39.96511459350586
2016-01-14,43.5,42.56999969482422,43.5,43.0,2278400.0,39.67905044555664
2016-01-15,42.95000076293945,41.7599983215332,41.77000045776367,42.560001373291016,1528300.0,39.27303695678711
2016-01-19,43.459999084472656,42.16999816894531,42.779998779296875,42.54999923706055,1579100.0,39.26381301879883
2016-01-20,43.15999984741211,41.56999969482422,41.779998779296875,42.77000045776367,3243700.0,39.46682357788086
2016-01-21,44.25,43.29999923706055,43.560001373291016,43.81999969482422,2412700.0,40.43571853637695
2016-01-22,45.25,44.31999969482422,44.459999084472656,44.91999816894531,1650600.0,41.45077133178711
2016-01-25,44.81999969482422,44.18000030517578,44.810001373291016,44.34000015258789,1078000.0,40.91556930541992
2016-01-26,45.529998779296875,44.189998626708984,44.36000061035156,45.52000045776367,1857300.0,42.00444030761719
2016-01-27,45.540000915527344,44.4900016784668,45.290000915527344,44.790000915527344,1187100.0,41.330810546875
2016-01-28,45.25,44.13999938964844,45.040000915527344,44.790000915527344,1301600.0,41.330810546875
2016-01-29,46.209999084472656,44.790000915527344,45.0,46.189998626708984,1881600.0,42.6226921081543
2016-02-01,45.9900016784668,44.91999816894531,45.90999984741211,44.9900016784668,1421700.0,41.51536560058594
2016-02-02,45.310001373291016,44.400001525878906,44.68000030517578,45.040000915527344,1712700.0,41.5615119934082
2016-02-03,45.63999938964844,43.959999084472656,45.40999984741211,45.310001373291016,1391500.0,41.81065368652344
2016-02-04,45.709999084472656,44.77000045776367,45.13999938964844,45.369998931884766,1780700.0,41.866024017333984
2016-02-05,46.33000183105469,43.0099983215332,45.529998779296875,43.61000061035156,2771600.0,40.24195098876953
2016-02-08,43.279998779296875,40.77000045776367,42.90999984741211,41.13999938964844,2519900.0,37.962703704833984
2016-02-09,42.70000076293945,40.38999938964844,40.810001373291016,41.93000030517578,3033800.0,38.69168472290039
2016-02-10,43.7599983215332,38.959999084472656,43.400001525878906,43.0,4297800.0,39.67905044555664
2016-02-11,42.88999938964844,41.09000015258789,42.209999084472656,41.22999954223633,1805600.0,38.04575729370117
2016-02-12,41.88999938964844,40.16999816894531,41.810001373291016,40.52000045776367,2453200.0,37.39059066772461
2016-02-16,41.25,39.97999954223633,41.189998626708984,40.779998779296875,3935700.0,37.63050842285156
2016-02-17,41.630001068115234,40.43000030517578,40.91999816894531,41.189998626708984,2211800.0,38.008846282958984
2016-02-18,41.599998474121094,40.72999954223633,41.599998474121094,40.900001525878906,1359600.0,37.741249084472656
2016-02-19,41.79999923706055,40.70000076293945,40.939998626708984,41.70000076293945,1292000.0,38.479461669921875
2016-02-22,42.459999084472656,41.70000076293945,41.70000076293945,42.099998474121094,906100.0,38.848567962646484
2016-02-23,42.56999969482422,41.900001525878906,42.09000015258789,42.4900016784668,1174800.0,39.20844268798828
2016-02-24,42.720001220703125,41.040000915527344,41.9900016784668,42.630001068115234,1176000.0,39.3376350402832
2016-02-25,43.130001068115234,42.61000061035156,42.90999984741211,42.88999938964844,1986700.0,39.57754898071289
2016-02-26,43.470001220703125,42.7599983215332,43.2599983215332,43.029998779296875,1531000.0,39.70674133300781
2016-02-29,43.709999084472656,42.900001525878906,43.060001373291016,42.91999816894531,1136900.0,39.6052360534668
2016-03-01,44.27000045776367,42.95000076293945,43.33000183105469,44.099998474121094,942600.0,40.69409942626953
2016-03-02,44.380001068115234,43.68000030517578,44.0,44.029998779296875,856700.0,40.62950897216797
2016-03-03,44.38999938964844,43.70000076293945,44.119998931884766,44.2400016784668,1126100.0,40.82328796386719
2016-03-04,45.189998626708984,44.060001373291016,44.18000030517578,44.93000030517578,1298800.0,41.46000289916992
2016-03-07,45.439998626708984,44.630001068115234,44.68000030517578,45.22999954223633,944800.0,41.73684310913086
2016-03-08,45.209999084472656,44.38999938964844,44.970001220703125,45.150001525878906,1349100.0,41.663002014160156
2016-03-09,45.95000076293945,44.77000045776367,45.25,45.4900016784668,1004700.0,42.14478302001953
2016-03-10,46.29999923706055,45.060001373291016,45.720001220703125,45.79999923706055,1212100.0,42.43197250366211
2016-03-11,46.150001525878906,45.59000015258789,46.09000015258789,45.83000183105469,1077500.0,42.45976638793945
2016-03-14,46.040000915527344,45.41999816894531,45.70000076293945,45.81999969482422,635400.0,42.45049285888672
2016-03-15,45.63999938964844,45.15999984741211,45.4900016784668,45.290000915527344,840200.0,41.95948028564453
2016-03-16,45.91999816894531,44.68000030517578,45.220001220703125,45.70000076293945,1610600.0,42.33933639526367
2016-03-17,46.279998779296875,45.31999969482422,45.61000061035156,46.13999938964844,1199800.0,42.746971130371094
2016-03-18,47.72999954223633,46.060001373291016,46.119998931884766,47.459999084472656,2460400.0,43.96990203857422
2016-03-21,47.4900016784668,46.400001525878906,47.470001220703125,46.540000915527344,909300.0,43.1175537109375
2016-03-22,47.20000076293945,46.13999938964844,46.31999969482422,47.0,756400.0,43.54372787475586
2016-03-23,47.02000045776367,46.540000915527344,46.709999084472656,46.70000076293945,809400.0,43.26579666137695
2016-03-24,47.060001373291016,46.459999084472656,46.52000045776367,47.0,981900.0,43.54372787475586
2016-03-28,47.689998626708984,46.900001525878906,47.040000915527344,47.45000076293945,790500.0,43.960636138916016
2016-03-29,47.61000061035156,47.04999923706055,47.439998626708984,47.459999084472656,1454200.0,43.96990203857422
2016-03-30,47.779998779296875,47.040000915527344,47.7400016784668,47.380001068115234,1183000.0,43.89579391479492
2016-03-31,47.459999084472656,46.790000915527344,47.2599983215332,47.279998779296875,1646800.0,43.803138732910156
2016-04-01,47.880001068115234,46.900001525878906,46.93000030517578,47.66999816894531,1493800.0,44.164459228515625
2016-04-04,48.45000076293945,47.47999954223633,47.599998474121094,48.16999816894531,2065700.0,44.627685546875
2016-04-05,48.869998931884766,47.869998931884766,48.0,48.84000015258789,3537000.0,45.24842071533203
2016-04-06,49.689998626708984,48.79999923706055,48.880001068115234,49.439998626708984,1382200.0,45.804298400878906
2016-04-07,49.400001525878906,48.459999084472656,49.2400016784668,48.68000030517578,1106700.0,45.10018539428711
2016-04-08,49.2599983215332,48.689998626708984,49.0099983215332,48.810001373291016,638300.0,45.22063064575195
2016-04-11,50.150001525878906,49.22999954223633,49.47999954223633,49.29999923706055,1303100.0,45.674591064453125
2016-04-12,49.630001068115234,49.119998931884766,49.22999954223633,49.400001525878906,470700.0,45.76723861694336
2016-04-13,50.209999084472656,49.40999984741211,49.689998626708984,50.060001373291016,592700.0,46.37871170043945
2016-04-14,50.2599983215332,49.83000183105469,49.959999084472656,50.02000045776367,637600.0,46.341644287109375
2016-04-15,50.70000076293945,49.779998779296875,49.939998626708984,50.630001068115234,823500.0,46.90678024291992
2016-04-18,51.209999084472656,50.5,50.56999969482422,51.209999084472656,842800.0,47.44414138793945
2016-04-19,51.93000030517578,51.11000061035156,51.2599983215332,51.290000915527344,1589500.0,47.518253326416016
2016-04-20,51.58000183105469,50.72999954223633,51.38999938964844,51.099998474121094,1593000.0,47.34221649169922
2016-04-21,51.54999923706055,51.099998474121094,51.099998474121094,51.20000076293945,921100.0,47.43486404418945
2016-04-22,51.970001220703125,51.060001373291016,51.36000061035156,51.77000045776367,1207800.0,47.962955474853516
2016-04-25,52.52000045776367,51.70000076293945,51.91999816894531,51.90999984741211,2016300.0,48.092655181884766
2016-04-26,52.150001525878906,50.75,51.970001220703125,51.709999084472656,2937000.0,47.907371520996094
2016-04-27,51.52000045776367,47.61000061035156,51.29999923706055,48.540000915527344,5539200.0,44.97047805786133
2016-04-28,48.599998474121094,46.86000061035156,48.119998931884766,47.040000915527344,2801400.0,43.58079147338867
2016-04-29,46.970001220703125,45.459999084472656,46.970001220703125,46.06999969482422,2614500.0,42.6821174621582
2016-05-02,46.91999816894531,46.150001525878906,46.20000076293945,46.70000076293945,1741300.0,43.26579666137695
2016-05-03,47.04999923706055,46.29999923706055,46.5,46.93000030517578,1919300.0,43.47887420654297
2016-05-04,47.439998626708984,46.4900016784668,46.86000061035156,47.380001068115234,1831800.0,43.89579391479492
2016-05-05,47.65999984741211,47.15999984741211,47.470001220703125,47.59000015258789,1326900.0,44.09034729003906
2016-05-06,48.13999938964844,47.22999954223633,47.470001220703125,48.06999969482422,1272100.0,44.53504180908203
2016-05-09,48.36000061035156,47.95000076293945,47.97999954223633,48.08000183105469,1273700.0,44.54430389404297
2016-05-10,48.66999816894531,47.86000061035156,48.279998779296875,48.65999984741211,1538100.0,45.08165740966797
2016-05-11,49.189998626708984,48.560001373291016,48.63999938964844,48.86000061035156,1775100.0,45.26695251464844
2016-05-12,49.70000076293945,48.70000076293945,48.88999938964844,49.40999984741211,1834000.0,45.776493072509766
2016-05-13,49.560001373291016,49.029998779296875,49.2400016784668,49.16999816894531,1133900.0,45.55414581298828
2016-05-16,49.560001373291016,48.90999984741211,49.290000915527344,49.33000183105469,1255900.0,45.7023811340332
2016-05-17,49.560001373291016,48.790000915527344,49.09000015258789,49.529998779296875,1457800.0,45.88767623901367
2016-05-18,50.40999984741211,49.529998779296875,49.619998931884766,50.04999923706055,1839100.0,46.36943817138672
2016-05-19,50.18000030517578,49.54999923706055,49.7599983215332,49.970001220703125,1021200.0,46.295326232910156
2016-05-20,51.040000915527344,50.18000030517578,50.209999084472656,50.9900016784668,1003000.0,47.24030685424805
2016-05-23,51.099998474121094,50.58000183105469,50.939998626708984,50.93000030517578,939200.0,47.184722900390625
2016-05-24,52.0,50.95000076293945,51.189998626708984,51.9900016784668,1496600.0,48.166778564453125
2016-05-25,52.400001525878906,51.84000015258789,52.13999938964844,52.20000076293945,1031200.0,48.361331939697266
2016-05-26,52.439998626708984,51.150001525878906,52.20000076293945,51.31999969482422,963400.0,47.54605484008789
2016-05-27,51.630001068115234,51.08000183105469,51.400001525878906,51.45000076293945,598100.0,47.66648483276367
2016-05-31,51.810001373291016,50.66999816894531,51.599998474121094,51.06999969482422,896000.0,47.31443405151367
2016-06-01,51.97999954223633,50.52000045776367,51.0,51.810001373291016,722600.0,48.0000114440918
2016-06-02,51.869998931884766,50.91999816894531,51.75,51.189998626708984,791500.0,47.425601959228516
2016-06-03,51.0,50.31999969482422,50.959999084472656,50.77000045776367,940100.0,47.036495208740234
2016-06-06,50.95000076293945,50.04999923706055,50.790000915527344,50.5099983215332,747600.0,46.79561233520508
2016-06-07,50.86000061035156,50.22999954223633,50.54999923706055,50.529998779296875,721300.0,46.81413269042969
2016-06-08,50.5,49.689998626708984,50.5,50.18000030517578,1818900.0,46.4898796081543
2016-06-09,50.72999954223633,49.7599983215332,50.06999969482422,50.630001068115234,906100.0,46.90678024291992
2016-06-10,50.290000915527344,49.279998779296875,50.290000915527344,49.400001525878906,708900.0,45.76723861694336
2016-06-13,49.45000076293945,48.61000061035156,49.20000076293945,48.619998931884766,612300.0,45.04460906982422
2016-06-14,49.0,48.45000076293945,48.5,48.75,1214500.0,45.1650390625
2016-06-15,49.0,48.45000076293945,48.83000183105469,48.470001220703125,904100.0,44.90563201904297
2016-06-16,49.88999938964844,48.130001068115234,48.36000061035156,49.689998626708984,1602800.0,46.03591537475586
2016-06-17,50.29999923706055,49.59000015258789,49.66999816894531,50.0,1782500.0,46.3231201171875
2016-06-20,51.470001220703125,50.7599983215332,50.7599983215332,51.119998931884766,1151200.0,47.360755920410156
2016-06-21,51.41999816894531,50.83000183105469,51.27000045776367,51.06999969482422,673800.0,47.31443405151367
2016-06-22,51.79999923706055,51.13999938964844,51.279998779296875,51.25,606600.0,47.4811897277832
2016-06-23,51.75,51.08000183105469,51.75,51.310001373291016,599800.0,47.53678512573242
2016-06-24,50.7599983215332,49.36000061035156,49.459999084472656,50.2599983215332,1256600.0,46.563995361328125
2016-06-27,49.68000030517578,47.97999954223633,49.650001525878906,48.619998931884766,1371400.0,45.04460906982422
2016-06-28,49.72999954223633,48.810001373291016,49.25,49.20000076293945,1065400.0,45.58195495605469
2016-06-29,50.40999984741211,49.689998626708984,49.7599983215332,49.970001220703125,1216900.0,46.295326232910156
2016-06-30,51.540000915527344,49.88999938964844,50.209999084472656,51.52000045776367,875600.0,47.7313346862793
2016-07-01,53.209999084472656,51.5099983215332,51.630001068115234,52.70000076293945,835600.0,48.82456970214844
2016-07-05,53.0,52.040000915527344,52.689998626708984,52.599998474121094,850600.0,48.73193359375
2016-07-06,53.970001220703125,52.599998474121094,52.90999984741211,53.849998474121094,1221800.0,49.88999557495117
2016-07-07,54.279998779296875,53.65999984741211,53.970001220703125,53.93000030517578,1148600.0,49.964107513427734
2016-07-08,54.459999084472656,53.099998474121094,54.34000015258789,53.7599983215332,1263900.0,49.80661392211914
2016-07-11,54.599998474121094,53.75,54.0,54.040000915527344,984500.0,50.06602096557617
2016-07-12,54.79999923706055,53.84000015258789,54.68000030517578,54.04999923706055,1118500.0,50.07528305053711
2016-07-13,54.43000030517578,53.83000183105469,54.189998626708984,54.09000015258789,1206800.0,50.11235046386719
2016-07-14,54.58000183105469,53.939998626708984,54.380001068115234,54.150001525878906,836300.0,50.3354377746582
2016-07-15,54.939998626708984,54.099998474121094,54.5099983215332,54.880001068115234,1409900.0,51.0140266418457
2016-07-18,55.290000915527344,54.790000915527344,54.86000061035156,55.0099983215332,588400.0,51.134857177734375
2016-07-19,55.349998474121094,54.31999969482422,54.9900016784668,54.400001525878906,853800.0,50.56783676147461
2016-07-20,55.310001373291016,54.290000915527344,54.61000061035156,55.09000015258789,552100.0,51.209224700927734
2016-07-21,55.16999816894531,54.150001525878906,55.130001068115234,54.220001220703125,599000.0,50.4005126953125
2016-07-22,54.880001068115234,53.75,54.06999969482422,54.61000061035156,1209500.0,50.76304244995117
2016-07-25,55.060001373291016,54.27000045776367,54.56999969482422,54.9900016784668,788000.0,51.11626052856445
2016-07-26,55.47999954223633,54.59000015258789,55.04999923706055,55.0,2109700.0,51.12556457519531
2016-07-27,58.689998626708984,50.880001068115234,56.7400016784668,52.68000030517578,5441300.0,48.9689826965332
2016-07-28,55.16999816894531,52.84000015258789,52.84000015258789,54.11000061035156,1993600.0,50.298248291015625
2016-07-29,54.0099983215332,52.810001373291016,53.95000076293945,52.90999984741211,1527000.0,49.182796478271484
2016-08-01,53.66999816894531,52.65999984741211,52.959999084472656,53.560001373291016,1401000.0,49.787010192871094
2016-08-02,53.9900016784668,53.18000030517578,53.79999923706055,53.959999084472656,1704900.0,50.1588249206543
2016-08-03,54.029998779296875,53.34000015258789,53.959999084472656,53.970001220703125,1276100.0,50.168121337890625
2016-08-04,54.099998474121094,53.029998779296875,53.84000015258789,53.189998626708984,1312000.0,49.44306182861328
2016-08-05,53.959999084472656,53.22999954223633,53.5,53.459999084472656,1519000.0,49.69404983520508
2016-08-08,54.709999084472656,53.220001220703125,53.400001525878906,54.63999938964844,1670000.0,50.790924072265625
2016-08-09,54.709999084472656,53.86000061035156,54.54999923706055,54.27000045776367,1175300.0,50.446990966796875
2016-08-10,54.41999816894531,53.900001525878906,54.220001220703125,54.22999954223633,1087100.0,50.40979766845703
2016-08-11,54.540000915527344,53.7599983215332,53.90999984741211,54.040000915527344,1324800.0,50.233192443847656
2016-08-12,54.20000076293945,53.560001373291016,54.060001373291016,53.790000915527344,815100.0,50.00080490112305
2016-08-15,54.369998931884766,53.77000045776367,53.83000183105469,54.09000015258789,490400.0,50.279666900634766
2016-08-16,54.25,53.290000915527344,53.790000915527344,53.349998474121094,621500.0,49.591793060302734
2016-08-17,53.40999984741211,52.77000045776367,53.16999816894531,53.130001068115234,694300.0,49.38729476928711
2016-08-18,53.400001525878906,52.790000915527344,53.20000076293945,53.34000015258789,513500.0,49.58249282836914
2016-08-19,53.56999969482422,53.04999923706055,53.279998779296875,53.5099983215332,446900.0,49.74052429199219
2016-08-22,53.9900016784668,53.150001525878906,53.29999923706055,53.9900016784668,805100.0,50.18670654296875
2016-08-23,54.790000915527344,54.0099983215332,54.04999923706055,54.4900016784668,1082600.0,50.6514892578125
2016-08-24,54.83000183105469,54.06999969482422,54.31999969482422,54.810001373291016,924000.0,50.94894790649414
2016-08-25,54.81999969482422,53.90999984741211,54.709999084472656,54.189998626708984,765100.0,50.372623443603516
2016-08-26,54.689998626708984,53.470001220703125,54.40999984741211,53.970001220703125,713500.0,50.168121337890625
2016-08-29,54.68000030517578,53.779998779296875,53.959999084472656,54.65999984741211,548100.0,50.80951690673828
2016-08-30,54.790000915527344,54.20000076293945,54.4900016784668,54.709999084472656,849900.0,50.85599136352539
2016-08-31,55.209999084472656,54.209999084472656,54.5099983215332,54.91999816894531,928000.0,51.05118942260742
2016-09-01,55.29999923706055,54.43000030517578,55.0,55.189998626708984,904000.0,51.30217361450195
2016-09-02,55.869998931884766,55.04999923706055,55.220001220703125,55.52000045776367,655700.0,51.608943939208984
2016-09-06,55.75,54.849998474121094,55.650001525878906,55.2599983215332,974100.0,51.367244720458984
2016-09-07,55.650001525878906,54.810001373291016,55.130001068115234,54.97999954223633,885700.0,51.106971740722656
2016-09-08,55.150001525878906,54.5099983215332,54.79999923706055,54.869998931884766,509400.0,51.00471878051758
2016-09-09,54.63999938964844,52.060001373291016,54.470001220703125,52.22999954223633,1128900.0,48.550689697265625
2016-09-12,52.849998474121094,51.0099983215332,51.65999984741211,52.56999969482422,1111800.0,48.866737365722656
2016-09-13,52.59000015258789,51.40999984741211,52.15999984741211,51.68000030517578,822800.0,48.0394401550293
2016-09-14,51.91999816894531,51.08000183105469,51.630001068115234,51.25,579700.0,47.63972473144531
2016-09-15,51.95000076293945,51.040000915527344,51.040000915527344,51.439998626708984,1082200.0,47.81633758544922
2016-09-16,51.380001068115234,50.33000183105469,51.22999954223633,51.029998779296875,1815200.0,47.43522644042969
2016-09-19,52.18000030517578,51.16999816894531,51.16999816894531,51.88999938964844,747000.0,48.234642028808594
2016-09-20,52.130001068115234,51.310001373291016,52.119998931884766,51.65999984741211,553300.0,48.02084732055664
2016-09-21,52.0099983215332,50.91999816894531,51.849998474121094,51.72999954223633,902800.0,48.085914611816406
2016-09-22,52.27000045776367,51.45000076293945,52.0,52.22999954223633,885300.0,48.550689697265625
2016-09-23,53.97999954223633,52.15999984741211,52.54999923706055,53.33000183105469,1699400.0,49.573211669921875
2016-09-26,53.9900016784668,52.86000061035156,53.25,53.47999954223633,1281200.0,49.7126350402832
2016-09-27,54.2400016784668,53.43000030517578,53.43000030517578,53.849998474121094,1082600.0,50.05657958984375
2016-09-28,54.439998626708984,53.63999938964844,53.939998626708984,54.279998779296875,914700.0,50.45627975463867
2016-09-29,54.25,52.38999938964844,54.18000030517578,52.97999954223633,1364400.0,49.24784851074219
2016-09-30,53.689998626708984,52.84000015258789,53.25,53.38999938964844,855900.0,49.62898254394531
2016-10-03,53.38999938964844,52.119998931884766,53.38999938964844,52.84000015258789,1324000.0,49.11772155761719
2016-10-04,53.400001525878906,52.90999984741211,53.0,53.11000061035156,1058800.0,49.36870193481445
2016-10-05,54.2599983215332,53.209999084472656,53.439998626708984,53.5,1340700.0,49.73122787475586
2016-10-06,55.36000061035156,53.16999816894531,53.459999084472656,54.88999938964844,2313600.0,51.0233039855957
2016-10-07,54.40999984741211,52.91999816894531,54.18000030517578,53.13999938964844,1717500.0,49.39658737182617
2016-10-10,53.97999954223633,53.2599983215332,53.36000061035156,53.52000045776367,566600.0,49.749820709228516
2016-10-11,53.560001373291016,52.45000076293945,53.4900016784668,52.72999954223633,809100.0,49.01547622680664
2016-10-12,53.34000015258789,52.68000030517578,52.77000045776367,52.84000015258789,699300.0,49.11772155761719
2016-10-13,52.27000045776367,51.18000030517578,52.189998626708984,51.52000045776367,939200.0,48.05440902709961
2016-10-14,52.779998779296875,51.52000045776367,51.88999938964844,51.54999923706055,950800.0,48.082393646240234
2016-10-17,52.58000183105469,51.709999084472656,51.810001373291016,51.93000030517578,867400.0,48.436832427978516
2016-10-18,52.58000183105469,51.939998626708984,52.29999923706055,52.119998931884766,561000.0,48.61404037475586
2016-10-19,52.439998626708984,51.4900016784668,52.369998931884766,51.779998779296875,713700.0,48.296913146972656
2016-10-20,51.66999816894531,51.02000045776367,51.56999969482422,51.119998931884766,1257700.0,47.68131637573242
2016-10-21,51.81999969482422,50.16999816894531,50.86000061035156,51.5,1722500.0,48.03573989868164
2016-10-24,52.650001525878906,51.630001068115234,52.0,52.189998626708984,1476300.0,48.67934036254883
2016-10-25,52.0,49.619998931884766,52.0,49.7599983215332,2759000.0,46.41279602050781
2016-10-26,51.369998931884766,49.099998474121094,50.5099983215332,50.04999923706055,2230500.0,46.68328857421875
2016-10-27,49.849998474121094,48.150001525878906,49.599998474121094,48.25,2948900.0,45.00437545776367
2016-10-28,49.209999084472656,48.18000030517578,48.31999969482422,48.47999954223633,2289900.0,45.21889877319336
2016-10-31,49.189998626708984,48.400001525878906,48.47999954223633,48.779998779296875,1289300.0,45.49870681762695
2016-11-01,49.04999923706055,46.81999969482422,48.65999984741211,47.2400016784668,1759500.0,44.062313079833984
2016-11-02,47.81999969482422,46.650001525878906,46.9900016784668,46.939998626708984,2074200.0,43.78248596191406
2016-11-03,47.150001525878906,46.45000076293945,47.02000045776367,46.58000183105469,1008200.0,43.44670486450195
2016-11-04,47.83000183105469,46.5,46.599998474121094,46.84000015258789,1714100.0,43.689212799072266
2016-11-07,47.83000183105469,47.40999984741211,47.68000030517578,47.68000030517578,743500.0,44.47270584106445
2016-11-08,48.41999816894531,47.470001220703125,47.70000076293945,48.279998779296875,1042400.0,45.0323486328125
2016-11-09,49.150001525878906,47.599998474121094,47.7599983215332,48.79999923706055,1870300.0,45.51737594604492
2016-11-10,50.150001525878906,48.959999084472656,49.20000076293945,49.970001220703125,1200100.0,46.60866928100586
2016-11-11,50.630001068115234,49.79999923706055,50.04999923706055,50.619998931884766,1286300.0,47.21494674682617
2016-11-14,51.0,50.16999816894531,50.939998626708984,50.599998474121094,1021500.0,47.19629669189453
2016-11-15,51.810001373291016,50.29999923706055,50.709999084472656,51.709999084472656,1272600.0,48.23162841796875
2016-11-16,51.880001068115234,51.22999954223633,51.45000076293945,51.2599983215332,1028400.0,47.81189727783203
2016-11-17,52.9900016784668,51.34000015258789,51.65999984741211,52.86000061035156,965300.0,49.30426788330078
2016-11-18,53.880001068115234,52.599998474121094,52.7400016784668,53.59000015258789,1255400.0,49.98515701293945
2016-11-21,54.16999816894531,52.310001373291016,53.75,52.869998931884766,965700.0,49.313602447509766
2016-11-22,53.29999923706055,52.29999923706055,52.869998931884766,52.560001373291016,1062800.0,49.02445602416992
2016-11-23,53.18000030517578,52.40999984741211,52.40999984741211,52.93000030517578,537500.0,49.369564056396484
2016-11-25,53.720001220703125,52.95000076293945,52.95000076293945,53.709999084472656,317400.0,50.09709548950195
2016-11-28,53.68000030517578,52.36000061035156,53.560001373291016,53.09000015258789,1003000.0,49.51880645751953
2016-11-29,53.529998779296875,52.68000030517578,53.0,53.0,1061300.0,49.43484878540039
2016-11-30,53.119998931884766,50.81999969482422,53.040000915527344,51.380001068115234,1235100.0,47.923831939697266
2016-12-01,52.36000061035156,51.189998626708984,51.2599983215332,51.900001525878906,1212100.0,48.408843994140625
2016-12-02,52.63999938964844,51.5099983215332,51.95000076293945,51.90999984741211,892800.0,48.41816711425781
2016-12-05,53.0,51.90999984741211,52.0,52.650001525878906,708400.0,49.10840606689453
2016-12-06,53.709999084472656,52.650001525878906,52.650001525878906,53.619998931884766,851500.0,50.01314163208008
2016-12-07,54.9900016784668,53.83000183105469,53.970001220703125,54.61000061035156,1220400.0,50.93655776977539
2016-12-08,55.849998474121094,54.2400016784668,54.66999816894531,55.66999816894531,1107400.0,51.92524719238281
2016-12-09,56.130001068115234,55.43000030517578,55.75,56.029998779296875,959400.0,52.26103591918945
2016-12-12,55.81999969482422,54.81999969482422,55.75,55.0099983215332,804400.0,51.30964660644531
2016-12-13,55.7400016784668,55.029998779296875,55.22999954223633,55.18000030517578,821300.0,51.46821594238281
2016-12-14,55.47999954223633,53.779998779296875,55.099998474121094,53.779998779296875,959700.0,50.16238784790039
2016-12-15,54.029998779296875,52.52000045776367,53.86000061035156,52.529998779296875,1844200.0,48.9964714050293
2016-12-16,52.52000045776367,51.77000045776367,52.0,51.84000015258789,2420100.0,48.35287857055664
2016-12-19,53.0099983215332,52.06999969482422,52.2400016784668,52.2599983215332,872500.0,48.744625091552734
2016-12-20,52.439998626708984,52.04999923706055,52.31999969482422,52.369998931884766,606100.0,48.84722900390625
2016-12-21,52.900001525878906,52.36000061035156,52.36000061035156,52.86000061035156,788100.0,49.30426788330078
2016-12-22,52.900001525878906,51.849998474121094,52.900001525878906,52.09000015258789,781500.0,48.5860710144043
2016-12-23,52.689998626708984,52.11000061035156,52.279998779296875,52.56999969482422,501000.0,49.03377151489258
2016-12-27,53.209999084472656,52.7599983215332,52.7599983215332,52.86000061035156,414500.0,49.30426788330078
2016-12-28,53.20000076293945,52.18000030517578,53.099998474121094,52.22999954223633,504100.0,48.716644287109375
2016-12-29,52.540000915527344,52.06999969482422,52.06999969482422,52.09000015258789,528500.0,48.7728385925293
2016-12-30,52.36000061035156,51.380001068115234,52.310001373291016,51.560001373291016,405600.0,48.27657699584961
2017-01-03,52.36000061035156,51.4900016784668,52.06999969482422,51.959999084472656,746400.0,48.651100158691406
2017-01-04,52.45000076293945,51.61000061035156,51.9900016784668,51.849998474121094,1351700.0,48.54811477661133
2017-01-05,52.77000045776367,51.939998626708984,52.15999984741211,52.5,1542500.0,49.15672302246094
2017-01-06,52.619998931884766,52.130001068115234,52.13999938964844,52.13999938964844,1179600.0,48.819644927978516
2017-01-09,52.22999954223633,51.36000061035156,52.02000045776367,51.90999984741211,672400.0,48.604286193847656
2017-01-10,52.22999954223633,51.40999984741211,51.900001525878906,51.65999984741211,1021600.0,48.37020492553711
2017-01-11,51.939998626708984,51.189998626708984,51.939998626708984,51.70000076293945,1331300.0,48.40766525268555
2017-01-12,52.310001373291016,50.77000045776367,51.709999084472656,52.25,1797500.0,48.92264175415039
2017-01-13,54.31999969482422,52.540000915527344,52.540000915527344,53.869998931884766,2030300.0,50.43947219848633
2017-01-17,53.869998931884766,53.040000915527344,53.66999816894531,53.099998474121094,1293400.0,49.71851348876953
2017-01-18,53.18000030517578,52.47999954223633,53.18000030517578,52.79999923706055,733300.0,49.4376106262207
2017-01-19,53.9900016784668,53.08000183105469,53.08000183105469,53.86000061035156,1284100.0,50.430110931396484
2017-01-20,54.2599983215332,53.7400016784668,53.7400016784668,54.16999816894531,1083500.0,50.72036361694336
2017-01-23,54.5099983215332,54.029998779296875,54.15999984741211,54.36000061035156,898800.0,50.898258209228516
2017-01-24,55.72999954223633,54.540000915527344,54.779998779296875,55.41999816894531,1090700.0,51.89076614379883
2017-01-25,56.66999816894531,55.880001068115234,55.91999816894531,56.56999969482422,1103100.0,52.96753692626953
2017-01-26,57.29999923706055,55.939998626708984,56.91999816894531,55.95000076293945,910300.0,52.38702392578125
2017-01-27,56.099998474121094,55.11000061035156,56.099998474121094,55.529998779296875,866000.0,51.9937629699707
2017-01-30,55.41999816894531,54.459999084472656,55.220001220703125,55.33000183105469,1187200.0,51.80649185180664
2017-01-31,55.58000183105469,54.869998931884766,55.18000030517578,55.25,862700.0,51.73160934448242
2017-02-01,55.7400016784668,54.810001373291016,55.279998779296875,55.15999984741211,794700.0,51.64733123779297
2017-02-02,55.369998931884766,54.59000015258789,55.08000183105469,54.86000061035156,922900.0,51.36643981933594
2017-02-03,55.459999084472656,54.72999954223633,54.810001373291016,55.0,1101800.0,51.49751281738281
2017-02-06,55.40999984741211,54.72999954223633,55.0,55.369998931884766,1374800.0,51.84394836425781
2017-02-07,55.65999984741211,55.20000076293945,55.29999923706055,55.2599983215332,1549700.0,51.740943908691406
2017-02-08,56.41999816894531,53.040000915527344,56.41999816894531,54.52000045776367,2767100.0,51.04808807373047
2017-02-09,56.91999816894531,54.86000061035156,54.86000061035156,56.7400016784668,2335400.0,53.126705169677734
2017-02-10,57.56999969482422,56.34000015258789,56.849998474121094,57.189998626708984,1439700.0,53.54804611206055
2017-02-13,58.0,57.310001373291016,57.4900016784668,57.5099983215332,1145900.0,53.84767532348633
2017-02-14,57.650001525878906,57.02000045776367,57.220001220703125,57.58000183105469,1297800.0,53.91321563720703
2017-02-15,57.9900016784668,57.20000076293945,57.72999954223633,57.4900016784668,947400.0,53.82894515991211
2017-02-16,57.88999938964844,56.91999816894531,57.25,57.220001220703125,834400.0,53.576148986816406
2017-02-17,58.15999984741211,57.11000061035156,57.970001220703125,57.43000030517578,1335000.0,53.772769927978516
2017-02-21,58.5,57.70000076293945,57.72999954223633,58.36000061035156,713500.0,54.6435432434082
2017-02-22,58.709999084472656,58.119998931884766,58.40999984741211,58.22999954223633,994800.0,54.521827697753906
2017-02-23,58.58000183105469,57.4900016784668,58.290000915527344,58.0099983215332,1170200.0,54.31583023071289
2017-02-24,57.93000030517578,57.36000061035156,57.40999984741211,57.75,759700.0,54.07239532470703
2017-02-27,59.15999984741211,57.59000015258789,57.709999084472656,58.689998626708984,1091800.0,54.9525260925293
2017-02-28,58.81999969482422,58.099998474121094,58.689998626708984,58.4900016784668,1045500.0,54.765262603759766
2017-03-01,60.9900016784668,60.0,60.439998626708984,60.130001068115234,1274900.0,56.30082702636719
2017-03-02,60.2400016784668,59.63999938964844,59.970001220703125,59.650001525878906,837200.0,55.851402282714844
2017-03-03,60.43000030517578,59.58000183105469,59.72999954223633,60.040000915527344,941100.0,56.216552734375
2017-03-06,60.099998474121094,59.54999923706055,59.58000183105469,59.63999938964844,851000.0,55.8420295715332
2017-03-07,59.93000030517578,59.34000015258789,59.54999923706055,59.4900016784668,679300.0,55.70158386230469
2017-03-08,60.16999816894531,59.189998626708984,59.209999084472656,59.9900016784668,953800.0,56.35921096801758
2017-03-09,61.38999938964844,60.18000030517578,60.18000030517578,60.650001525878906,1407900.0,56.97927474975586
2017-03-10,61.59000015258789,60.47999954223633,60.68000030517578,61.349998474121094,1516500.0,57.63690185546875
2017-03-13,61.59000015258789,60.79999923706055,61.099998474121094,61.189998626708984,826800.0,57.48659133911133
2017-03-14,61.22999954223633,60.59000015258789,60.84000015258789,61.099998474121094,655500.0,57.402034759521484
2017-03-15,62.40999984741211,61.20000076293945,61.209999084472656,62.209999084472656,1057100.0,58.444854736328125
2017-03-16,62.790000915527344,62.189998626708984,62.43000030517578,62.43000030517578,934100.0,58.65154266357422
2017-03-17,62.68000030517578,61.95000076293945,62.400001525878906,62.02000045776367,891700.0,58.26634979248047
2017-03-20,62.130001068115234,61.59000015258789,61.95000076293945,61.689998626708984,757400.0,57.95632553100586
2017-03-21,62.150001525878906,60.810001373291016,62.0,61.13999938964844,1033400.0,57.43962097167969
2017-03-22,61.650001525878906,60.61000061035156,61.13999938964844,61.25,990000.0,57.54295349121094
2017-03-23,61.880001068115234,61.11000061035156,61.22999954223633,61.34000015258789,784000.0,57.62751388549805
2017-03-24,62.06999969482422,60.880001068115234,61.54999923706055,61.2400016784668,781500.0,57.533573150634766
2017-03-27,61.119998931884766,60.0,60.52000045776367,60.849998474121094,746200.0,57.16716766357422
2017-03-28,61.38999938964844,60.54999923706055,60.599998474121094,61.13999938964844,912700.0,57.43962097167969
2017-03-29,61.2400016784668,60.650001525878906,61.040000915527344,60.939998626708984,806900.0,57.2517204284668
2017-03-30,61.369998931884766,60.81999969482422,60.939998626708984,60.9900016784668,411200.0,57.29869842529297
2017-03-31,61.47999954223633,60.790000915527344,61.02000045776367,61.369998931884766,1052200.0,57.65569305419922
2017-04-03,62.27000045776367,60.150001525878906,61.529998779296875,60.630001068115234,1216700.0,56.96048355102539
2017-04-04,60.900001525878906,60.369998931884766,60.68000030517578,60.61000061035156,619500.0,56.94169235229492
2017-04-05,61.209999084472656,60.040000915527344,60.93000030517578,60.209999084472656,895400.0,56.56590270996094
2017-04-06,60.849998474121094,60.33000183105469,60.459999084472656,60.560001373291016,733800.0,56.894718170166016
2017-04-07,60.779998779296875,60.119998931884766,60.7400016784668,60.34000015258789,928900.0,56.688026428222656
2017-04-10,61.04999923706055,60.349998474121094,60.43000030517578,60.54999923706055,467500.0,56.88532257080078
2017-04-11,61.13999938964844,60.54999923706055,60.59000015258789,61.029998779296875,714700.0,57.33627700805664
2017-04-12,61.27000045776367,60.31999969482422,61.119998931884766,60.66999816894531,658100.0,56.9980583190918
2017-04-13,61.060001373291016,60.349998474121094,60.54999923706055,60.380001068115234,639500.0,56.72561264038086
2017-04-17,61.7400016784668,60.5099983215332,60.779998779296875,61.63999938964844,1015100.0,57.90935516357422
2017-04-18,61.83000183105469,61.18000030517578,61.27000045776367,61.650001525878906,564300.0,57.918758392333984
2017-04-19,62.41999816894531,61.5,62.04999923706055,61.599998474121094,782400.0,57.871768951416016
2017-04-20,62.220001220703125,61.130001068115234,61.900001525878906,61.869998931884766,707600.0,58.125431060791016
2017-04-21,61.95000076293945,61.41999816894531,61.95000076293945,61.56999969482422,872000.0,57.84359359741211
2017-04-24,62.56999969482422,61.7599983215332,62.560001373291016,62.119998931884766,932100.0,58.36029815673828
2017-04-25,62.66999816894531,62.0,62.599998474121094,62.220001220703125,1479400.0,58.454254150390625
2017-04-26,62.22999954223633,60.20000076293945,62.08000183105469,60.81999969482422,2139800.0,57.13898468017578
2017-04-27,61.130001068115234,59.970001220703125,60.83000183105469,60.790000915527344,1526100.0,57.110801696777344
2017-04-28,60.90999984741211,60.18000030517578,60.79999923706055,60.849998474121094,983900.0,57.16716766357422
2017-05-01,60.91999816894531,60.09000015258789,60.91999816894531,60.310001373291016,703000.0,56.659847259521484
2017-05-02,60.630001068115234,59.56999969482422,60.36000061035156,59.66999816894531,708800.0,56.0585823059082
2017-05-03,59.84000015258789,59.2599983215332,59.5099983215332,59.779998779296875,724200.0,56.16192626953125
2017-05-04,60.099998474121094,59.56999969482422,59.93000030517578,59.880001068115234,807500.0,56.25587844848633
2017-05-05,63.41999816894531,61.15999984741211,61.33000183105469,62.27000045776367,1501500.0,58.501224517822266
2017-05-08,62.189998626708984,61.59000015258789,61.880001068115234,61.650001525878906,1004900.0,57.918758392333984
2017-05-09,62.47999954223633,61.400001525878906,61.65999984741211,62.36000061035156,875500.0,58.58577346801758
2017-05-10,62.79999923706055,62.209999084472656,62.36000061035156,62.33000183105469,1206600.0,58.557594299316406
2017-05-11,62.06999969482422,61.290000915527344,62.0,61.90999984741211,667200.0,58.16301345825195
2017-05-12,61.95000076293945,60.650001525878906,61.779998779296875,60.869998931884766,585000.0,57.18596267700195
2017-05-15,63.41999816894531,61.2599983215332,61.61000061035156,63.369998931884766,2247300.0,59.5346565246582
2017-05-16,63.849998474121094,61.959999084472656,63.54999923706055,61.9900016784668,1306200.0,58.238162994384766
2017-05-17,61.93000030517578,60.5,61.27000045776367,60.709999084472656,977600.0,57.035640716552734
2017-05-18,61.36000061035156,59.959999084472656,60.459999084472656,61.0,931400.0,57.30808639526367
2017-05-19,61.66999816894531,61.06999969482422,61.06999969482422,61.5,701000.0,57.77782440185547
2017-05-22,62.0,61.58000183105469,61.75,61.630001068115234,515000.0,57.89997100830078
2017-05-23,62.0,61.43000030517578,61.9900016784668,61.72999954223633,496200.0,57.993900299072266
2017-05-24,62.130001068115234,61.689998626708984,61.77000045776367,62.060001373291016,443800.0,58.30392837524414
2017-05-25,62.599998474121094,61.54999923706055,62.349998474121094,61.86000061035156,448400.0,58.11603927612305
2017-05-26,62.2400016784668,61.529998779296875,61.86000061035156,61.630001068115234,331100.0,57.89997100830078
2017-05-30,61.47999954223633,60.619998931884766,61.41999816894531,60.95000076293945,478200.0,57.26111602783203
2017-05-31,62.459999084472656,60.91999816894531,61.5099983215332,62.400001525878906,1452000.0,58.62335205078125
2017-06-01,62.7400016784668,61.97999954223633,62.560001373291016,62.7400016784668,690700.0,58.942779541015625
2017-06-02,64.29000091552734,63.060001373291016,63.06999969482422,64.23999786376953,1053300.0,60.351985931396484
2017-06-05,64.56999969482422,63.849998474121094,63.970001220703125,63.88999938964844,1140200.0,60.02318572998047
2017-06-06,64.13999938964844,63.38999938964844,63.4900016784668,63.4900016784668,956500.0,59.647396087646484
2017-06-07,64.77999877929688,63.79999923706055,63.86000061035156,64.75,1006800.0,60.83112335205078
2017-06-08,64.80999755859375,64.30000305175781,64.63999938964844,64.58999633789062,719300.0,60.680809020996094
2017-06-09,65.0999984741211,64.27999877929688,65.0199966430664,64.55000305175781,902200.0,60.643245697021484
2017-06-12,64.6500015258789,64.19000244140625,64.5,64.54000091552734,899200.0,60.633846282958984
2017-06-13,65.19999694824219,64.51000213623047,64.55000305175781,65.0,661000.0,61.06599807739258
2017-06-14,65.69999694824219,65.12000274658203,65.22000122070312,65.38999938964844,559400.0,61.43239974975586
2017-06-15,65.30999755859375,64.29000091552734,64.83999633789062,64.7300033569336,707700.0,60.812339782714844
2017-06-16,64.66999816894531,63.79999923706055,64.27999877929688,64.16999816894531,1005100.0,60.28622817993164
2017-06-19,66.16000366210938,64.20999908447266,64.7300033569336,65.83999633789062,953200.0,61.85515594482422
2017-06-20,66.29000091552734,65.27999877929688,66.25,66.19999694824219,1369600.0,62.1933708190918
2017-06-21,67.31999969482422,66.22000122070312,66.54000091552734,67.2699966430664,1483800.0,63.198585510253906
2017-06-22,67.27999877929688,66.38999938964844,67.27999877929688,66.41999816894531,816500.0,62.40004348754883
2017-06-23,67.30999755859375,66.48999786376953,66.87999725341797,66.69999694824219,1196300.0,62.66309356689453
2017-06-26,67.2699966430664,66.41999816894531,66.97000122070312,66.69999694824219,582300.0,62.66309356689453
2017-06-27,67.25,65.9800033569336,66.83000183105469,66.05000305175781,588400.0,62.05245590209961
2017-06-28,67.73999786376953,66.30000305175781,66.6500015258789,67.37999725341797,865000.0,63.301944732666016
2017-06-29,67.62999725341797,66.0,67.41000366210938,66.41000366210938,637500.0,62.39066696166992
2017-06-30,67.23999786376953,66.48999786376953,66.72000122070312,66.91999816894531,576800.0,62.86979293823242
2017-07-03,67.47000122070312,66.79000091552734,67.41999816894531,66.81999969482422,349500.0,62.77585220336914
2017-07-05,67.18000030517578,66.55000305175781,66.8499984741211,66.80000305175781,578800.0,62.757049560546875
2017-07-06,66.81999969482422,65.26000213623047,66.80000305175781,65.44000244140625,1364100.0,61.4793701171875
2017-07-07,66.22000122070312,65.51000213623047,65.56999969482422,65.87999725341797,1081900.0,61.892738342285156
2017-07-10,66.22000122070312,65.55999755859375,65.97000122070312,65.66999816894531,906600.0,61.69544982910156
2017-07-11,65.68000030517578,64.86000061035156,65.6500015258789,65.41999816894531,550200.0,61.4605827331543
2017-07-12,66.41000366210938,65.44000244140625,65.88999938964844,65.70999908447266,556300.0,61.7330322265625
2017-07-13,66.25,65.55999755859375,65.77999877929688,66.19999694824219,690000.0,62.383243560791016
2017-07-14,66.58999633789062,65.87999725341797,66.19000244140625,66.12999725341797,501700.0,62.31726837158203
2017-07-17,66.19999694824219,65.7699966430664,66.16000366210938,65.94999694824219,362300.0,62.147640228271484
2017-07-18,66.0999984741211,64.94000244140625,66.0999984741211,65.55999755859375,738000.0,61.78013229370117
2017-07-19,65.91000366210938,65.47000122070312,65.81999969482422,65.69999694824219,667400.0,61.91206741333008
2017-07-20,65.7699966430664,64.58000183105469,65.69000244140625,64.8499984741211,867500.0,61.1110725402832
2017-07-21,65.12000274658203,64.62000274658203,64.6500015258789,64.76000213623047,524200.0,61.026268005371094
2017-07-24,65.06999969482422,64.23999786376953,64.8499984741211,64.29000091552734,711900.0,60.58336639404297
2017-07-25,64.83000183105469,63.88999938964844,64.75,64.08999633789062,1852600.0,60.39488983154297
2017-07-26,68.80000305175781,65.23999786376953,65.79000091552734,68.05999755859375,2478800.0,64.13600158691406
2017-07-27,68.62999725341797,67.44000244140625,68.58000183105469,67.94000244140625,1337300.0,64.0229263305664
2017-07-28,68.48999786376953,66.56999969482422,67.9000015258789,67.22000122070312,913800.0,63.34445571899414
2017-07-31,67.56999969482422,66.83999633789062,67.45999908447266,67.05000305175781,640200.0,63.184234619140625
2017-08-01,67.88999938964844,67.08000183105469,67.37999725341797,67.52999877929688,813700.0,63.636566162109375
2017-08-02,67.73999786376953,66.76000213623047,67.41000366210938,67.38999938964844,1537200.0,63.504642486572266
2017-08-03,67.44999694824219,66.62000274658203,67.44999694824219,66.73999786376953,1541800.0,62.89210510253906
2017-08-04,68.36000061035156,66.80000305175781,66.83999633789062,68.30999755859375,733700.0,64.37159729003906
2017-08-07,68.61000061035156,68.05000305175781,68.55999755859375,68.05000305175781,701300.0,64.12657928466797
2017-08-08,68.7699966430664,67.36000061035156,67.97000122070312,68.55000305175781,879000.0,64.59776306152344
2017-08-09,68.87999725341797,68.0199966430664,68.1500015258789,68.43000030517578,848600.0,64.48467254638672
2017-08-10,68.2300033569336,67.1500015258789,67.94000244140625,67.20999908447266,526200.0,63.33501434326172
2017-08-11,67.94000244140625,67.33000183105469,67.44999694824219,67.73999786376953,593900.0,63.83445739746094
2017-08-14,68.61000061035156,67.98999786376953,68.29000091552734,68.02999877929688,1156700.0,64.10772705078125
2017-08-15,68.26000213623047,67.19000244140625,68.05000305175781,67.33000183105469,715500.0,63.44806671142578
2017-08-16,67.5999984741211,66.98999786376953,67.47000122070312,67.20999908447266,557100.0,63.33501434326172
2017-08-17,67.4800033569336,66.77999877929688,67.05000305175781,66.83000183105469,885500.0,62.97691345214844
2017-08-18,67.54000091552734,66.45999908447266,66.58999633789062,67.0999984741211,855000.0,63.231353759765625
2017-08-21,67.47000122070312,67.0,67.0999984741211,67.19000244140625,601300.0,63.316162109375
2017-08-22,68.47000122070312,67.19999694824219,67.22000122070312,68.44999694824219,605000.0,64.50350189208984
2017-08-23,68.47000122070312,68.05999755859375,68.1500015258789,68.3499984741211,880900.0,64.4092788696289
2017-08-24,69.30999755859375,68.3499984741211,68.5199966430664,69.1500015258789,873800.0,65.16316986083984
2017-08-25,70.44999694824219,69.37000274658203,69.48999786376953,70.08999633789062,1291300.0,66.0489501953125
2017-08-28,71.7699966430664,70.33000183105469,70.5,70.4000015258789,1383100.0,66.34110260009766
2017-08-29,70.6500015258789,69.44000244140625,69.88999938964844,70.19000244140625,928000.0,66.14319610595703
2017-08-30,71.80999755859375,70.19999694824219,70.41000366210938,71.76000213623047,1373000.0,67.6226806640625
2017-08-31,74.25,72.98999786376953,73.01000213623047,74.12999725341797,1745600.0,69.85604095458984
2017-09-01,74.48999786376953,73.38999938964844,74.27999877929688,74.0,811400.0,69.7335433959961
2017-09-05,75.19999694824219,73.95999908447266,73.95999908447266,74.47000122070312,1244200.0,70.17642974853516
2017-09-06,75.86000061035156,74.9800033569336,75.25,75.19999694824219,2085800.0,70.86432647705078
2017-09-07,75.63999938964844,74.81999969482422,75.44000244140625,75.19999694824219,1191900.0,70.86432647705078
2017-09-08,76.83999633789062,75.36000061035156,75.36000061035156,76.80000305175781,2550100.0,72.37210845947266
2017-09-11,75.44999694824219,72.2699966430664,75.44999694824219,74.4800033569336,2830000.0,70.18585205078125
2017-09-12,75.3499984741211,74.52999877929688,74.77999877929688,74.94000244140625,921200.0,70.61932373046875
2017-09-13,75.2300033569336,74.63999938964844,74.91999816894531,74.69000244140625,1489500.0,70.38375091552734
2017-09-14,75.51000213623047,74.44000244140625,74.61000061035156,75.22000122070312,1234000.0,70.88318634033203
2017-09-15,75.62000274658203,74.72000122070312,75.16000366210938,75.5,1211200.0,71.14704895019531
2017-09-18,75.75,75.19999694824219,75.73999786376953,75.47000122070312,602900.0,71.11875915527344
2017-09-19,75.5999984741211,74.44000244140625,75.5999984741211,74.44000244140625,768400.0,70.14817810058594
2017-09-20,75.75,74.56999969482422,74.56999969482422,75.38999938964844,1064300.0,71.04340362548828
2017-09-21,76.2699966430664,75.19000244140625,75.5,76.0999984741211,453700.0,71.71245574951172
2017-09-22,76.25,75.7699966430664,76.04000091552734,75.7699966430664,589800.0,71.4014663696289
2017-09-25,76.06999969482422,75.19999694824219,75.75,75.56999969482422,804700.0,71.21299743652344
2017-09-26,76.94000244140625,75.83999633789062,76.06999969482422,76.0999984741211,841000.0,71.71245574951172
2017-09-27,77.69000244140625,76.0999984741211,76.38999938964844,77.38999938964844,828600.0,72.92809295654297
2017-09-28,78.30999755859375,76.77999877929688,77.31999969482422,76.94999694824219,1162400.0,72.51346588134766
2017-09-29,77.56999969482422,76.91000366210938,77.2300033569336,77.3499984741211,691000.0,72.89038848876953
2017-10-02,78.2699966430664,77.05000305175781,77.25,78.2699966430664,1175200.0,73.75732421875
2017-10-03,78.97000122070312,78.12000274658203,78.69999694824219,78.61000061035156,910700.0,74.07774353027344
2017-10-04,79.41999816894531,78.43000030517578,78.94000244140625,79.0999984741211,849700.0,74.53948211669922
2017-10-05,79.23999786376953,78.4800033569336,79.16999816894531,78.6500015258789,475300.0,74.11544036865234
2017-10-06,79.44000244140625,78.51000213623047,78.51000213623047,79.25,763200.0,74.68083953857422
2017-10-09,79.63999938964844,79.04000091552734,79.31999969482422,79.5999984741211,1017000.0,75.01066589355469
2017-10-10,79.68000030517578,78.94000244140625,79.68000030517578,79.4800033569336,551100.0,74.89759063720703
2017-10-11,80.12000274658203,79.37000274658203,79.75,79.8499984741211,457700.0,75.24624633789062
2017-10-12,80.11000061035156,79.4000015258789,79.70999908447266,79.51000213623047,574800.0,74.92587280273438
2017-10-13,79.68000030517578,78.80000305175781,79.58000183105469,79.25,835900.0,74.86917877197266
2017-10-16,79.66000366210938,79.16999816894531,79.30999755859375,79.54000091552734,493400.0,75.14314270019531
2017-10-17,79.94000244140625,79.0999984741211,79.7300033569336,79.4000015258789,744200.0,75.01089477539062
2017-10-18,79.63999938964844,78.9000015258789,79.56999969482422,78.98999786376953,1034100.0,74.62354278564453
2017-10-19,79.33000183105469,78.31999969482422,79.0,79.23999786376953,1133200.0,74.8597412109375
2017-10-20,80.55999755859375,79.87000274658203,80.0199966430664,80.11000061035156,792200.0,75.68163299560547
2017-10-23,81.05999755859375,79.76000213623047,80.5,80.22000122070312,1259300.0,75.78556060791016
2017-10-24,81.05999755859375,79.87999725341797,80.1500015258789,80.83000183105469,1433900.0,76.36183166503906
2017-10-25,78.5199966430664,73.44999694824219,78.5199966430664,76.66999816894531,3971900.0,72.43179321289062
2017-10-26,80.38999938964844,76.87000274658203,77.25,79.20999908447266,2182500.0,74.83137512207031
2017-10-27,79.54000091552734,77.81999969482422,79.36000061035156,79.41000366210938,1263100.0,75.02033233642578
2017-10-30,81.56999969482422,79.41000366210938,79.41000366210938,81.48999786376953,1554100.0,76.98533630371094
2017-10-31,82.9000015258789,81.19999694824219,81.94999694824219,82.69000244140625,1370800.0,78.11901092529297
2017-11-01,83.0999984741211,81.93000030517578,83.0,82.29000091552734,1504500.0,77.74113464355469
2017-11-02,83.30999755859375,81.01000213623047,82.58999633789062,81.5,1248600.0,76.99480438232422
2017-11-03,82.79000091552734,81.31999969482422,81.31999969482422,81.55999755859375,1072800.0,77.05147552490234
2017-11-06,82.83000183105469,81.63999938964844,81.63999938964844,82.43000030517578,920600.0,77.8733901977539
2017-11-07,83.05999755859375,81.80999755859375,82.47000122070312,82.22000122070312,550300.0,77.67498779296875
2017-11-08,82.62999725341797,81.56999969482422,82.22000122070312,82.44999694824219,698700.0,77.89227294921875
2017-11-09,82.87999725341797,81.75,81.95999908447266,82.45999908447266,715100.0,77.9017333984375
2017-11-10,82.5199966430664,81.75,82.3499984741211,81.88999938964844,663500.0,77.36325073242188
2017-11-13,82.44000244140625,81.55000305175781,81.97000122070312,82.19999694824219,968400.0,77.65609741210938
2017-11-14,83.44000244140625,82.11000061035156,82.61000061035156,82.63999938964844,1347000.0,78.07176971435547
2017-11-15,82.4800033569336,81.37999725341797,82.0,82.19000244140625,990900.0,77.64665985107422
2017-11-16,84.8499984741211,82.6500015258789,82.91000366210938,83.79000091552734,1514500.0,79.15819549560547
2017-11-17,85.76000213623047,83.76000213623047,83.79000091552734,85.62999725341797,1878900.0,80.89649963378906
2017-11-20,86.5,84.55000305175781,86.0199966430664,85.25,1557700.0,80.53749084472656
2017-11-21,87.48999786376953,86.01000213623047,86.01000213623047,86.9800033569336,1394200.0,82.1718521118164
2017-11-22,87.45999908447266,86.69999694824219,87.0,87.29000091552734,771800.0,82.46472930908203
2017-11-24,88.36000061035156,87.33000183105469,87.5999984741211,87.62000274658203,687400.0,82.77648162841797
2017-11-27,88.37000274658203,87.5,88.19000244140625,87.86000061035156,1382200.0,83.00322723388672
2017-11-28,89.62000274658203,88.04000091552734,88.06999969482422,89.58999633789062,1548200.0,84.63758850097656
2017-11-29,90.1500015258789,88.18000030517578,89.83999633789062,88.29000091552734,1815900.0,83.4094467163086
2017-11-30,88.86000061035156,87.13999938964844,88.83000183105469,88.3499984741211,7132600.0,83.46613311767578
2017-12-01,89.1500015258789,86.69000244140625,88.55000305175781,87.66000366210938,1641900.0,82.81427764892578
2017-12-04,91.4000015258789,89.62999725341797,90.16999816894531,90.20999908447266,1962300.0,85.22330474853516
2017-12-05,90.95999908447266,88.48999786376953,90.05999755859375,88.9000015258789,1664400.0,83.98574829101562
2017-12-06,89.06999969482422,86.4000015258789,89.0,86.6500015258789,1546400.0,81.860107421875
2017-12-07,87.98999786376953,85.7300033569336,86.38999938964844,87.8499984741211,1067400.0,82.9937744140625
2017-12-08,88.63999938964844,87.41000366210938,88.3499984741211,88.58999633789062,680200.0,83.69286346435547
2017-12-11,88.77999877929688,87.5999984741211,88.66000366210938,87.91000366210938,712900.0,83.05047607421875
2017-12-12,88.26000213623047,86.68000030517578,87.66000366210938,86.9800033569336,910300.0,82.1718521118164
2017-12-13,87.37000274658203,86.13999938964844,86.72000122070312,86.25,882300.0,81.48223114013672
2017-12-14,86.5999984741211,85.30999755859375,85.76000213623047,85.80000305175781,1029200.0,81.05709838867188
2017-12-15,87.47000122070312,85.94000244140625,85.94000244140625,87.33999633789062,921900.0,82.51195526123047
2017-12-18,88.66999816894531,87.44000244140625,87.48999786376953,88.66999816894531,855600.0,83.76844787597656
2017-12-19,88.87000274658203,88.18000030517578,88.61000061035156,88.76000213623047,817800.0,83.85346221923828
2017-12-20,90.62999725341797,88.5999984741211,88.9000015258789,90.62999725341797,1658900.0,85.62010192871094
2017-12-21,91.87999725341797,90.76000213623047,90.93000030517578,91.69999694824219,1808100.0,86.63094329833984
2017-12-22,91.83999633789062,90.93000030517578,91.83999633789062,91.19999694824219,441300.0,86.15859985351562
2017-12-26,92.0999984741211,91.3499984741211,91.48999786376953,91.98999786376953,335900.0,86.9049301147461
2017-12-27,92.23999786376953,91.54000091552734,92.08000183105469,91.91999816894531,465000.0,86.83879852294922
2017-12-28,92.8499984741211,91.55000305175781,92.75,92.75,477100.0,87.62290954589844
2017-12-29,92.8499984741211,91.62999725341797,92.66999816894531,91.94000244140625,832400.0,87.05479431152344
2018-01-02,92.5,91.44000244140625,92.44999694824219,92.22000122070312,466200.0,87.3199234008789
2018-01-03,94.11000061035156,92.30000305175781,92.61000061035156,94.05999755859375,900100.0,89.06214141845703
2018-01-04,94.98999786376953,93.02999877929688,94.33000183105469,93.6500015258789,806900.0,88.67394256591797
2018-01-05,94.58000183105469,92.4000015258789,94.25,94.41999816894531,909400.0,89.40302276611328
2018-01-08,94.88999938964844,94.0,94.23999786376953,94.41000366210938,729900.0,89.3935546875
2018-01-09,94.97000122070312,94.0199966430664,94.5,94.1500015258789,625600.0,89.14736938476562
2018-01-10,94.37999725341797,93.30000305175781,94.0999984741211,93.5,665500.0,88.53189849853516
2018-01-11,95.52999877929688,93.91000366210938,94.19999694824219,95.48999786376953,1021800.0,90.41616821289062
2018-01-12,95.98999786376953,94.81999969482422,95.73999786376953,95.91999816894531,702900.0,90.82330322265625
2018-01-16,96.25,92.88999938964844,96.05000305175781,93.56999969482422,994500.0,88.59819030761719
2018-01-17,95.37999725341797,93.0999984741211,94.23999786376953,94.94999694824219,883500.0,89.90486907958984
2018-01-18,95.93000030517578,94.94999694824219,95.08999633789062,95.62000274658203,711500.0,90.53926086425781
2018-01-19,96.4000015258789,95.69999694824219,95.69999694824219,96.02999877929688,518300.0,90.9274673461914
2018-01-22,96.4000015258789,95.20999908447266,96.4000015258789,96.36000061035156,649900.0,91.23992919921875
2018-01-23,96.19000244140625,95.0,96.02999877929688,95.7300033569336,456500.0,90.6434097290039
2018-01-24,96.5199966430664,95.25,96.19000244140625,95.5999984741211,530200.0,90.52030181884766
2018-01-25,95.83999633789062,94.13999938964844,95.75,95.76000213623047,642500.0,90.67181396484375
2018-01-26,96.08000183105469,95.26000213623047,96.08000183105469,95.94000244140625,358700.0,90.84225463867188
2018-01-29,95.66000366210938,93.52999877929688,95.44999694824219,93.66000366210938,916400.0,88.68340301513672
2018-01-30,93.8499984741211,91.5,92.7699966430664,93.55999755859375,797800.0,88.58871459960938
2018-01-31,94.63999938964844,92.62999725341797,94.0999984741211,92.97000122070312,668400.0,88.03005981445312
2018-02-01,93.16000366210938,91.5199966430664,92.58999633789062,92.11000061035156,724800.0,87.21575927734375
2018-02-02,91.77999877929688,88.54000091552734,91.26000213623047,88.87999725341797,1165100.0,84.15737915039062
2018-02-05,88.98999786376953,85.6500015258789,87.6500015258789,86.30000305175781,1593600.0,81.71448516845703
2018-02-06,88.48999786376953,83.38999938964844,84.9000015258789,87.58999633789062,1585400.0,82.93592071533203
2018-02-07,88.5,87.01000213623047,87.6500015258789,87.11000061035156,1202700.0,82.48143005371094
2018-02-08,87.61000061035156,83.83999633789062,86.9000015258789,83.86000061035156,976800.0,79.40411376953125
2018-02-09,85.48999786376953,80.48999786376953,84.44999694824219,81.62999725341797,2779900.0,77.2926025390625
2018-02-12,85.81999969482422,82.47000122070312,82.4800033569336,85.22000122070312,1665000.0,80.69186401367188
2018-02-13,85.75,84.3499984741211,84.73999786376953,85.72000122070312,916000.0,81.165283203125
2018-02-14,86.91000366210938,84.98999786376953,85.02999877929688,86.31999969482422,994000.0,81.7333984375
2018-02-15,87.55999755859375,86.26000213623047,87.19000244140625,87.51000213623047,591900.0,82.86018371582031
2018-02-16,88.56999969482422,87.06999969482422,87.18000030517578,87.44000244140625,801300.0,82.79389953613281
2018-02-20,88.56999969482422,86.62000274658203,87.19000244140625,87.2300033569336,1123600.0,82.59503936767578
2018-02-21,86.80999755859375,82.76000213623047,86.0,83.02999877929688,2494600.0,78.61823272705078
2018-02-22,86.04000091552734,83.80999755859375,83.88999938964844,85.02999877929688,1071200.0,80.51194763183594
2018-02-23,85.76000213623047,83.80999755859375,85.2300033569336,84.9000015258789,921900.0,80.38886260986328
2018-02-26,86.0,84.0999984741211,85.44999694824219,85.54000091552734,695700.0,80.99486541748047
2018-02-27,86.22000122070312,83.27999877929688,85.83999633789062,83.37000274658203,1406000.0,78.9401626586914
2018-02-28,83.88999938964844,81.26000213623047,83.37999725341797,81.30000305175781,1350500.0,76.98014831542969
2018-03-01,81.31999969482422,77.81999969482422,81.29000091552734,78.8499984741211,2814500.0,74.66031646728516
2018-03-02,79.86000061035156,76.83000183105469,78.0,79.62999725341797,1045000.0,75.39887237548828
2018-03-05,80.2300033569336,78.66999816894531,78.97000122070312,79.73999786376953,1220300.0,75.5030517578125
2018-03-06,81.70999908447266,79.76000213623047,80.0,81.45999908447266,1929100.0,77.13163757324219
2018-03-07,82.4800033569336,80.76000213623047,80.80000305175781,82.30000305175781,1426100.0,77.927001953125
2018-03-08,82.5,81.12999725341797,82.5,81.41000366210938,763300.0,77.28150177001953
2018-03-09,83.3499984741211,81.80999755859375,82.16000366210938,83.33000183105469,761400.0,79.10413360595703
2018-03-12,84.30999755859375,83.05999755859375,83.12000274658203,83.37999725341797,880000.0,79.15159606933594
2018-03-13,84.55999755859375,83.16999816894531,83.66999816894531,83.38999938964844,841900.0,79.16108703613281
2018-03-14,83.97000122070312,81.62999725341797,83.97000122070312,81.94000244140625,828300.0,77.78459930419922
2018-03-15,82.30000305175781,80.44000244140625,82.0199966430664,81.26000213623047,914000.0,77.13909912109375
2018-03-16,81.73999786376953,80.61000061035156,81.12999725341797,81.01000213623047,1227200.0,76.90178680419922
2018-03-19,80.77999877929688,78.98999786376953,80.54000091552734,79.62999725341797,1415200.0,75.59175872802734
2018-03-20,80.54000091552734,79.6500015258789,79.83000183105469,79.79000091552734,837100.0,75.74364471435547
2018-03-21,82.08000183105469,79.69000244140625,79.98999786376953,80.69999694824219,938000.0,76.60750579833984
2018-03-22,81.54000091552734,78.94999694824219,80.2300033569336,79.08000183105469,1113300.0,75.06963348388672
2018-03-23,80.38999938964844,77.4800033569336,79.30999755859375,77.61000061035156,988900.0,73.6742172241211
2018-03-26,81.27999877929688,79.13999938964844,79.13999938964844,80.95999908447266,1286000.0,76.85430908203125
2018-03-27,81.4800033569336,79.73999786376953,81.05000305175781,80.47000122070312,1534700.0,76.38916778564453
2018-03-28,83.98999786376953,81.0,81.41999816894531,81.5999984741211,1657500.0,77.46184539794922
2018-03-29,82.1500015258789,80.0999984741211,80.69999694824219,80.4000015258789,1699000.0,76.32271575927734
2018-04-02,81.45999908447266,77.83999633789062,80.44999694824219,78.69999694824219,1431500.0,74.70892333984375
2018-04-03,81.27999877929688,78.54000091552734,79.16000366210938,80.66999816894531,1242000.0,76.57901000976562
2018-04-04,81.27999877929688,77.95999908447266,78.06999969482422,81.12000274658203,1020800.0,77.0062026977539
2018-04-05,82.7300033569336,81.2300033569336,81.52999877929688,81.54000091552734,1069500.0,77.40489959716797
2018-04-06,82.05999755859375,79.94000244140625,81.29000091552734,80.88999938964844,1156700.0,76.78787231445312
2018-04-09,81.25,79.66000366210938,81.08000183105469,79.66999816894531,831200.0,75.6297378540039
2018-04-10,82.05000305175781,80.38999938964844,80.87999725341797,81.19999694824219,1252600.0,77.08213806152344
2018-04-11,81.33999633789062,80.22000122070312,80.52999877929688,81.20999908447266,704500.0,77.09163665771484
2018-04-12,81.91999816894531,80.55000305175781,81.41999816894531,81.37000274658203,730700.0,77.2435302734375
2018-04-13,82.0,80.0999984741211,81.83000183105469,80.5999984741211,878900.0,76.5125732421875
2018-04-16,81.95999908447266,80.58999633789062,81.05000305175781,81.1500015258789,565300.0,77.03467559814453
2018-04-17,82.2699966430664,81.05000305175781,81.81999969482422,82.0999984741211,700700.0,77.93649291992188
2018-04-18,82.70999908447266,81.72000122070312,82.55999755859375,81.79000091552734,698600.0,77.64224243164062
2018-04-19,81.73999786376953,77.44000244140625,81.7300033569336,78.20999908447266,1942900.0,74.24378967285156
2018-04-20,79.23999786376953,76.5999984741211,78.41000366210938,77.20999908447266,1617600.0,73.29449462890625
2018-04-23,78.68000030517578,76.88999938964844,77.5999984741211,78.08000183105469,1383500.0,74.12035369873047
2018-04-24,78.6500015258789,75.08000183105469,78.62000274658203,75.73999786376953,1748700.0,71.8990249633789
2018-04-25,70.66999816894531,66.30999755859375,69.73999786376953,67.45999908447266,4732000.0,64.03893280029297
2018-04-26,69.0199966430664,66.27999877929688,67.20999908447266,66.79000091552734,2569600.0,63.40291213989258
2018-04-27,67.05999755859375,65.62000274658203,66.54000091552734,65.83999633789062,2774700.0,62.5010871887207
2018-04-30,65.48999786376953,64.0,65.2699966430664,65.48999786376953,2388900.0,62.1688346862793
2018-05-01,66.88999938964844,64.6500015258789,66.47000122070312,65.83000183105469,3535500.0,62.49159240722656
2018-05-02,66.79000091552734,65.0199966430664,65.87000274658203,65.37000274658203,2193800.0,62.054935455322266
2018-05-03,65.25,63.68000030517578,64.91000366210938,64.66999816894531,1549600.0,61.390419006347656
2018-05-04,65.36000061035156,63.54999923706055,64.29000091552734,64.95999908447266,1625200.0,61.66571807861328
2018-05-07,65.4000015258789,64.69000244140625,65.0199966430664,65.38999938964844,1288800.0,62.073909759521484
2018-05-08,66.41000366210938,64.80999755859375,65.38999938964844,66.20999908447266,2084400.0,62.85232162475586
2018-05-09,66.73999786376953,65.8499984741211,66.38999938964844,66.37000274658203,1822400.0,63.00420379638672
2018-05-10,67.51000213623047,65.91999816894531,66.01000213623047,67.20999908447266,1839500.0,63.80160903930664
2018-05-11,67.83999633789062,66.56999969482422,67.08000183105469,66.91999816894531,1518400.0,63.526309967041016
2018-05-14,67.12000274658203,66.11000061035156,66.61000061035156,66.1500015258789,2685600.0,62.79536819458008
2018-05-15,66.19999694824219,64.9000015258789,65.81999969482422,65.61000061035156,1365400.0,62.28276443481445
2018-05-16,66.04000091552734,64.66999816894531,65.81999969482422,64.79000091552734,1912700.0,61.50434112548828
2018-05-17,66.25,64.91999816894531,65.1500015258789,65.56999969482422,1650500.0,62.244781494140625
2018-05-18,66.41000366210938,65.30000305175781,65.62000274658203,66.0,1799700.0,62.65297317504883
2018-05-21,66.66000366210938,65.29000091552734,66.37000274658203,65.58999633789062,1574500.0,62.26375198364258
2018-05-22,65.5199966430664,63.849998474121094,65.47000122070312,64.12999725341797,1684800.0,60.877803802490234
2018-05-23,64.5,63.540000915527344,64.0,63.86000061035156,1191300.0,60.62150192260742
2018-05-24,64.66000366210938,63.369998931884766,63.959999084472656,64.36000061035156,1562800.0,61.09613800048828
2018-05-25,65.37999725341797,64.01000213623047,64.12000274658203,64.43000030517578,1024800.0,61.16259765625
2018-05-29,66.25,64.25,64.27999877929688,65.16999816894531,1829200.0,61.86505889892578
2018-05-30,65.5199966430664,64.5199966430664,65.41999816894531,64.80000305175781,1406700.0,61.51382827758789
2018-05-31,65.0,63.08000183105469,65.0,63.220001220703125,2422200.0,60.01396179199219
2018-06-01,63.529998779296875,61.0,61.72999954223633,62.209999084472656,1849300.0,59.05517578125
2018-06-04,62.93000030517578,61.34000015258789,62.5,61.7599983215332,3271100.0,58.62799072265625
2018-06-05,62.380001068115234,61.5099983215332,61.83000183105469,62.0,2100900.0,58.855831146240234
2018-06-06,62.33000183105469,61.650001525878906,62.220001220703125,62.22999954223633,1243200.0,59.074161529541016
2018-06-07,63.93000030517578,62.2400016784668,62.33000183105469,63.70000076293945,1621600.0,60.4696044921875
2018-06-08,65.80999755859375,63.68000030517578,63.70000076293945,65.55000305175781,3400100.0,62.22580337524414
2018-06-11,65.80000305175781,65.0,65.54000091552734,65.04000091552734,1435800.0,61.741668701171875
2018-06-12,66.08999633789062,64.30000305175781,65.06999969482422,66.02999877929688,2398100.0,62.681461334228516
2018-06-13,66.23999786376953,64.58000183105469,66.0,64.91000366210938,3514800.0,61.618255615234375
2018-06-14,65.44999694824219,64.16000366210938,64.93000030517578,65.19999694824219,2254500.0,61.89353561401367
2018-06-15,66.26000213623047,64.33000183105469,64.80999755859375,65.94000244140625,4196600.0,62.596012115478516
2018-06-18,66.36000061035156,65.12999725341797,65.41000366210938,65.66000366210938,2049500.0,62.33020782470703
2018-06-19,67.19000244140625,65.05999755859375,65.5,67.04000091552734,2991300.0,63.6402473449707
2018-06-20,67.43000030517578,66.37999725341797,67.25,67.18000030517578,3355700.0,63.77312469482422
2018-06-21,67.3499984741211,64.93000030517578,67.13999938964844,65.18000030517578,2852500.0,61.874549865722656
2018-06-22,66.11000061035156,64.68000030517578,65.41000366210938,65.62999725341797,2307700.0,62.30173110961914
2018-06-25,65.6500015258789,64.5199966430664,65.1500015258789,65.01000213623047,2043100.0,61.71318054199219
2018-06-26,66.04000091552734,65.06999969482422,65.63999938964844,65.13999938964844,1889500.0,61.83658218383789
2018-06-27,65.22000122070312,64.16000366210938,65.1500015258789,64.16999816894531,1370300.0,60.915775299072266
2018-06-28,64.19999694824219,61.86000061035156,64.16999816894531,62.939998626708984,1868200.0,59.7481575012207
2018-06-29,63.9900016784668,62.90999984741211,63.34000015258789,63.369998931884766,1100800.0,60.15634536743164
2018-07-02,63.7400016784668,62.16999816894531,62.81999969482422,63.7400016784668,1904400.0,60.50758743286133
2018-07-03,64.0999984741211,63.119998931884766,63.7599983215332,63.18000030517578,699300.0,59.975982666015625
2018-07-05,64.12999725341797,63.36000061035156,63.95000076293945,63.970001220703125,1234100.0,60.725921630859375
2018-07-06,64.25,63.5099983215332,63.810001373291016,63.900001525878906,1087200.0,60.65946960449219
2018-07-09,64.7300033569336,63.869998931884766,64.08999633789062,64.70999908447266,1364500.0,61.42838668823242
2018-07-10,64.80999755859375,63.84000015258789,64.70999908447266,64.22000122070312,1462900.0,60.96324157714844
2018-07-11,63.779998779296875,62.75,63.61000061035156,63.369998931884766,1243000.0,60.15634536743164
2018-07-12,63.79999923706055,62.77000045776367,63.79999923706055,62.880001068115234,1576500.0,59.691200256347656
2018-07-13,65.0999984741211,62.59000015258789,62.880001068115234,64.88999938964844,1966900.0,61.59926223754883
2018-07-16,65.7699966430664,64.4000015258789,64.91000366210938,64.44999694824219,3100900.0,61.380210876464844
2018-07-17,65.30000305175781,63.90999984741211,64.16999816894531,64.93000030517578,1829700.0,61.83735656738281
2018-07-18,65.4000015258789,64.3499984741211,64.97000122070312,65.18000030517578,2499600.0,62.075443267822266
2018-07-19,67.30000305175781,64.7300033569336,65.08000183105469,66.88999938964844,1541400.0,63.70401382446289
2018-07-20,66.87000274658203,65.97000122070312,66.38999938964844,66.0999984741211,1236200.0,62.95162582397461
2018-07-23,66.69000244140625,65.93000030517578,66.0999984741211,66.0,2011200.0,62.85639190673828
2018-07-24,66.95999908447266,64.7699966430664,66.7300033569336,65.37999725341797,2163000.0,62.26591873168945
2018-07-25,60.7599983215332,56.25,59.9900016784668,59.720001220703125,9287900.0,56.87550735473633
2018-07-26,61.810001373291016,57.709999084472656,58.2400016784668,60.709999084472656,3716400.0,57.8183479309082
2018-07-27,63.0099983215332,60.099998474121094,60.65999984741211,62.52000045776367,2174800.0,59.54214096069336
2018-07-30,63.7599983215332,62.369998931884766,62.4900016784668,62.869998931884766,1940300.0,59.87547302246094
2018-07-31,63.290000915527344,61.7599983215332,62.970001220703125,62.220001220703125,2393800.0,59.25643539428711
2018-08-01,62.529998779296875,60.900001525878906,62.33000183105469,61.25,2116900.0,58.33263397216797
2018-08-02,61.349998474121094,60.63999938964844,60.86000061035156,60.849998474121094,1491200.0,57.951683044433594
2018-08-03,61.81999969482422,60.599998474121094,60.939998626708984,61.290000915527344,803100.0,58.370723724365234
2018-08-06,61.939998626708984,61.189998626708984,61.2599983215332,61.560001373291016,751000.0,58.627872467041016
2018-08-07,62.41999816894531,61.2599983215332,61.2599983215332,61.790000915527344,1090800.0,58.846920013427734
2018-08-08,61.709999084472656,59.900001525878906,61.599998474121094,60.0,1540300.0,57.142173767089844
2018-08-09,60.81999969482422,60.0,60.08000183105469,60.36000061035156,1501800.0,57.48502731323242
2018-08-10,59.9900016784668,58.2599983215332,59.939998626708984,58.5099983215332,2442600.0,55.72313690185547
2018-08-13,58.61000061035156,57.68000030517578,58.4900016784668,57.939998626708984,1384100.0,55.18029022216797
2018-08-14,58.72999954223633,57.5099983215332,57.720001220703125,58.18000030517578,791600.0,55.40886306762695
2018-08-15,58.150001525878906,57.0,57.83000183105469,58.0099983215332,904300.0,55.246952056884766
2018-08-16,58.68000030517578,57.709999084472656,58.22999954223633,57.88999938964844,1287200.0,55.1326789855957
2018-08-17,58.349998474121094,57.68000030517578,57.90999984741211,58.279998779296875,841500.0,55.50410079956055
2018-08-20,58.630001068115234,57.849998474121094,58.369998931884766,58.130001068115234,593200.0,55.361244201660156
2018-08-21,60.119998931884766,58.150001525878906,58.2599983215332,59.689998626708984,1385500.0,56.84693908691406
2018-08-22,59.529998779296875,58.38999938964844,59.36000061035156,58.810001373291016,1163800.0,56.008853912353516
2018-08-23,58.75,57.77000045776367,58.65999984741211,58.04999923706055,1102800.0,55.285057067871094
2018-08-24,58.38999938964844,57.43000030517578,58.2599983215332,57.459999084472656,1278400.0,54.72315216064453
2018-08-27,58.88999938964844,57.540000915527344,57.70000076293945,58.189998626708984,1191100.0,55.41838455200195
2018-08-28,58.34000015258789,57.08000183105469,58.189998626708984,57.209999084472656,1515300.0,54.48506164550781
2018-08-29,57.38999938964844,56.560001373291016,57.290000915527344,56.9900016784668,874400.0,54.275543212890625
2018-08-30,57.150001525878906,56.459999084472656,56.970001220703125,56.630001068115234,790500.0,53.93268585205078
2018-08-31,57.0099983215332,56.31999969482422,56.31999969482422,56.619998931884766,1139900.0,53.92316818237305
2018-09-04,56.880001068115234,55.38999938964844,56.11000061035156,56.560001373291016,1164900.0,53.86602783203125
2018-09-05,57.34000015258789,56.56999969482422,56.72999954223633,56.970001220703125,1149000.0,54.256492614746094
2018-09-06,57.41999816894531,56.5,57.040000915527344,57.13999938964844,1682600.0,54.418399810791016
2018-09-07,58.65999984741211,56.95000076293945,57.02000045776367,58.43000030517578,2362500.0,55.64695358276367
2018-09-10,61.529998779296875,58.58000183105469,58.810001373291016,60.65999984741211,3833400.0,57.77073669433594
2018-09-11,61.4900016784668,59.43000030517578,61.25,60.34000015258789,2330900.0,57.465980529785156
2018-09-12,60.7400016784668,59.66999816894531,60.5,60.54999923706055,1081700.0,57.665977478027344
2018-09-13,60.650001525878906,58.130001068115234,60.5,59.25,1568500.0,56.427894592285156
2018-09-14,59.97999954223633,58.720001220703125,59.279998779296875,59.790000915527344,840000.0,56.942176818847656
2018-09-17,60.189998626708984,58.40999984741211,59.790000915527344,58.58000183105469,1069000.0,55.78981399536133
2018-09-18,59.02000045776367,58.130001068115234,58.599998474121094,58.790000915527344,846300.0,55.989810943603516
2018-09-19,59.58000183105469,58.63999938964844,58.970001220703125,58.77000045776367,1337400.0,55.97075653076172
2018-09-20,59.45000076293945,57.810001373291016,59.0099983215332,58.61000061035156,1447900.0,55.81837844848633
2018-09-21,58.900001525878906,57.9900016784668,58.720001220703125,58.2400016784668,952300.0,55.46599578857422
2018-09-24,58.279998779296875,55.68000030517578,58.02000045776367,56.25,1531500.0,53.57078552246094
2018-09-25,56.41999816894531,55.58000183105469,56.25,55.9900016784668,1073200.0,53.32317352294922
2018-09-26,56.08000183105469,54.599998474121094,55.84000015258789,55.119998931884766,1903800.0,52.494606018066406
2018-09-27,55.470001220703125,54.43000030517578,54.97999954223633,54.939998626708984,1046900.0,52.32318115234375
2018-09-28,55.029998779296875,54.209999084472656,54.84000015258789,54.27000045776367,958500.0,51.685096740722656
2018-10-01,54.619998931884766,53.5,54.52000045776367,53.61000061035156,2111300.0,51.05653381347656
2018-10-02,54.849998474121094,53.75,54.099998474121094,53.86000061035156,1211900.0,51.29462432861328
2018-10-03,54.959999084472656,53.7400016784668,53.869998931884766,54.599998474121094,1547100.0,51.99937057495117
2018-10-04,55.119998931884766,54.25,54.5,54.83000183105469,1208400.0,52.21842956542969
2018-10-05,54.86000061035156,52.77000045776367,54.83000183105469,53.400001525878906,1665900.0,50.85653305053711
2018-10-08,54.61000061035156,53.36000061035156,53.439998626708984,54.11000061035156,1673300.0,51.532711029052734
2018-10-09,54.13999938964844,52.09000015258789,53.97999954223633,52.25,1469300.0,49.76130676269531
2018-10-10,54.279998779296875,52.599998474121094,53.11000061035156,52.72999954223633,2206900.0,50.21843719482422
2018-10-11,53.2599983215332,51.45000076293945,52.4900016784668,51.459999084472656,1786500.0,49.008934020996094
2018-10-12,52.2400016784668,49.86000061035156,52.08000183105469,50.189998626708984,1980100.0,47.79942321777344
2018-10-15,50.59000015258789,49.52000045776367,49.88999938964844,50.22999954223633,1656900.0,48.03852462768555
2018-10-16,51.72999954223633,50.0,50.34000015258789,51.20000076293945,2680300.0,48.96620178222656
2018-10-17,50.689998626708984,49.119998931884766,49.75,50.22999954223633,2449400.0,48.03852462768555
2018-10-18,50.29999923706055,48.959999084472656,49.86000061035156,49.31999969482422,1135700.0,47.16822052001953
2018-10-19,50.279998779296875,48.529998779296875,49.310001373291016,48.540000915527344,1282200.0,46.4222526550293
2018-10-22,49.25,48.220001220703125,48.689998626708984,48.720001220703125,1959300.0,46.59440612792969
2018-10-23,48.86000061035156,47.20000076293945,48.18000030517578,47.529998779296875,4005800.0,45.45631790161133
2018-10-24,47.130001068115234,42.880001068115234,45.5099983215332,42.95000076293945,8347000.0,41.076148986816406
2018-10-25,45.869998931884766,43.5,43.5,45.369998931884766,2719700.0,43.39055252075195
2018-10-26,46.540000915527344,44.029998779296875,44.43000030517578,45.220001220703125,2833300.0,43.24710464477539
2018-10-29,46.34000015258789,44.130001068115234,45.81999969482422,44.599998474121094,1436500.0,42.654151916503906
2018-10-30,47.619998931884766,44.189998626708984,44.70000076293945,47.45000076293945,2112000.0,45.37980651855469
2018-10-31,48.31999969482422,47.09000015258789,47.790000915527344,47.27000045776367,2196700.0,45.20766067504883
2018-11-01,50.59000015258789,47.459999084472656,47.689998626708984,50.13999938964844,2454300.0,47.95245361328125
2018-11-02,50.83000183105469,49.029998779296875,50.52000045776367,49.349998474121094,1732900.0,47.1969108581543
2018-11-05,50.220001220703125,48.79999923706055,49.400001525878906,49.349998474121094,1186000.0,47.1969108581543
2018-11-06,49.97999954223633,48.72999954223633,49.119998931884766,48.869998931884766,1438200.0,46.737857818603516
2018-11-07,49.529998779296875,47.790000915527344,49.15999984741211,49.40999984741211,1233000.0,47.25429153442383
2018-11-08,49.33000183105469,47.529998779296875,49.189998626708984,48.150001525878906,1847400.0,46.04927062988281
2018-11-09,48.36000061035156,47.11000061035156,47.93000030517578,47.369998931884766,931200.0,45.30329513549805
2018-11-12,48.349998474121094,46.900001525878906,47.220001220703125,47.459999084472656,1062200.0,45.389373779296875
2018-11-13,49.86000061035156,47.66999816894531,47.66999816894531,49.0099983215332,1266700.0,46.87175369262695
2018-11-14,50.779998779296875,49.369998931884766,49.5,49.779998779296875,1600900.0,47.608150482177734
2018-11-15,49.599998474121094,48.2400016784668,48.79999923706055,49.0,1094300.0,46.8621826171875
2018-11-16,49.43000030517578,48.0,48.63999938964844,49.099998474121094,1401800.0,46.957820892333984
2018-11-19,49.72999954223633,48.59000015258789,49.060001373291016,48.95000076293945,865100.0,46.81436538696289
2018-11-20,50.56999969482422,48.0,48.560001373291016,49.43000030517578,1641200.0,47.27342987060547
2018-11-21,51.81999969482422,49.529998779296875,50.0,50.63999938964844,3072700.0,48.43062973022461
2018-11-23,51.849998474121094,50.08000183105469,50.22999954223633,51.349998474121094,767100.0,49.109657287597656
2018-11-26,52.11000061035156,50.7599983215332,51.77000045776367,50.779998779296875,1292300.0,48.564517974853516
2018-11-27,52.04999923706055,50.61000061035156,50.619998931884766,50.91999816894531,1181600.0,48.69841766357422
2018-11-28,52.400001525878906,48.939998626708984,51.060001373291016,52.36000061035156,1151800.0,50.075592041015625
2018-11-29,52.75,50.86000061035156,52.130001068115234,51.59000015258789,818500.0,49.33918762207031
2018-11-30,52.4900016784668,51.29999923706055,51.540000915527344,52.150001525878906,990000.0,49.874759674072266
2018-12-03,53.18000030517578,51.4900016784668,53.0,52.63999938964844,1084700.0,50.34337615966797
2018-12-04,52.56999969482422,48.97999954223633,52.209999084472656,49.119998931884766,1610000.0,46.976951599121094
2018-12-06,49.63999938964844,47.959999084472656,48.22999954223633,49.54999923706055,1191000.0,47.388187408447266
2018-12-07,50.34000015258789,48.63999938964844,49.709999084472656,49.0099983215332,1459000.0,46.87175369262695
2018-12-10,49.11000061035156,47.5099983215332,48.75,47.56999969482422,1004000.0,45.49457931518555
2018-12-11,48.349998474121094,45.83000183105469,48.22999954223633,45.9900016784668,1644600.0,43.9835090637207
2018-12-12,46.68000030517578,44.95000076293945,46.060001373291016,44.9900016784668,2247800.0,43.02713394165039
2018-12-13,45.52000045776367,43.470001220703125,45.33000183105469,43.66999816894531,1709800.0,41.76472473144531
2018-12-14,44.439998626708984,43.040000915527344,43.099998474121094,43.220001220703125,1520400.0,41.33436584472656
2018-12-17,44.310001373291016,42.61000061035156,43.150001525878906,42.939998626708984,2330300.0,41.06657791137695
2018-12-18,44.45000076293945,43.0099983215332,43.220001220703125,43.84000015258789,1996500.0,41.927310943603516
2018-12-19,45.540000915527344,43.650001525878906,43.790000915527344,44.08000183105469,2420200.0,42.156837463378906
2018-12-20,44.52000045776367,42.75,43.88999938964844,43.18000030517578,1097000.0,41.29610061645508
2018-12-21,43.72999954223633,42.65999984741211,43.29999923706055,43.060001373291016,2266000.0,41.18133544921875
2018-12-24,42.790000915527344,41.189998626708984,42.619998931884766,41.20000076293945,453400.0,39.40249252319336
2018-12-26,43.0,40.63999938964844,41.36000061035156,42.9900016784668,637100.0,41.11439895629883
2018-12-27,43.689998626708984,42.06999969482422,42.279998779296875,43.689998626708984,1204500.0,41.783851623535156
2018-12-28,44.36000061035156,43.220001220703125,43.7599983215332,43.68000030517578,777400.0,41.7742919921875
2018-12-31,44.119998931884766,43.08000183105469,43.70000076293945,43.97999954223633,727900.0,42.06120300292969
2019-01-02,44.619998931884766,42.83000183105469,43.380001068115234,43.970001220703125,1185300.0,42.26304626464844
2019-01-03,44.09000015258789,42.90999984741211,43.72999954223633,43.18000030517578,1013200.0,41.50371551513672
2019-01-04,44.439998626708984,43.16999816894531,43.439998626708984,43.810001373291016,1646700.0,42.10926055908203
2019-01-07,45.29999923706055,43.7599983215332,43.959999084472656,44.45000076293945,1794500.0,42.72441482543945
2019-01-08,44.849998474121094,44.08000183105469,44.810001373291016,44.349998474121094,1324500.0,42.628292083740234
2019-01-09,46.70000076293945,43.970001220703125,44.68000030517578,46.29999923706055,2221400.0,44.502593994140625
2019-01-10,46.959999084472656,45.40999984741211,46.2400016784668,46.75,1988900.0,44.93513488769531
2019-01-11,46.7400016784668,46.0,46.7400016784668,46.41999816894531,662700.0,44.617942810058594
2019-01-14,47.11000061035156,45.81999969482422,46.130001068115234,46.77000045776367,2575100.0,44.95435333251953
2019-01-15,47.18000030517578,45.880001068115234,46.869998931884766,47.130001068115234,2401300.0,45.30038070678711
2019-01-16,47.72999954223633,46.189998626708984,46.93000030517578,46.349998474121094,1108700.0,44.550655364990234
2019-01-17,48.4900016784668,46.02000045776367,46.119998931884766,48.290000915527344,1895400.0,46.415340423583984
2019-01-18,49.75,48.119998931884766,48.599998474121094,48.869998931884766,777500.0,46.97282791137695
2019-01-22,48.63999938964844,47.15999984741211,48.400001525878906,47.7599983215332,1119800.0,45.905914306640625
2019-01-23,48.08000183105469,45.380001068115234,47.880001068115234,46.209999084472656,1750200.0,44.41609191894531
2019-01-24,47.529998779296875,46.0,46.209999084472656,47.400001525878906,1271200.0,45.55989456176758
2019-01-25,48.790000915527344,47.58000183105469,47.779998779296875,48.310001373291016,730800.0,46.434566497802734
2019-01-28,50.880001068115234,47.939998626708984,47.939998626708984,50.61000061035156,2303300.0,48.64528274536133
2019-01-29,51.349998474121094,49.5,50.45000076293945,51.119998931884766,2380100.0,49.13548278808594
2019-01-30,51.84000015258789,50.11000061035156,51.58000183105469,51.5099983215332,1245300.0,49.51034164428711
2019-01-31,52.790000915527344,51.08000183105469,51.459999084472656,52.38999938964844,1343600.0,50.35618209838867
2019-02-01,52.84000015258789,51.779998779296875,52.380001068115234,51.95000076293945,1324800.0,49.933258056640625
2019-02-04,53.13999938964844,51.47999954223633,52.0099983215332,52.869998931884766,893600.0,50.81754684448242
2019-02-05,53.439998626708984,52.40999984741211,53.369998931884766,53.13999938964844,1391800.0,51.07706069946289
2019-02-06,53.380001068115234,52.2599983215332,53.119998931884766,52.599998474121094,1061700.0,50.55803298950195
2019-02-07,52.970001220703125,51.599998474121094,52.38999938964844,51.970001220703125,979600.0,49.95248794555664
2019-02-08,53.560001373291016,51.72999954223633,52.150001525878906,52.0,1131900.0,49.981319427490234
2019-02-11,53.380001068115234,51.7400016784668,52.06999969482422,53.029998779296875,1824600.0,50.97134017944336
2019-02-12,55.0,53.34000015258789,53.439998626708984,54.86000061035156,1439800.0,52.73029327392578
2019-02-13,55.15999984741211,53.84000015258789,54.849998474121094,53.9900016784668,1307800.0,51.894065856933594
2019-02-14,54.189998626708984,53.38999938964844,53.650001525878906,53.619998931884766,869000.0,51.538429260253906
2019-02-15,54.75,53.540000915527344,53.86000061035156,54.689998626708984,1513000.0,52.56689453125
2019-02-19,55.81999969482422,54.36000061035156,54.470001220703125,55.439998626708984,1843600.0,53.28776931762695
2019-02-20,54.810001373291016,52.13999938964844,53.689998626708984,52.61000061035156,2619900.0,50.56763458251953
2019-02-21,52.630001068115234,51.439998626708984,52.47999954223633,51.630001068115234,2456300.0,49.62568664550781
2019-02-22,51.779998779296875,50.59000015258789,51.43000030517578,51.119998931884766,2342400.0,49.13548278808594
2019-02-25,51.560001373291016,49.40999984741211,51.22999954223633,49.5,2137100.0,47.578372955322266
2019-02-26,50.439998626708984,49.09000015258789,49.25,50.2400016784668,2502300.0,48.289642333984375
2019-02-27,50.4900016784668,49.61000061035156,50.20000076293945,50.150001525878906,985500.0,48.20314407348633
2019-02-28,50.2400016784668,49.15999984741211,50.08000183105469,49.93000030517578,2131900.0,47.99168014526367
2019-03-01,50.70000076293945,49.220001220703125,50.38999938964844,50.150001525878906,1717200.0,48.20314407348633
2019-03-04,50.869998931884766,50.099998474121094,50.5,50.400001525878906,1436600.0,48.44343185424805
2019-03-05,50.630001068115234,48.72999954223633,50.47999954223633,48.72999954223633,1105400.0,46.838260650634766
2019-03-06,49.04999923706055,47.93000030517578,48.720001220703125,47.939998626708984,1091400.0,46.07892990112305
2019-03-07,48.209999084472656,46.9900016784668,47.58000183105469,47.06999969482422,1444000.0,45.45127868652344
2019-03-08,47.150001525878906,46.529998779296875,46.720001220703125,47.029998779296875,1982400.0,45.41265869140625
2019-03-11,47.83000183105469,47.040000915527344,47.040000915527344,47.70000076293945,934700.0,46.05961990356445
2019-03-12,48.220001220703125,47.540000915527344,47.79999923706055,47.66999816894531,1502300.0,46.0306510925293
2019-03-13,47.93000030517578,47.040000915527344,47.83000183105469,47.290000915527344,2313600.0,45.663719177246094
2019-03-14,47.400001525878906,46.900001525878906,47.0,47.0,1260400.0,45.38368606567383
2019-03-15,47.7599983215332,47.0099983215332,47.0099983215332,47.72999954223633,1760100.0,46.088584899902344
2019-03-18,47.9900016784668,47.56999969482422,47.7400016784668,47.83000183105469,1791700.0,46.18514633178711
2019-03-19,48.380001068115234,47.08000183105469,47.91999816894531,47.22999954223633,1246400.0,45.605777740478516
2019-03-20,47.369998931884766,45.79999923706055,47.11000061035156,46.31999969482422,1227200.0,44.72707748413086
2019-03-21,47.5,46.25,46.25,47.41999816894531,1064500.0,45.789241790771484
2019-03-22,47.11000061035156,45.86000061035156,47.11000061035156,46.279998779296875,1681000.0,44.688453674316406
2019-03-25,47.060001373291016,45.97999954223633,46.400001525878906,46.2400016784668,1139300.0,44.64982223510742
2019-03-26,46.36000061035156,44.459999084472656,46.150001525878906,45.33000183105469,1516500.0,43.77112579345703
2019-03-27,46.310001373291016,45.16999816894531,45.560001373291016,46.20000076293945,1346100.0,44.611202239990234
2019-03-28,46.88999938964844,46.18000030517578,46.5099983215332,46.599998474121094,1003700.0,44.99744415283203
2019-03-29,47.65999984741211,46.599998474121094,46.93000030517578,47.119998931884766,1291500.0,45.49956130981445
2019-04-01,48.88999938964844,47.529998779296875,47.68000030517578,48.790000915527344,1310600.0,47.11213684082031
2019-04-02,49.279998779296875,48.22999954223633,48.52000045776367,49.2599983215332,1725900.0,47.565975189208984
2019-04-03,50.189998626708984,49.40999984741211,49.54999923706055,50.0099983215332,2484700.0,48.29018020629883
2019-04-04,50.70000076293945,49.79999923706055,50.02000045776367,50.45000076293945,1110500.0,48.71505355834961
2019-04-05,50.91999816894531,50.43000030517578,50.599998474121094,50.7400016784668,841400.0,48.995079040527344
2019-04-08,50.849998474121094,50.209999084472656,50.68000030517578,50.66999816894531,1566100.0,48.927490234375
2019-04-09,50.279998779296875,49.369998931884766,50.279998779296875,49.459999084472656,1021800.0,47.759098052978516
2019-04-10,50.959999084472656,49.58000183105469,49.83000183105469,50.880001068115234,846500.0,49.13026428222656
2019-04-11,51.43000030517578,50.599998474121094,50.900001525878906,51.43000030517578,1648400.0,49.661346435546875
2019-04-12,52.52000045776367,51.58000183105469,51.849998474121094,52.29999923706055,1148300.0,50.501426696777344
2019-04-15,52.7599983215332,52.13999938964844,52.41999816894531,52.47999954223633,1029800.0,50.675228118896484
2019-04-16,53.5,52.27000045776367,52.439998626708984,53.34000015258789,1140700.0,51.50566482543945
2019-04-17,54.56999969482422,53.650001525878906,53.77000045776367,54.0,3079800.0,52.14297103881836
2019-04-18,54.40999984741211,53.689998626708984,54.099998474121094,54.279998779296875,1522300.0,52.41333770751953
2019-04-22,54.540000915527344,53.93000030517578,54.11000061035156,54.31999969482422,1312900.0,52.451961517333984
2019-04-23,55.70000076293945,54.209999084472656,54.369998931884766,55.59000015258789,3497000.0,53.67829132080078
2019-04-24,54.22999954223633,51.189998626708984,51.189998626708984,52.45000076293945,4918200.0,50.64627456665039
2019-04-25,51.9900016784668,50.029998779296875,51.66999816894531,50.25,3767300.0,48.52193069458008
2019-04-26,51.34000015258789,50.04999923706055,50.349998474121094,50.68000030517578,1771600.0,48.93714141845703
2019-04-29,51.939998626708984,50.5,50.75,51.849998474121094,1097100.0,50.06690216064453
2019-04-30,52.130001068115234,51.16999816894531,51.900001525878906,51.27000045776367,1140500.0,49.50685119628906
2019-05-01,51.88999938964844,50.970001220703125,51.290000915527344,51.20000076293945,1789200.0,49.43925857543945
2019-05-02,51.77000045776367,50.93000030517578,51.209999084472656,51.18000030517578,985800.0,49.41994094848633
2019-05-03,52.08000183105469,51.20000076293945,51.400001525878906,51.97999954223633,755800.0,50.19243621826172
2019-05-06,52.439998626708984,50.84000015258789,51.45000076293945,52.36000061035156,1187200.0,50.559364318847656
2019-05-07,52.119998931884766,51.2599983215332,51.790000915527344,51.68000030517578,1041000.0,49.90274429321289
2019-05-08,51.900001525878906,50.400001525878906,51.540000915527344,50.41999816894531,842100.0,48.68608093261719
2019-05-09,50.380001068115234,49.099998474121094,49.959999084472656,50.220001220703125,1427300.0,48.49296188354492
2019-05-10,50.630001068115234,48.95000076293945,49.849998474121094,50.29999923706055,580700.0,48.57019805908203
2019-05-13,49.779998779296875,48.7599983215332,49.54999923706055,48.869998931884766,1373000.0,47.18938446044922
2019-05-14,49.52000045776367,48.72999954223633,49.040000915527344,49.31999969482422,1120200.0,47.62390899658203
2019-05-15,49.25,48.060001373291016,48.93000030517578,48.959999084472656,1111300.0,47.27628707885742
2019-05-16,49.529998779296875,47.939998626708984,48.81999969482422,49.25,1444800.0,47.556312561035156
2019-05-17,49.52000045776367,48.38999938964844,49.0,48.47999954223633,1019200.0,46.81278991699219
2019-05-20,48.779998779296875,47.97999954223633,48.20000076293945,48.34000015258789,1183800.0,46.67760467529297
2019-05-21,49.68000030517578,48.439998626708984,48.5099983215332,49.68000030517578,1292700.0,47.97153091430664
2019-05-22,49.52000045776367,48.84000015258789,49.220001220703125,48.9900016784668,1162900.0,47.30526351928711
2019-05-23,49.34000015258789,48.0099983215332,48.5,48.9900016784668,1260700.0,47.30526351928711
2019-05-24,50.130001068115234,49.33000183105469,49.33000183105469,49.91999816894531,781200.0,48.20327377319336
2019-05-28,50.86000061035156,49.70000076293945,50.13999938964844,49.77000045776367,1615700.0,48.05842971801758
2019-05-29,50.16999816894531,49.130001068115234,49.5,49.41999816894531,1296600.0,47.72046661376953
2019-05-30,49.93000030517578,48.52000045776367,49.689998626708984,48.9900016784668,781600.0,47.30526351928711
2019-05-31,48.66999816894531,48.119998931884766,48.66999816894531,48.470001220703125,878800.0,46.80314636230469
2019-06-03,49.130001068115234,48.150001525878906,48.29999923706055,48.79999923706055,1027000.0,47.121795654296875
2019-06-04,51.11000061035156,49.369998931884766,49.41999816894531,51.099998474121094,966200.0,49.34269332885742
2019-06-05,52.029998779296875,50.63999938964844,51.34000015258789,51.79999923706055,1516700.0,50.018619537353516
2019-06-06,53.130001068115234,51.470001220703125,51.79999923706055,53.060001373291016,1302100.0,51.23529052734375
2019-06-07,53.16999816894531,52.34000015258789,53.06999969482422,52.599998474121094,889200.0,50.791114807128906
2019-06-10,53.90999984741211,52.52000045776367,52.849998474121094,53.560001373291016,836400.0,51.718101501464844
2019-06-11,53.91999816894531,52.5099983215332,53.83000183105469,52.779998779296875,888400.0,50.96492004394531
2019-06-12,52.869998931884766,49.869998931884766,52.869998931884766,50.040000915527344,2553000.0,48.319149017333984
2019-06-13,51.33000183105469,50.220001220703125,50.560001373291016,51.02000045776367,2138500.0,49.265445709228516
2019-06-14,50.810001373291016,49.63999938964844,50.7400016784668,50.220001220703125,2018000.0,48.49296188354492
2019-06-17,50.220001220703125,48.5,50.220001220703125,49.220001220703125,1436200.0,47.52735137939453
2019-06-18,50.720001220703125,48.86000061035156,49.529998779296875,49.279998779296875,1294200.0,47.58528518676758
2019-06-19,49.65999984741211,48.5,49.439998626708984,48.58000183105469,1361500.0,46.909358978271484
2019-06-20,49.58000183105469,48.099998474121094,48.9900016784668,49.18000030517578,1730000.0,47.48872375488281
2019-06-21,53.099998474121094,49.0,49.13999938964844,51.38999938964844,5252700.0,49.62272644042969
2019-06-24,51.599998474121094,50.5099983215332,51.25,50.970001220703125,1569500.0,49.21717071533203
2019-06-25,51.2599983215332,50.33000183105469,51.16999816894531,50.880001068115234,980500.0,49.13026428222656
2019-06-26,55.97999954223633,50.65999984741211,50.970001220703125,54.599998474121094,4704700.0,52.72233200073242
2019-06-27,57.5,55.650001525878906,56.0,56.959999084472656,2814100.0,55.00117111206055
2019-06-28,58.58000183105469,57.290000915527344,57.290000915527344,58.20000076293945,1888100.0,56.19853591918945
2019-07-01,59.0,58.22999954223633,58.75,58.560001373291016,1542800.0,56.54615020751953
2019-07-02,58.29999923706055,57.369998931884766,58.27000045776367,57.599998474121094,1265200.0,55.61915588378906
2019-07-03,58.209999084472656,57.15999984741211,57.77000045776367,57.869998931884766,679400.0,55.87987518310547
2019-07-05,57.65999984741211,56.66999816894531,57.65999984741211,57.58000183105469,862400.0,55.599849700927734
2019-07-08,57.79999923706055,56.72999954223633,57.5,56.900001525878906,620600.0,54.943233489990234
2019-07-09,56.650001525878906,55.25,56.529998779296875,55.709999084472656,1830500.0,53.79415512084961
2019-07-10,56.09000015258789,54.90999984741211,55.84000015258789,55.77000045776367,1191600.0,53.85210037231445
2019-07-11,55.869998931884766,54.97999954223633,55.66999816894531,55.290000915527344,627700.0,53.38859939575195
2019-07-12,56.43000030517578,55.209999084472656,55.2599983215332,56.27000045776367,827300.0,54.33489990234375
2019-07-15,56.720001220703125,55.36000061035156,56.25,56.29999923706055,2068400.0,54.57725143432617
2019-07-16,57.709999084472656,56.40999984741211,56.470001220703125,57.41999816894531,1249900.0,55.66297149658203
2019-07-17,57.2400016784668,55.84000015258789,57.209999084472656,56.040000915527344,1371300.0,54.32521057128906
2019-07-18,56.150001525878906,55.5099983215332,56.150001525878906,55.689998626708984,740700.0,53.98591232299805
2019-07-19,56.209999084472656,55.220001220703125,55.95000076293945,55.25,1441100.0,53.55937957763672
2019-07-22,55.369998931884766,54.369998931884766,55.11000061035156,54.68000030517578,1349300.0,53.00681686401367
2019-07-23,55.47999954223633,54.97999954223633,55.220001220703125,55.310001373291016,1401500.0,53.61754608154297
2019-07-24,59.939998626708984,57.5,59.72999954223633,58.540000915527344,4268300.0,56.74871063232422
2019-07-25,60.11000061035156,58.70000076293945,59.0,59.5,1984300.0,57.6793327331543
2019-07-26,59.790000915527344,57.720001220703125,59.38999938964844,58.099998474121094,1559300.0,56.322166442871094
2019-07-29,58.099998474121094,56.81999969482422,58.0099983215332,57.290000915527344,1011100.0,55.53696060180664
2019-07-30,58.130001068115234,56.9900016784668,57.08000183105469,57.88999938964844,711600.0,56.11859893798828
2019-07-31,58.61000061035156,57.369998931884766,58.27000045776367,58.0,989100.0,56.22523498535156
2019-08-01,58.15999984741211,56.16999816894531,58.02000045776367,56.38999938964844,917800.0,54.66448974609375
2019-08-02,56.43000030517578,55.61000061035156,55.959999084472656,56.11000061035156,979400.0,54.393070220947266
2019-08-05,55.54999923706055,54.61000061035156,55.2400016784668,55.0,783900.0,53.31703186035156
2019-08-06,55.66999816894531,54.470001220703125,55.279998779296875,55.279998779296875,1962000.0,53.58845901489258
2019-08-07,54.790000915527344,53.369998931884766,54.630001068115234,54.70000076293945,1634100.0,53.02621078491211
2019-08-08,55.58000183105469,54.869998931884766,54.869998931884766,55.310001373291016,1776400.0,53.61754608154297
2019-08-09,55.34000015258789,53.93000030517578,55.06999969482422,54.08000183105469,1241300.0,52.42517852783203
2019-08-12,53.900001525878906,53.11000061035156,53.7599983215332,53.560001373291016,1174300.0,51.92109680175781
2019-08-13,55.54999923706055,53.43000030517578,53.43000030517578,54.380001068115234,1181700.0,52.71600341796875
2019-08-14,53.79999923706055,52.9900016784668,53.72999954223633,53.59000015258789,1208800.0,51.950172424316406
2019-08-15,54.45000076293945,53.45000076293945,53.900001525878906,53.77000045776367,1154100.0,52.124671936035156
2019-08-16,55.45000076293945,53.75,54.0099983215332,55.380001068115234,1287900.0,53.68540573120117
2019-08-19,57.56999969482422,53.45000076293945,56.029998779296875,57.209999084472656,2110400.0,55.45940399169922
2019-08-20,57.040000915527344,55.95000076293945,56.939998626708984,56.22999954223633,1170300.0,54.50939178466797
2019-08-21,57.349998474121094,56.56999969482422,57.18000030517578,57.040000915527344,748000.0,55.29460525512695
2019-08-22,57.540000915527344,55.83000183105469,57.27000045776367,56.869998931884766,981300.0,55.12980651855469
2019-08-23,56.619998931884766,54.540000915527344,56.540000915527344,54.900001525878906,1179400.0,53.220096588134766
2019-08-26,55.61000061035156,54.58000183105469,55.61000061035156,55.16999816894531,396500.0,53.4818229675293
2019-08-27,55.470001220703125,54.59000015258789,55.470001220703125,54.88999938964844,435500.0,53.210391998291016
2019-08-28,56.209999084472656,54.25,54.79999923706055,56.119998931884766,771900.0,54.40275955200195
2019-08-29,57.90999984741211,56.689998626708984,56.95000076293945,57.279998779296875,996400.0,55.52726364135742
2019-08-30,57.880001068115234,56.72999954223633,57.68000030517578,57.36000061035156,1494500.0,55.60481262207031
2019-09-03,56.97999954223633,54.83000183105469,56.97999954223633,55.470001220703125,2515000.0,53.77264404296875
2019-09-04,56.34000015258789,55.04999923706055,55.93000030517578,55.7400016784668,2169100.0,54.034393310546875
2019-09-05,57.189998626708984,55.900001525878906,56.4900016784668,56.75,2626300.0,55.01347351074219
2019-09-06,57.0,55.84000015258789,57.0,55.880001068115234,1176200.0,54.170108795166016
2019-09-09,58.119998931884766,57.099998474121094,57.400001525878906,57.75,5210500.0,55.982879638671875
2019-09-10,59.81999969482422,57.52000045776367,57.75,59.400001525878906,3502600.0,57.582393646240234
2019-09-11,60.06999969482422,58.31999969482422,59.70000076293945,59.540000915527344,2216700.0,57.718109130859375
2019-09-12,60.369998931884766,58.810001373291016,59.529998779296875,59.779998779296875,2284600.0,57.95075988769531
2019-09-13,61.09000015258789,60.04999923706055,60.04999923706055,60.16999816894531,2850000.0,58.32883071899414
2019-09-16,60.09000015258789,59.06999969482422,59.63999938964844,59.18000030517578,2590700.0,57.36912536621094
2019-09-17,59.68000030517578,58.7599983215332,59.040000915527344,59.470001220703125,3280800.0,57.65024948120117
2019-09-18,60.720001220703125,59.08000183105469,59.72999954223633,60.52000045776367,1872100.0,58.668121337890625
2019-09-19,61.099998474121094,59.72999954223633,60.540000915527344,60.470001220703125,1456700.0,58.61965560913086
2019-09-20,61.2599983215332,60.31999969482422,60.63999938964844,61.0,15337800.0,59.13343048095703
2019-09-23,60.90999984741211,59.95000076293945,60.41999816894531,60.560001373291016,2074100.0,58.7068977355957
2019-09-24,60.86000061035156,59.380001068115234,60.66999816894531,59.77000045776367,1118400.0,57.941070556640625
2019-09-25,61.56999969482422,59.650001525878906,59.689998626708984,61.470001220703125,1776900.0,59.58905029296875
2019-09-26,62.880001068115234,61.380001068115234,61.470001220703125,62.5,2318200.0,60.58753204345703
2019-09-27,63.119998931884766,62.0,62.650001525878906,62.540000915527344,2184400.0,60.626312255859375
2019-09-30,63.47999954223633,62.529998779296875,62.70000076293945,63.20000076293945,1310400.0,61.26611328125
2019-10-01,63.61000061035156,61.52000045776367,63.439998626708984,61.63999938964844,3717400.0,59.75384521484375
2019-10-02,61.2400016784668,59.83000183105469,61.2400016784668,60.47999954223633,1886000.0,58.62934112548828
2019-10-03,60.70000076293945,59.720001220703125,60.4900016784668,60.61000061035156,1258700.0,58.755367279052734
2019-10-04,61.130001068115234,60.150001525878906,60.70000076293945,61.0099983215332,852200.0,59.143123626708984
2019-10-07,60.97999954223633,60.29999923706055,60.70000076293945,60.70000076293945,1305700.0,58.842613220214844
2019-10-08,60.22999954223633,59.25,60.15999984741211,59.349998474121094,844500.0,57.53392028808594
2019-10-09,60.869998931884766,59.779998779296875,60.04999923706055,60.70000076293945,1552700.0,58.842613220214844
2019-10-10,61.7599983215332,60.5099983215332,60.9900016784668,60.849998474121094,868200.0,58.98801803588867
2019-10-11,62.88999938964844,61.439998626708984,61.9900016784668,61.45000076293945,1206800.0,59.78581619262695
2019-10-14,61.470001220703125,60.47999954223633,60.59000015258789,60.970001220703125,1287100.0,59.31882095336914
2019-10-15,63.290000915527344,61.7400016784668,62.29999923706055,62.939998626708984,1771600.0,61.235469818115234
2019-10-16,62.9900016784668,62.36000061035156,62.61000061035156,62.58000183105469,1575900.0,60.88521194458008
2019-10-17,63.09000015258789,62.45000076293945,62.79999923706055,62.7599983215332,1065800.0,61.06033706665039
2019-10-18,63.11000061035156,62.310001373291016,62.58000183105469,62.95000076293945,1013400.0,61.24519348144531
2019-10-21,63.56999969482422,62.630001068115234,63.119998931884766,63.43000030517578,1421300.0,61.71219253540039
2019-10-22,64.80999755859375,62.91999816894531,64.80000305175781,63.369998931884766,2787400.0,61.6538200378418
2019-10-23,65.22000122070312,60.59000015258789,64.58000183105469,61.47999954223633,4320100.0,59.814998626708984
2019-10-24,62.22999954223633,61.20000076293945,61.20000076293945,61.689998626708984,1826800.0,60.019309997558594
2019-10-25,63.91999816894531,61.7400016784668,61.959999084472656,62.68000030517578,1753400.0,60.98250961303711
2019-10-28,63.9900016784668,62.81999969482422,62.95000076293945,63.0099983215332,2180500.0,61.30356216430664
2019-10-29,63.58000183105469,62.029998779296875,63.58000183105469,62.06999969482422,1128500.0,60.38902282714844
2019-10-30,62.02000045776367,60.47999954223633,61.880001068115234,61.25,1303900.0,59.59123611450195
2019-10-31,61.400001525878906,60.529998779296875,61.15999984741211,61.279998779296875,1168400.0,59.620418548583984
2019-11-01,62.470001220703125,61.84000015258789,61.84000015258789,62.45000076293945,865500.0,60.75873565673828
2019-11-04,63.650001525878906,62.650001525878906,63.13999938964844,63.470001220703125,1476500.0,61.7511100769043
2019-11-05,63.90999984741211,63.040000915527344,63.65999984741211,63.189998626708984,2200800.0,61.47869110107422
2019-11-06,63.369998931884766,62.15999984741211,63.20000076293945,63.2599983215332,716300.0,61.54679870605469
2019-11-07,63.88999938964844,62.380001068115234,63.599998474121094,62.529998779296875,894100.0,60.8365592956543
2019-11-08,62.7599983215332,62.25,62.58000183105469,62.59000015258789,455100.0,60.89494323730469
2019-11-11,63.38999938964844,62.220001220703125,62.36000061035156,63.29999923706055,974100.0,61.585716247558594
2019-11-12,64.62000274658203,63.459999084472656,63.619998931884766,64.5199966430664,1523500.0,62.77267074584961
2019-11-13,65.11000061035156,63.84000015258789,64.18000030517578,64.9800033569336,1061900.0,63.220218658447266
2019-11-14,65.05999755859375,64.23999786376953,64.41000366210938,64.91999816894531,1261700.0,63.161834716796875
2019-11-15,65.30999755859375,64.83000183105469,65.27999877929688,65.16000366210938,1009300.0,63.39534378051758
2019-11-18,67.27999877929688,66.30000305175781,66.61000061035156,67.19000244140625,1731300.0,65.37036895751953
2019-11-19,67.5999984741211,66.3499984741211,67.25,66.47000122070312,1207600.0,64.66986846923828
2019-11-20,67.61000061035156,66.19999694824219,66.19999694824219,67.19999694824219,1258700.0,65.38009643554688
2019-11-21,67.94999694824219,66.70999908447266,67.72000122070312,66.87000274658203,784900.0,65.05903625488281
2019-11-22,67.70999908447266,66.91000366210938,67.0,67.26000213623047,851000.0,65.4384765625
2019-11-25,67.69000244140625,66.61000061035156,67.18000030517578,66.62999725341797,895700.0,64.82552337646484
2019-11-26,68.70999908447266,66.87999725341797,67.31999969482422,68.5,1969500.0,66.64488983154297
2019-11-27,68.72000122070312,67.2300033569336,68.44000244140625,67.91000366210938,846600.0,66.07086181640625
2019-11-29,67.95999908447266,66.93000030517578,67.77999877929688,67.05999755859375,428500.0,65.24388122558594
2019-12-02,67.48999786376953,66.23999786376953,67.13999938964844,66.33999633789062,831600.0,64.54337310791016
2019-12-03,66.22000122070312,65.22000122070312,65.66999816894531,65.87000274658203,1094900.0,64.08612060546875
2019-12-04,66.6500015258789,64.12000274658203,64.4000015258789,65.43000030517578,2984900.0,63.65803527832031
2019-12-05,66.25,65.33000183105469,65.58999633789062,66.11000061035156,973200.0,64.31961822509766
2019-12-06,67.87999725341797,66.0999984741211,67.54000091552734,66.47000122070312,969400.0,64.66986846923828
2019-12-09,66.3499984741211,65.02999877929688,66.08000183105469,65.05999755859375,892200.0,63.29804611206055
2019-12-10,65.44999694824219,64.81999969482422,65.25,65.08000183105469,879300.0,63.317508697509766
2019-12-11,65.20999908447266,64.7300033569336,64.94999694824219,65.0999984741211,1232700.0,63.336971282958984
2019-12-12,65.91999816894531,64.80999755859375,64.83999633789062,65.63999938964844,766100.0,63.86234664916992
2019-12-13,65.7699966430664,64.33999633789062,65.6500015258789,64.58000183105469,707800.0,62.83104705810547
2019-12-16,65.52999877929688,64.73999786376953,64.77999877929688,65.19999694824219,839000.0,63.43425750732422
2019-12-17,65.37999725341797,64.66000366210938,64.7300033569336,65.0199966430664,1391000.0,63.25913619995117
2019-12-18,65.79000091552734,64.77999877929688,65.4800033569336,65.72000122070312,1499900.0,63.94017028808594
2019-12-19,65.68000030517578,64.91000366210938,65.5,65.47000122070312,1267900.0,63.69694137573242
2019-12-20,65.61000061035156,64.72000122070312,65.52999877929688,65.0,2087900.0,63.23966598510742
2019-12-23,65.33000183105469,64.73999786376953,65.12999725341797,65.0,759000.0,63.23966598510742
2019-12-24,65.5199966430664,64.69000244140625,65.08000183105469,65.26000213623047,263700.0,63.492637634277344
2019-12-26,65.33000183105469,64.87999725341797,65.23999786376953,65.26000213623047,543600.0,63.492637634277344
2019-12-27,65.51000213623047,65.08999633789062,65.47000122070312,65.20999908447266,450900.0,63.44398880004883
2019-12-30,65.26000213623047,64.70999908447266,65.23999786376953,64.75,348200.0,62.99645233154297
2019-12-31,65.30999755859375,64.5,64.63999938964844,65.12000274658203,516400.0,63.35642623901367
2020-01-02,65.33999633789062,64.37000274658203,65.33999633789062,65.0199966430664,524600.0,63.493133544921875
2020-01-03,64.83000183105469,63.97999954223633,64.16000366210938,64.55000305175781,784300.0,63.03416442871094
2020-01-06,65.02999877929688,63.86000061035156,64.41999816894531,64.70999908447266,615900.0,63.19041442871094
2020-01-07,65.62000274658203,64.69000244140625,64.93000030517578,64.83999633789062,1370400.0,63.31735610961914
2020-01-08,65.55999755859375,64.68000030517578,64.94000244140625,64.8499984741211,660000.0,63.327125549316406
2020-01-09,65.56999969482422,64.73999786376953,65.0,64.83999633789062,637700.0,63.31735610961914
2020-01-10,65.33000183105469,64.51000213623047,64.91999816894531,64.93000030517578,817300.0,63.405250549316406
2020-01-13,65.31999969482422,64.66000366210938,65.12999725341797,65.06999969482422,1187700.0,63.541969299316406
2020-01-14,65.25,64.04000091552734,64.8499984741211,64.2300033569336,1564800.0,62.72168731689453
2020-01-15,65.52999877929688,64.08999633789062,64.12000274658203,65.29000091552734,1642000.0,63.75679016113281
2020-01-16,64.95999908447266,63.150001525878906,64.0,64.76000213623047,2129700.0,63.239234924316406
2020-01-17,66.19999694824219,64.94000244140625,65.0,65.6500015258789,1437100.0,64.10834503173828
2020-01-21,67.33000183105469,65.94999694824219,65.94999694824219,66.5199966430664,2382200.0,64.95790100097656
2020-01-22,67.9800033569336,66.51000213623047,66.58999633789062,67.88999938964844,2165200.0,66.29573822021484
2020-01-23,67.86000061035156,66.7300033569336,67.7699966430664,67.2699966430664,1344400.0,65.69029235839844
2020-01-24,67.2699966430664,64.62000274658203,67.12999725341797,65.33000183105469,964100.0,63.795860290527344
2020-01-27,64.77999877929688,63.599998474121094,64.2699966430664,63.65999984741211,970100.0,62.165077209472656
2020-01-28,64.66000366210938,63.470001220703125,63.900001525878906,64.37000274658203,967000.0,62.858402252197266
2020-01-29,64.93000030517578,63.15999984741211,64.58999633789062,63.56999969482422,714000.0,62.077186584472656
2020-01-30,63.869998931884766,62.38999938964844,63.099998474121094,62.900001525878906,930700.0,61.42292022705078
2020-01-31,62.7599983215332,60.41999816894531,62.59000015258789,60.4900016784668,1447500.0,59.06951904296875
2020-02-03,61.81999969482422,60.720001220703125,60.720001220703125,61.290000915527344,1314700.0,59.85072708129883
2020-02-04,62.349998474121094,60.880001068115234,62.209999084472656,62.220001220703125,1233400.0,60.75889205932617
2020-02-05,63.83000183105469,62.68000030517578,63.04999923706055,63.650001525878906,892400.0,62.15530776977539
2020-02-06,63.97999954223633,62.70000076293945,63.939998626708984,62.70000076293945,732600.0,61.22761154174805
2020-02-07,62.56999969482422,61.43000030517578,62.209999084472656,61.54999923706055,831500.0,60.104618072509766
2020-02-10,61.7400016784668,61.209999084472656,61.43000030517578,61.66999816894531,522600.0,60.221805572509766
2020-02-11,63.189998626708984,61.66999816894531,61.83000183105469,62.97999954223633,604000.0,61.50103759765625
2020-02-12,64.18000030517578,62.84000015258789,63.290000915527344,63.88999938964844,901500.0,62.38966751098633
2020-02-13,64.58999633789062,63.61000061035156,63.61000061035156,64.44000244140625,1250700.0,62.926753997802734
2020-02-14,64.58000183105469,63.68000030517578,64.26000213623047,63.81999969482422,793500.0,62.32131576538086
2020-02-18,63.79999923706055,62.7400016784668,63.5099983215332,62.9900016784668,2000700.0,61.51081085205078
2020-02-19,66.98999786376953,63.70000076293945,64.61000061035156,65.6500015258789,3155200.0,64.10834503173828
2020-02-20,67.41999816894531,64.87000274658203,65.33999633789062,66.8499984741211,1850600.0,65.28015899658203
2020-02-21,66.8499984741211,65.77999877929688,66.29000091552734,65.80999755859375,1416900.0,64.26457977294922
2020-02-24,63.83000183105469,61.83000183105469,63.63999938964844,61.869998931884766,2112800.0,60.4171028137207
2020-02-25,62.18000030517578,58.349998474121094,62.18000030517578,58.650001525878906,1511400.0,57.27272415161133
2020-02-26,59.220001220703125,56.779998779296875,59.119998931884766,56.83000183105469,1094700.0,55.495460510253906
2020-02-27,57.16999816894531,53.849998474121094,55.310001373291016,55.459999084472656,2134900.0,54.15763473510742
2020-02-28,56.5,53.4900016784668,53.7599983215332,56.4900016784668,3156400.0,55.163448333740234
2020-03-02,58.41999816894531,55.70000076293945,56.75,58.41999816894531,2022100.0,57.04812240600586
2020-03-03,59.310001373291016,56.08000183105469,58.439998626708984,56.63999938964844,2055100.0,55.3099250793457
2020-03-04,58.540000915527344,56.369998931884766,57.619998931884766,58.52000045776367,1556800.0,57.145774841308594
2020-03-05,56.97999954223633,52.599998474121094,56.70000076293945,52.959999084472656,1169200.0,51.9293098449707
2020-03-06,52.72999954223633,49.36000061035156,51.40999984741211,50.86000061035156,2090700.0,49.870182037353516
2020-03-09,49.189998626708984,46.380001068115234,47.11000061035156,47.20000076293945,3471700.0,46.281410217285156
2020-03-10,49.2599983215332,45.529998779296875,49.20000076293945,49.119998931884766,2779900.0,48.16404342651367
2020-03-11,48.5,43.709999084472656,48.5,43.869998931884766,1298400.0,43.01622009277344
2020-03-12,42.439998626708984,38.650001525878906,41.0099983215332,40.15999984741211,2852300.0,39.378421783447266
2020-03-13,42.88999938964844,38.86000061035156,42.5099983215332,41.75,2916900.0,40.93747329711914
2020-03-16,38.27000045776367,31.969999313354492,37.34000015258789,34.040000915527344,3711100.0,33.377525329589844
2020-03-17,35.619998931884766,32.540000915527344,34.5,34.880001068115234,3314300.0,34.2011833190918
2020-03-18,34.619998931884766,30.100000381469727,32.06999969482422,31.56999969482422,1837600.0,30.95559310913086
2020-03-19,35.810001373291016,31.030000686645508,31.56999969482422,34.79999923706055,1531100.0,34.12273406982422
2020-03-20,35.81999969482422,30.530000686645508,35.2599983215332,31.170000076293945,1890300.0,30.56338119506836
2020-03-23,32.31999969482422,28.559999465942383,30.8700008392334,31.110000610351562,1545200.0,30.504547119140625
2020-03-24,35.63999938964844,32.90999984741211,34.220001220703125,35.5099983215332,1918200.0,34.81891632080078
2020-03-25,39.369998931884766,35.54999923706055,35.650001525878906,38.02000045776367,1891000.0,37.28007125854492
2020-03-26,41.16999816894531,37.66999816894531,38.689998626708984,40.900001525878906,1947300.0,40.10401916503906
2020-03-27,39.81999969482422,37.93000030517578,39.040000915527344,38.93000030517578,911000.0,38.17235565185547
2020-03-30,40.189998626708984,38.16999816894531,38.959999084472656,39.880001068115234,1469700.0,39.1038703918457
2020-03-31,39.75,38.34000015258789,39.45000076293945,38.810001373291016,1688400.0,38.05469512939453
2020-04-01,37.4900016784668,36.099998474121094,36.560001373291016,36.810001373291016,1051400.0,36.0936164855957
2020-04-02,38.529998779296875,35.630001068115234,36.650001525878906,36.72999954223633,1378300.0,36.01517105102539
2020-04-03,37.33000183105469,34.09000015258789,36.27000045776367,34.97999954223633,1028700.0,34.299232482910156
2020-04-06,38.5099983215332,36.66999816894531,37.08000183105469,38.29999923706055,2320700.0,37.554622650146484
2020-04-07,40.369998931884766,38.2400016784668,40.02000045776367,38.400001525878906,1558800.0,37.65267562866211
2020-04-08,41.45000076293945,38.70000076293945,39.13999938964844,41.15999984741211,945600.0,40.35895919799805
2020-04-09,44.54999923706055,41.380001068115234,41.61000061035156,44.099998474121094,1639900.0,43.241737365722656
2020-04-13,43.95000076293945,41.2599983215332,43.95000076293945,41.5,1297100.0,40.692344665527344
2020-04-14,42.2400016784668,40.869998931884766,42.220001220703125,41.310001373291016,1242900.0,40.506038665771484
2020-04-15,40.189998626708984,38.52000045776367,39.900001525878906,39.34000015258789,809200.0,38.574378967285156
2020-04-16,38.79999923706055,36.95000076293945,38.4900016784668,37.9900016784668,1516300.0,37.250648498535156
2020-04-17,42.11000061035156,39.4900016784668,39.72999954223633,40.0099983215332,1553500.0,39.23133850097656
2020-04-20,39.09000015258789,37.59000015258789,38.72999954223633,37.66999816894531,1885100.0,36.9368782043457
2020-04-21,37.54999923706055,36.099998474121094,36.529998779296875,37.22999954223633,1330600.0,36.50543975830078
2020-04-22,38.369998931884766,35.970001220703125,38.31999969482422,36.400001525878906,1375100.0,35.69158935546875
2020-04-23,37.83000183105469,36.459999084472656,36.689998626708984,36.869998931884766,1291200.0,36.15244674682617
2020-04-24,37.54999923706055,36.40999984741211,37.099998474121094,37.099998474121094,1197600.0,36.377967834472656
2020-04-27,39.369998931884766,37.41999816894531,37.720001220703125,39.16999816894531,1654100.0,38.40768051147461
2020-04-28,41.13999938964844,39.810001373291016,40.52000045776367,40.099998474121094,1379300.0,39.31958770751953
2020-04-29,45.540000915527344,41.2599983215332,43.91999816894531,44.81999969482422,1843100.0,43.947731018066406
2020-04-30,43.970001220703125,42.189998626708984,43.630001068115234,43.36000061035156,2051600.0,42.51613998413086
2020-05-01,42.869998931884766,40.880001068115234,42.36000061035156,41.31999969482422,1112800.0,40.515846252441406
2020-05-04,41.13999938964844,39.68000030517578,40.470001220703125,40.529998779296875,1392900.0,39.74121856689453
2020-05-05,43.060001373291016,41.04999923706055,41.04999923706055,42.150001525878906,1390600.0,41.329689025878906
2020-05-06,42.75,41.0099983215332,42.20000076293945,41.119998931884766,1087900.0,40.319732666015625
2020-05-07,42.959999084472656,41.59000015258789,41.619998931884766,41.70000076293945,1000400.0,40.88844680786133
2020-05-08,43.88999938964844,42.41999816894531,42.63999938964844,43.619998931884766,819400.0,42.77107620239258
2020-05-11,42.970001220703125,41.310001373291016,42.869998931884766,42.290000915527344,1510500.0,41.46696853637695
2020-05-12,42.650001525878906,40.38999938964844,42.060001373291016,40.439998626708984,852700.0,39.65296936035156
2020-05-13,40.279998779296875,38.029998779296875,40.029998779296875,38.38999938964844,1243700.0,37.64286804199219
2020-05-14,40.689998626708984,36.18000030517578,37.599998474121094,40.61000061035156,1879600.0,39.81966018676758
2020-05-15,41.630001068115234,39.630001068115234,39.900001525878906,41.209999084472656,730200.0,40.407981872558594
2020-05-18,45.83000183105469,43.15999984741211,43.290000915527344,45.47999954223633,1274200.0,44.59488296508789
2020-05-19,45.81999969482422,44.040000915527344,44.970001220703125,44.06999969482422,775000.0,43.21232986450195
2020-05-20,46.09000015258789,44.88999938964844,44.88999938964844,45.439998626708984,866000.0,44.5556640625
2020-05-21,47.2599983215332,45.04999923706055,45.119998931884766,47.130001068115234,1414700.0,46.212772369384766
2020-05-22,48.5099983215332,46.70000076293945,47.29999923706055,48.43000030517578,1538400.0,47.48747253417969
2020-05-26,51.470001220703125,50.459999084472656,50.91999816894531,51.150001525878906,1565400.0,50.154537200927734
2020-05-27,54.45000076293945,52.099998474121094,52.83000183105469,54.38999938964844,1427500.0,53.331478118896484
2020-05-28,55.0099983215332,52.060001373291016,55.0099983215332,52.380001068115234,1784400.0,51.36060333251953
2020-05-29,52.83000183105469,50.90999984741211,51.2599983215332,52.5,2780700.0,51.47826385498047
2020-06-01,54.400001525878906,52.40999984741211,52.720001220703125,53.880001068115234,990300.0,52.8314094543457
2020-06-02,54.7599983215332,53.59000015258789,54.060001373291016,53.7599983215332,1056100.0,52.713741302490234
2020-06-03,56.52000045776367,54.70000076293945,54.70000076293945,55.16999816894531,887800.0,54.09629821777344
2020-06-04,56.529998779296875,54.20000076293945,54.68000030517578,55.939998626708984,1317300.0,54.851314544677734
2020-06-05,60.43000030517578,58.209999084472656,59.11000061035156,58.41999816894531,1399100.0,57.283050537109375
2020-06-08,60.84000015258789,59.5,59.77000045776367,60.189998626708984,1563200.0,59.01860046386719
2020-06-09,59.380001068115234,58.04999923706055,58.86000061035156,58.470001220703125,978700.0,57.33207702636719
2020-06-10,59.7599983215332,56.439998626708984,58.11000061035156,57.90999984741211,1360900.0,56.78297805786133
2020-06-11,54.849998474121094,51.380001068115234,54.65999984741211,51.41999816894531,1010400.0,50.41927719116211
2020-06-12,54.560001373291016,51.310001373291016,53.4900016784668,52.720001220703125,956200.0,51.69397735595703
2020-06-15,54.88999938964844,50.41999816894531,51.02000045776367,54.81999969482422,1003400.0,53.75311279296875
2020-06-16,57.619998931884766,55.220001220703125,57.47999954223633,56.72999954223633,952500.0,55.625938415527344
2020-06-17,57.290000915527344,55.83000183105469,56.900001525878906,56.209999084472656,1038500.0,55.116058349609375
2020-06-18,56.75,55.2599983215332,55.95000076293945,55.790000915527344,816400.0,54.7042350769043
2020-06-19,56.97999954223633,54.560001373291016,56.27000045776367,55.040000915527344,1398600.0,53.96882629394531
2020-06-22,55.41999816894531,53.5,54.77000045776367,55.11000061035156,576900.0,54.03746795654297
2020-06-23,56.22999954223633,55.0,56.22999954223633,55.130001068115234,741200.0,54.05708312988281
2020-06-24,54.810001373291016,52.150001525878906,54.54999923706055,52.95000076293945,962700.0,51.91950988769531
2020-06-25,54.61000061035156,51.529998779296875,52.52000045776367,54.45000076293945,1552500.0,53.39031219482422
2020-06-26,54.61000061035156,53.58000183105469,53.97999954223633,54.119998931884766,1909300.0,53.06673049926758
2020-06-29,55.369998931884766,53.77000045776367,54.939998626708984,55.13999938964844,898200.0,54.06688690185547
2020-06-30,55.93000030517578,54.08000183105469,54.83000183105469,55.7599983215332,1107400.0,54.6748161315918
2020-07-01,55.88999938964844,53.380001068115234,55.70000076293945,53.47999954223633,1065800.0,52.43919372558594
2020-07-02,56.09000015258789,53.59000015258789,54.810001373291016,54.060001373291016,1186800.0,53.007904052734375
2020-07-06,56.849998474121094,54.79999923706055,55.11000061035156,55.63999938964844,788300.0,54.55715560913086
2020-07-07,55.630001068115234,54.2599983215332,55.02000045776367,55.220001220703125,934900.0,54.14533233642578
2020-07-08,57.08000183105469,55.2599983215332,55.279998779296875,56.709999084472656,836900.0,55.606327056884766
2020-07-09,56.97999954223633,54.790000915527344,56.439998626708984,55.11000061035156,502700.0,54.03746795654297
2020-07-10,55.630001068115234,54.130001068115234,55.06999969482422,55.310001373291016,634400.0,54.233577728271484
2020-07-13,56.279998779296875,54.22999954223633,55.81999969482422,54.29999923706055,1095700.0,53.24323272705078
2020-07-14,57.06999969482422,53.689998626708984,54.380001068115234,57.0,1539600.0,55.890682220458984
2020-07-15,59.18000030517578,57.380001068115234,58.459999084472656,58.59000015258789,780800.0,57.692657470703125
2020-07-16,59.70000076293945,58.09000015258789,58.68000030517578,59.459999084472656,837100.0,58.54933166503906
2020-07-17,61.11000061035156,59.16999816894531,60.0,60.22999954223633,999900.0,59.30754089355469
2020-07-20,60.400001525878906,59.47999954223633,59.650001525878906,59.84000015258789,623500.0,58.92351150512695
2020-07-21,60.31999969482422,58.68000030517578,59.91999816894531,59.83000183105469,1057100.0,58.91366958618164
2020-07-22,62.18000030517578,59.849998474121094,59.90999984741211,61.90999984741211,1495000.0,60.96181106567383
2020-07-23,62.599998474121094,60.709999084472656,61.95000076293945,61.20000076293945,783300.0,60.26268768310547
2020-07-24,61.9900016784668,60.38999938964844,61.349998474121094,61.7599983215332,780300.0,60.81410598754883
2020-07-27,63.65999984741211,61.189998626708984,61.47999954223633,63.56999969482422,950400.0,62.59638595581055
2020-07-28,63.27000045776367,61.13999938964844,62.7599983215332,61.25,2000300.0,60.31192398071289
2020-07-29,63.45000076293945,60.599998474121094,62.08000183105469,62.65999984741211,1887600.0,61.700321197509766
2020-07-30,62.15999984741211,59.810001373291016,61.790000915527344,61.279998779296875,869800.0,60.341453552246094
2020-07-31,61.790000915527344,59.13999938964844,61.790000915527344,60.470001220703125,1122700.0,59.54386520385742
2020-08-03,62.4900016784668,60.65999984741211,61.099998474121094,62.119998931884766,798800.0,61.16859436035156
2020-08-04,62.5,60.970001220703125,61.63999938964844,62.4900016784668,776300.0,61.53293228149414
2020-08-05,64.5199966430664,63.15999984741211,63.16999816894531,64.51000213623047,621400.0,63.521995544433594
2020-08-06,65.62999725341797,63.869998931884766,64.3499984741211,64.94000244140625,766100.0,63.94540023803711
2020-08-07,66.55999755859375,64.63999938964844,64.87000274658203,66.44999694824219,1132400.0,65.4322738647461
2020-08-10,67.18000030517578,66.19000244140625,66.5,66.76000213623047,942200.0,65.73754119873047
2020-08-11,68.08999633789062,66.31999969482422,67.5,66.62000274658203,846200.0,65.59967041015625
2020-08-12,68.66999816894531,66.69000244140625,67.2699966430664,67.4800033569336,791400.0,66.4465103149414
2020-08-13,68.4000015258789,66.80999755859375,66.94000244140625,67.6500015258789,623000.0,66.61389923095703
2020-08-14,68.16999816894531,66.58999633789062,66.86000061035156,67.33000183105469,967900.0,66.2988052368164
2020-08-17,67.94000244140625,67.05000305175781,67.48999786376953,67.33000183105469,755400.0,66.2988052368164
2020-08-18,68.30000305175781,67.11000061035156,67.33999633789062,67.66999816894531,652300.0,66.63358306884766
2020-08-19,67.72000122070312,66.81999969482422,67.72000122070312,67.06999969482422,569600.0,66.04277038574219
2020-08-20,67.36000061035156,66.12999725341797,66.33999633789062,66.54000091552734,495900.0,65.52090454101562
2020-08-21,68.27999877929688,66.47000122070312,66.5,68.18000030517578,921400.0,67.13578796386719
2020-08-24,69.83999633789062,68.16000366210938,68.68000030517578,68.91999816894531,774700.0,67.86444854736328
2020-08-25,69.16000366210938,67.77999877929688,69.0,68.91999816894531,753700.0,67.86444854736328
2020-08-26,70.55000305175781,68.23999786376953,69.2300033569336,69.94000244140625,1007600.0,68.86883544921875
2020-08-27,70.41999816894531,68.62999725341797,70.2300033569336,69.05000305175781,822700.0,67.9924545288086
2020-08-28,69.87000274658203,68.87000274658203,69.22000122070312,69.16999816894531,622800.0,68.11061096191406
2020-08-31,69.69000244140625,67.58999633789062,69.27999877929688,67.63999938964844,790300.0,66.60404968261719
2020-09-01,69.63999938964844,66.77999877929688,67.41000366210938,69.5199966430664,573400.0,68.45525360107422
2020-09-02,69.87000274658203,68.11000061035156,69.58000183105469,69.69000244140625,578300.0,68.62266540527344
2020-09-03,69.69000244140625,65.0999984741211,69.44999694824219,65.91000366210938,960900.0,64.90055084228516
2020-09-04,67.16999816894531,64.19999694824219,67.16000366210938,65.98999786376953,745800.0,64.97931671142578
2020-09-08,66.0199966430664,63.029998779296875,64.77999877929688,64.68000030517578,844800.0,63.689388275146484
2020-09-09,65.95999908447266,64.93000030517578,65.19999694824219,65.70999908447266,577000.0,64.70361328125
2020-09-10,66.12000274658203,64.41000366210938,65.91999816894531,64.51000213623047,1087300.0,63.521995544433594
2020-09-11,65.38999938964844,64.44000244140625,65.06999969482422,65.08000183105469,616700.0,64.08325958251953
2020-09-14,66.61000061035156,65.33000183105469,65.7699966430664,66.4000015258789,909700.0,65.3830337524414
2020-09-15,68.6500015258789,66.43000030517578,66.75,66.56999969482422,910100.0,65.5504379272461
2020-09-16,70.55000305175781,66.79000091552734,67.37999725341797,68.79000091552734,1191500.0,67.73644256591797
2020-09-17,68.62999725341797,67.29000091552734,67.61000061035156,68.23999786376953,737700.0,67.19485473632812
2020-09-18,69.87999725341797,67.5,68.79000091552734,67.56999969482422,1670100.0,66.53511810302734
2020-09-21,68.18000030517578,65.27999877929688,68.18000030517578,66.29000091552734,879100.0,65.27473449707031
2020-09-22,68.75,66.08999633789062,66.76000213623047,68.2699966430664,897300.0,67.22440338134766
2020-09-23,69.0199966430664,66.0,67.9800033569336,66.02999877929688,801300.0,65.01870727539062
2020-09-24,67.45999908447266,65.0999984741211,65.9800033569336,66.58999633789062,835500.0,65.57012939453125
2020-09-25,67.7699966430664,65.70999908447266,66.02999877929688,66.93000030517578,755100.0,65.90492248535156
2020-09-28,69.5999984741211,67.7300033569336,67.7300033569336,68.80999755859375,1002000.0,67.7561264038086
2020-09-29,69.0999984741211,67.58000183105469,69.0999984741211,67.62999725341797,941900.0,66.59419250488281
2020-09-30,69.5199966430664,67.81999969482422,67.81999969482422,68.80999755859375,1112700.0,67.7561264038086
2020-10-01,70.58000183105469,68.93000030517578,69.62000274658203,69.66000366210938,942700.0,68.5931167602539
2020-10-02,70.98999786376953,67.7699966430664,67.79000091552734,70.68000030517578,905000.0,69.59748840332031
2020-10-05,73.02999877929688,71.41000366210938,71.7699966430664,72.76000213623047,759800.0,71.64563751220703
2020-10-06,75.6500015258789,73.06999969482422,73.20999908447266,73.5999984741211,1225700.0,72.47277069091797
2020-10-07,75.5,74.29000091552734,74.70999908447266,75.0,861300.0,73.85132598876953
2020-10-08,76.08000183105469,74.27999877929688,75.75,74.6500015258789,787400.0,73.50668334960938
2020-10-09,76.08000183105469,74.58999633789062,75.54000091552734,74.94000244140625,720400.0,73.79225158691406
2020-10-12,75.87999725341797,74.94999694824219,75.73999786376953,75.02999877929688,607500.0,73.88087463378906
2020-10-13,76.5999984741211,74.47000122070312,76.5999984741211,74.77999877929688,989800.0,73.63468933105469
2020-10-14,76.08000183105469,74.94000244140625,75.01000213623047,75.12999725341797,492000.0,73.97933197021484
2020-10-15,75.75,73.62000274658203,74.20999908447266,75.56999969482422,456200.0,74.41259765625
2020-10-16,76.41000366210938,75.3499984741211,75.80000305175781,75.69999694824219,774100.0,74.54061126708984
2020-10-19,76.08000183105469,73.93000030517578,75.47000122070312,74.26000213623047,477700.0,73.35523986816406
2020-10-20,75.3499984741211,73.08000183105469,74.80999755859375,73.22000122070312,813200.0,72.3279037475586
2020-10-21,73.91000366210938,70.69000244140625,73.13999938964844,72.44000244140625,1252700.0,71.55741119384766
2020-10-22,73.62000274658203,70.55999755859375,73.16999816894531,71.52999877929688,818300.0,70.65849304199219
2020-10-23,72.38999938964844,69.93000030517578,72.12000274658203,71.0,896300.0,70.13495635986328
2020-10-26,70.54000091552734,68.70999908447266,69.87999725341797,69.22000122070312,658000.0,68.37663269042969
2020-10-27,69.58000183105469,67.94999694824219,69.13999938964844,68.86000061035156,836500.0,68.02102661132812
2020-10-28,70.5199966430664,64.94000244140625,67.80999755859375,65.11000061035156,1674500.0,64.31671142578125
2020-10-29,67.73999786376953,64.55999755859375,65.0,67.30000305175781,1379900.0,66.48002624511719
2020-10-30,68.62999725341797,64.62999725341797,68.1500015258789,65.47000122070312,1121400.0,64.67232513427734
2020-11-02,69.2699966430664,66.44000244140625,66.66000366210938,68.11000061035156,960600.0,67.28015899658203
2020-11-03,69.2300033569336,66.58999633789062,69.06999969482422,66.88999938964844,1404300.0,66.07502746582031
2020-11-04,71.0199966430664,66.30000305175781,66.87999725341797,70.08999633789062,1317400.0,69.23603057861328
2020-11-05,72.31999969482422,70.69999694824219,71.33000183105469,70.86000061035156,562000.0,69.99665069580078
2020-11-06,70.95999908447266,68.83999633789062,70.7300033569336,69.01000213623047,692700.0,68.16919708251953
2020-11-09,72.98999786376953,66.0,72.51000213623047,66.08999633789062,1392100.0,65.28475952148438
2020-11-10,69.05999755859375,66.31999969482422,66.62000274658203,68.2300033569336,887100.0,67.3987045288086
2020-11-11,69.48999786376953,67.83000183105469,68.68000030517578,69.26000213623047,799800.0,68.41615295410156
2020-11-12,69.86000061035156,67.7300033569336,69.12999725341797,68.62000274658203,869100.0,67.78395080566406
2020-11-13,71.72000122070312,68.68000030517578,69.20999908447266,71.16000366210938,918800.0,70.29300689697266
2020-11-16,72.93000030517578,70.86000061035156,72.02999877929688,71.19000244140625,874900.0,70.32263946533203
2020-11-17,71.51000213623047,69.12000274658203,70.80999755859375,71.01000213623047,974100.0,70.14482879638672
2020-11-18,73.22000122070312,71.06999969482422,71.5999984741211,72.55999755859375,974700.0,71.67593383789062
2020-11-19,73.69000244140625,71.12999725341797,72.13999938964844,72.44999694824219,842000.0,71.56727600097656
2020-11-20,72.16000366210938,70.52999877929688,71.66999816894531,70.77999877929688,962600.0,69.9176254272461
2020-11-23,73.9800033569336,71.06999969482422,71.44999694824219,73.62999725341797,1041200.0,72.73290252685547
2020-11-24,75.13999938964844,73.37999725341797,74.18000030517578,74.43000030517578,842900.0,73.52315521240234
2020-11-25,74.83999633789062,73.18000030517578,73.98999786376953,74.16000366210938,894200.0,73.25645446777344
2020-11-27,75.38999938964844,73.58000183105469,74.36000061035156,74.30000305175781,403200.0,73.39474487304688
2020-11-30,74.47000122070312,72.7699966430664,73.91999816894531,72.87000274658203,1509100.0,71.98217010498047
2020-12-01,74.7699966430664,72.62999725341797,74.29000091552734,73.20999908447266,926600.0,72.31802368164062
2020-12-02,72.86000061035156,71.5,72.5199966430664,72.08999633789062,727600.0,71.211669921875
2020-12-03,73.91999816894531,71.81999969482422,72.47000122070312,73.5,820000.0,72.60448455810547
2020-12-04,75.01000213623047,72.83999633789062,74.2699966430664,74.29000091552734,1051000.0,73.38487243652344
2020-12-07,76.72000122070312,73.7300033569336,74.44000244140625,76.48999786376953,748200.0,75.55805969238281
2020-12-08,76.55000305175781,75.3499984741211,75.61000061035156,76.44000244140625,798300.0,75.50867462158203
2020-12-09,76.87000274658203,74.87000274658203,75.83000183105469,75.25,1186000.0,74.33316802978516
2020-12-10,75.54000091552734,73.94999694824219,74.86000061035156,75.23999786376953,925500.0,74.32328033447266
2020-12-11,75.56999969482422,73.52999877929688,74.94999694824219,74.22000122070312,827000.0,73.31572723388672
2020-12-14,75.19000244140625,72.62999725341797,75.08000183105469,72.6500015258789,1077600.0,71.76484680175781
2020-12-15,74.91000366210938,73.05000305175781,73.3499984741211,74.61000061035156,1217600.0,73.70096588134766
2020-12-16,76.58000183105469,74.5199966430664,76.33999633789062,74.58000183105469,1122400.0,73.67133331298828
2020-12-17,77.19999694824219,75.0,75.01000213623047,77.16999816894531,1093800.0,76.22977447509766
2020-12-18,77.94999694824219,76.3499984741211,77.01000213623047,76.91000366210938,1888300.0,75.97293853759766
2020-12-21,77.80999755859375,75.48999786376953,75.48999786376953,77.55000305175781,741200.0,76.60515594482422
2020-12-22,78.18000030517578,77.0999984741211,77.38999938964844,77.44999694824219,615600.0,76.50636291503906
2020-12-23,78.29000091552734,77.16999816894531,77.62999725341797,77.5,757200.0,76.55575561523438
2020-12-24,78.5,77.5,77.66000366210938,78.4000015258789,325400.0,77.44479370117188
2020-12-28,78.98999786376953,75.51000213623047,78.98999786376953,75.66999816894531,833700.0,74.74805450439453
2020-12-29,76.2699966430664,75.33000183105469,75.98999786376953,75.9800033569336,882700.0,75.05426788330078
2020-12-30,77.80999755859375,76.16999816894531,76.19999694824219,76.97000122070312,510600.0,76.03221893310547
2020-12-31,76.94999694824219,75.5,76.76000213623047,75.76000213623047,484500.0,74.83695983886719
2021-01-04,76.01000213623047,72.80999755859375,75.76000213623047,73.94000244140625,1115800.0,73.03912353515625
2021-01-05,75.31999969482422,73.38999938964844,73.38999938964844,75.18000030517578,1017700.0,74.2640151977539
2021-01-06,79.19999694824219,75.51000213623047,75.79000091552734,77.45999908447266,1259300.0,76.5162353515625
2021-01-07,79.8499984741211,77.44999694824219,78.0999984741211,79.61000061035156,920100.0,78.90489196777344
2021-01-08,80.47000122070312,77.31999969482422,80.0,79.91000366210938,1456800.0,79.2022476196289
2021-01-11,82.4000015258789,78.44999694824219,78.44999694824219,80.97000122070312,1659500.0,80.25285339355469
2021-01-12,81.72000122070312,80.37000274658203,80.94000244140625,81.5,1000400.0,80.77815246582031
2021-01-13,83.38999938964844,81.26000213623047,81.9000015258789,81.4000015258789,1067300.0,80.67903900146484
2021-01-14,84.08000183105469,81.44999694824219,81.72000122070312,83.41000366210938,1129000.0,82.67124938964844
2021-01-15,83.16999816894531,81.19999694824219,82.37999725341797,82.97000122070312,1086600.0,82.23513793945312
2021-01-19,84.7699966430664,83.08999633789062,83.55999755859375,84.44999694824219,1098400.0,83.7020263671875
2021-01-20,87.0,84.08000183105469,85.19999694824219,86.94000244140625,1156900.0,86.16998291015625
2021-01-21,87.88999938964844,86.0999984741211,87.01000213623047,86.30000305175781,1020400.0,85.53564453125
2021-01-22,86.27999877929688,83.43000030517578,86.27999877929688,84.55000305175781,848400.0,83.80113983154297
2021-01-25,84.47000122070312,80.77999877929688,84.2300033569336,83.05999755859375,878400.0,82.3243408203125
2021-01-26,84.41000366210938,79.52999877929688,83.69999694824219,79.68000030517578,1286900.0,78.97428131103516
2021-01-27,78.33000183105469,75.44000244140625,77.8499984741211,76.91000366210938,1049000.0,76.22882080078125
2021-01-28,79.08999633789062,77.12999725341797,77.79000091552734,78.19000244140625,808000.0,77.49747467041016
2021-01-29,78.02999877929688,75.48999786376953,77.5999984741211,77.5999984741211,871400.0,76.91270446777344
2021-02-01,80.94999694824219,77.83000183105469,78.58999633789062,80.63999938964844,965500.0,79.92578125
2021-02-02,82.18000030517578,80.12999725341797,81.12999725341797,81.72000122070312,643400.0,80.99620819091797
2021-02-03,82.69000244140625,80.30000305175781,81.72000122070312,81.27999877929688,589200.0,80.56010437011719
2021-02-04,83.48999786376953,81.68000030517578,81.76000213623047,82.73999786376953,640500.0,82.00717163085938
2021-02-05,83.31999969482422,81.5,83.0,82.1500015258789,711300.0,81.42240142822266
2021-02-08,84.9800033569336,82.83999633789062,82.9000015258789,84.58000183105469,566800.0,83.83087921142578
2021-02-09,85.80999755859375,84.18000030517578,84.18000030517578,85.61000061035156,648300.0,84.85176086425781
2021-02-10,86.55999755859375,84.77999877929688,86.05000305175781,84.94000244140625,695500.0,84.18769073486328
2021-02-11,86.01000213623047,83.68000030517578,85.30000305175781,85.80999755859375,646500.0,85.04997253417969
2021-02-12,86.7300033569336,84.9800033569336,85.22000122070312,85.75,539500.0,84.99051666259766
2021-02-16,86.2300033569336,84.19000244140625,86.0999984741211,84.19000244140625,1051200.0,83.44432830810547
2021-02-17,87.31999969482422,81.05999755859375,84.16000366210938,83.48999786376953,1215300.0,82.75053405761719
2021-02-18,83.97000122070312,80.55000305175781,83.48999786376953,82.33999633789062,1349900.0,81.61071014404297
2021-02-19,85.66000366210938,82.88999938964844,83.22000122070312,85.08000183105469,968900.0,84.32644653320312
2021-02-22,84.7699966430664,82.22000122070312,84.33999633789062,82.37999725341797,1084000.0,81.65035247802734
2021-02-23,83.0199966430664,78.26000213623047,81.5,82.69000244140625,1147700.0,81.9576187133789
2021-02-24,83.36000061035156,81.05999755859375,82.31999969482422,83.20999908447266,1034900.0,82.47301483154297
2021-02-25,83.44000244140625,79.80000305175781,82.98999786376953,79.9800033569336,865000.0,79.2716293334961
2021-02-26,81.81999969482422,79.2699966430664,80.72000122070312,81.0199966430664,1204000.0,80.30240631103516
2021-03-01,83.55000305175781,81.48999786376953,82.44000244140625,82.87999725341797,778500.0,82.14592742919922
2021-03-02,83.2300033569336,81.68000030517578,83.05000305175781,83.0199966430664,757300.0,82.28469848632812
2021-03-03,81.26000213623047,78.43000030517578,79.44000244140625,79.77999877929688,1300400.0,79.0733871459961
2021-03-04,80.38999938964844,75.66000366210938,79.1500015258789,77.4800033569336,1007400.0,77.04484558105469
2021-03-05,81.16000366210938,76.5999984741211,78.51000213623047,80.81999969482422,1079600.0,80.3660888671875
2021-03-08,83.5999984741211,80.2699966430664,81.31999969482422,81.76000213623047,932600.0,81.30081176757812
2021-03-09,83.5,81.76000213623047,82.77999877929688,82.43000030517578,799700.0,81.96704864501953
2021-03-10,85.87999725341797,82.56999969482422,83.04000091552734,85.01000213623047,766200.0,84.53255462646484
2021-03-11,86.75,85.31999969482422,85.8499984741211,85.86000061035156,656100.0,85.3777847290039
2021-03-12,88.05999755859375,85.19999694824219,85.5999984741211,88.01000213623047,954300.0,87.51570892333984
2021-03-15,90.80000305175781,87.66999816894531,87.70999908447266,90.80000305175781,951500.0,90.2900390625
2021-03-16,91.62999725341797,88.43000030517578,90.91000366210938,89.69999694824219,1093700.0,89.19621276855469
2021-03-17,91.87000274658203,88.11000061035156,89.25,91.80000305175781,1101200.0,91.284423828125
2021-03-18,93.55000305175781,90.19999694824219,91.29000091552734,90.88999938964844,995400.0,90.37953186035156
2021-03-19,91.58000183105469,89.47000122070312,91.08999633789062,90.88999938964844,1476000.0,90.37953186035156
2021-03-22,91.0199966430664,88.4000015258789,90.91999816894531,89.81999969482422,1439100.0,89.31554412841797
2021-03-23,89.6500015258789,84.81999969482422,89.06999969482422,85.20999908447266,1579200.0,84.73143005371094
2021-03-24,88.6500015258789,86.0,86.0,86.44999694824219,1254100.0,85.96446990966797
2021-03-25,90.0,85.36000061035156,86.0999984741211,89.72000122070312,732600.0,89.21610260009766
2021-03-26,92.73999786376953,89.9000015258789,90.55999755859375,92.66000366210938,877300.0,92.13959503173828
2021-03-29,93.93000030517578,91.08000183105469,92.62000274658203,91.13999938964844,1093800.0,90.62812805175781
2021-03-30,92.58999633789062,90.52999877929688,90.95999908447266,92.04000091552734,772700.0,91.52307891845703
2021-03-31,93.81999969482422,91.77999877929688,92.44000244140625,92.08999633789062,1327500.0,91.57279205322266
2021-04-01,93.79000091552734,92.45999908447266,93.05999755859375,93.79000091552734,472500.0,93.26325225830078
2021-04-05,94.54000091552734,92.81999969482422,94.54000091552734,94.30000305175781,504200.0,93.77037811279297
2021-04-06,96.23999786376953,94.05999755859375,94.45999908447266,95.56999969482422,749300.0,95.03324890136719
2021-04-07,96.94000244140625,94.4800033569336,95.55999755859375,96.81999969482422,999500.0,96.2762222290039
2021-04-08,96.58000183105469,93.41999816894531,96.58000183105469,94.66999816894531,913400.0,94.1383056640625
2021-04-09,96.91999816894531,94.38999938964844,95.0199966430664,96.8499984741211,760300.0,96.3060531616211
2021-04-12,97.80999755859375,95.87999725341797,97.0,97.4800033569336,602400.0,96.9325180053711
2021-04-13,97.38999938964844,95.72000122070312,97.38999938964844,96.77999877929688,400200.0,96.2364501953125
2021-04-14,97.5,95.51000213623047,97.0199966430664,95.77999877929688,884600.0,95.2420654296875
2021-04-15,96.31999969482422,94.73999786376953,96.0199966430664,95.69000244140625,924900.0,95.15258026123047
2021-04-16,97.73999786376953,96.55000305175781,96.66000366210938,97.08999633789062,908600.0,96.54470825195312
2021-04-19,97.9000015258789,96.08000183105469,97.58000183105469,97.2699966430664,555600.0,96.72370147705078
2021-04-20,97.47000122070312,93.12999725341797,96.80000305175781,94.52999877929688,880400.0,93.99909210205078
2021-04-21,95.8499984741211,93.68000030517578,94.19000244140625,95.79000091552734,520300.0,95.25201416015625
2021-04-22,96.16000366210938,94.37999725341797,95.86000061035156,94.79000091552734,706400.0,94.25762939453125
2021-04-23,96.19999694824219,94.83000183105469,95.3499984741211,95.8499984741211,749600.0,95.31167602539062
2021-04-26,97.27999877929688,95.95999908447266,96.7300033569336,96.80000305175781,543300.0,96.25634002685547
2021-04-27,97.69999694824219,96.13999938964844,97.30000305175781,97.16000366210938,719800.0,96.61432647705078
2021-04-28,97.13999938964844,94.11000061035156,97.13999938964844,94.91999816894531,1541600.0,94.38689422607422
2021-04-29,98.43000030517578,95.43000030517578,97.06999969482422,98.37999725341797,997100.0,97.82746124267578
2021-04-30,98.0,96.0,97.5,96.80999755859375,852300.0,96.26628112792969
2021-05-03,100.36000061035156,98.02999877929688,98.16999816894531,99.3499984741211,1115500.0,98.7920150756836
2021-05-04,101.20999908447266,98.58999633789062,98.58999633789062,100.9000015258789,846500.0,100.33331298828125
2021-05-05,102.18000030517578,99.16999816894531,101.5,101.80000305175781,666300.0,101.22826385498047
2021-05-06,104.44999694824219,101.41000366210938,102.0199966430664,104.36000061035156,680400.0,103.77388000488281
2021-05-07,107.2699966430664,102.6500015258789,104.08000183105469,106.91999816894531,844800.0,106.31950378417969
2021-05-10,109.9000015258789,106.9800033569336,107.81999969482422,108.22000122070312,1018100.0,107.61219787597656
2021-05-11,106.79000091552734,103.19999694824219,106.79000091552734,105.58999633789062,1013400.0,104.99696350097656
2021-05-12,105.1500015258789,99.61000061035156,104.91999816894531,99.81999969482422,1075700.0,99.25938415527344
2021-05-13,104.44000244140625,100.38999938964844,100.75,103.8499984741211,774900.0,103.2667465209961
2021-05-14,106.75,104.5,105.0199966430664,106.47000122070312,774300.0,105.87202453613281
2021-05-17,106.5,104.19999694824219,105.33000183105469,106.29000091552734,668700.0,105.69304656982422
2021-05-18,106.73999786376953,103.33000183105469,106.29000091552734,103.33000183105469,948200.0,102.74967193603516
2021-05-19,103.79000091552734,99.93000030517578,101.5199966430664,103.30999755859375,1106400.0,102.72977447509766
2021-05-20,104.61000061035156,102.80000305175781,103.88999938964844,104.20999908447266,591500.0,103.62472534179688
2021-05-21,106.37000274658203,103.5999984741211,105.05999755859375,103.80000305175781,552900.0,103.21702575683594
2021-05-24,105.58000183105469,103.91000366210938,104.83000183105469,105.16000366210938,477000.0,104.56939697265625
2021-05-25,106.47000122070312,103.79000091552734,105.81999969482422,103.80000305175781,745000.0,103.21702575683594
2021-05-26,106.19000244140625,104.0,104.0,106.02999877929688,925300.0,105.43449401855469
2021-05-27,107.94999694824219,106.08999633789062,107.38999938964844,106.62000274658203,1483300.0,106.02119445800781
2021-05-28,107.1500015258789,105.01000213623047,107.1500015258789,106.6500015258789,747300.0,106.05101776123047
2021-06-01,109.23999786376953,106.8499984741211,108.58999633789062,107.3499984741211,1248700.0,106.74708557128906
2021-06-02,107.72000122070312,104.36000061035156,107.44000244140625,104.81999969482422,631400.0,104.23129272460938
2021-06-03,104.95999908447266,102.61000061035156,104.1500015258789,104.83000183105469,903500.0,104.24124145507812
2021-06-04,105.43000030517578,103.93000030517578,105.19999694824219,105.0,541300.0,104.41028594970703
2021-06-07,106.41999816894531,104.62000274658203,106.0,104.98999786376953,515400.0,104.40033721923828
2021-06-08,105.5,104.05000305175781,104.77999877929688,105.0,1218500.0,104.41028594970703
2021-06-09,105.83000183105469,102.05999755859375,105.5199966430664,102.25,1247900.0,101.67572784423828
2021-06-10,102.91999816894531,98.87000274658203,102.86000061035156,98.9800033569336,1410300.0,98.42410278320312
2021-06-11,100.55999755859375,98.37999725341797,99.43000030517578,99.63999938964844,1161100.0,99.08039093017578
2021-06-14,99.97000122070312,96.20999908447266,99.5,96.80999755859375,1204700.0,96.26628112792969
2021-06-15,98.73999786376953,96.5999984741211,97.0999984741211,98.33999633789062,811200.0,97.78768920898438
2021-06-16,98.30000305175781,96.77999877929688,97.72000122070312,97.06999969482422,751000.0,96.52481842041016
2021-06-17,97.26000213623047,92.58000183105469,97.26000213623047,94.63999938964844,1027500.0,94.10847473144531
2021-06-18,95.0999984741211,93.12999725341797,93.43000030517578,94.6500015258789,1647500.0,94.11841583251953
2021-06-21,97.04000091552734,95.58999633789062,95.62000274658203,96.18000030517578,644900.0,95.63982391357422
2021-06-22,97.8499984741211,95.30000305175781,96.27999877929688,97.61000061035156,945800.0,97.0617904663086
2021-06-23,98.12000274658203,96.51000213623047,97.3499984741211,96.69999694824219,981500.0,96.15689849853516
2021-06-24,97.48999786376953,95.8499984741211,97.2699966430664,97.0,950900.0,96.45521545410156
2021-06-25,97.91999816894531,96.44999694824219,97.27999877929688,96.6500015258789,1451900.0,96.10718536376953
2021-06-28,97.33000183105469,95.94000244140625,96.55999755859375,96.79000091552734,900400.0,96.24639892578125
2021-06-29,98.5,96.95999908447266,97.76000213623047,96.9800033569336,591300.0,96.43533325195312
2021-06-30,98.25,96.27999877929688,96.80000305175781,97.9000015258789,1011000.0,97.35016632080078
2021-07-01,99.87000274658203,98.27999877929688,98.91000366210938,99.29000091552734,836800.0,98.73235321044922
2021-07-02,99.69000244140625,98.04000091552734,99.12000274658203,98.37000274658203,586900.0,97.8175277709961
2021-07-06,98.26000213623047,95.70999908447266,98.06999969482422,96.58000183105469,1230600.0,96.0375747680664
2021-07-07,98.30000305175781,96.0199966430664,96.08999633789062,98.12000274658203,828900.0,97.56893157958984
2021-07-08,97.05000305175781,93.94999694824219,96.31999969482422,94.48999786376953,662300.0,93.95931243896484
2021-07-09,97.01000213623047,95.61000061035156,96.1500015258789,96.3499984741211,481500.0,95.80886840820312
2021-07-12,96.97000122070312,95.30999755859375,95.87999725341797,96.66000366210938,426200.0,96.11712646484375
2021-07-13,96.5199966430664,93.61000061035156,96.27999877929688,93.6500015258789,536300.0,93.12403106689453
2021-07-14,95.18000030517578,93.41000366210938,93.97000122070312,93.75,567900.0,93.22346496582031
2021-07-15,94.4800033569336,92.25,92.6500015258789,92.95999908447266,563900.0,92.69497680664062
2021-07-16,93.76000213623047,91.94000244140625,93.2300033569336,92.05999755859375,500800.0,91.79754638671875
2021-07-19,91.27999877929688,89.13999938964844,89.83000183105469,90.30000305175781,752400.0,90.04256439208984
2021-07-20,92.81999969482422,90.1500015258789,90.45999908447266,92.55999755859375,1120800.0,92.2961196899414
2021-07-21,95.08000183105469,93.19000244140625,93.62999725341797,94.94000244140625,655900.0,94.66934204101562
2021-07-22,95.25,92.45999908447266,95.12000274658203,92.66000366210938,746600.0,92.39584350585938
2021-07-23,94.37999725341797,93.0,93.76000213623047,94.18000030517578,406800.0,93.91150665283203
2021-07-26,95.01000213623047,92.76000213623047,94.66999816894531,92.94000244140625,699700.0,92.67504119873047
2021-07-27,93.19999694824219,91.30999755859375,92.02999877929688,92.22000122070312,558800.0,91.95709228515625
2021-07-28,95.91000366210938,92.30000305175781,93.75,94.22000122070312,986800.0,93.9513931274414
2021-07-29,97.94999694824219,95.41000366210938,95.76000213623047,96.41000366210938,622600.0,96.13514709472656
2021-07-30,97.47000122070312,95.6500015258789,95.75,96.16000366210938,731400.0,95.8858642578125
2021-08-02,97.80999755859375,94.13999938964844,96.69000244140625,94.41000366210938,716400.0,94.14085388183594
2021-08-03,96.2300033569336,93.7300033569336,94.79000091552734,96.0999984741211,564300.0,95.8260269165039
2021-08-04,97.33999633789062,95.33999633789062,96.26000213623047,95.4000015258789,507200.0,95.1280288696289
2021-08-05,97.25,95.2300033569336,95.76000213623047,95.86000061035156,457700.0,95.58671569824219
2021-08-06,97.05999755859375,95.41000366210938,96.4000015258789,95.83000183105469,478500.0,95.55680084228516
2021-08-09,95.91999816894531,94.51000213623047,95.27999877929688,94.73999786376953,452000.0,94.46990203857422
2021-08-10,97.94000244140625,94.02999877929688,94.62999725341797,96.5,671100.0,96.22489166259766
2021-08-11,99.08000183105469,96.2699966430664,96.56999969482422,99.04000091552734,477900.0,98.75765228271484
2021-08-12,99.5999984741211,97.51000213623047,99.41999816894531,97.68000030517578,527300.0,97.40152740478516
2021-08-13,97.94000244140625,95.8499984741211,97.3499984741211,96.18000030517578,840500.0,95.90579986572266
2021-08-16,97.72000122070312,94.5199966430664,95.43000030517578,96.79000091552734,756900.0,96.5140609741211
2021-08-17,96.80000305175781,93.2699966430664,96.55000305175781,93.94000244140625,616400.0,93.67218780517578
2021-08-18,95.08000183105469,92.4000015258789,93.48999786376953,92.66999816894531,716500.0,92.40580749511719
2021-08-19,93.33000183105469,90.73999786376953,91.04000091552734,91.58999633789062,499400.0,91.3288803100586
2021-08-20,93.0,91.31999969482422,91.58000183105469,92.44000244140625,523500.0,92.17646789550781
2021-08-23,92.91999816894531,91.3499984741211,92.55999755859375,92.51000213623047,635500.0,92.24626922607422
2021-08-24,95.29000091552734,93.08000183105469,93.08999633789062,94.94999694824219,546500.0,94.67930603027344
2021-08-25,97.68000030517578,95.20999908447266,95.33000183105469,96.44000244140625,707500.0,96.1650619506836
2021-08-26,97.41000366210938,95.87999725341797,96.33000183105469,96.4800033569336,1060000.0,96.20494842529297
2021-08-27,99.47000122070312,97.02999877929688,97.25,98.5999984741211,725100.0,98.31890106201172
2021-08-30,99.38999938964844,98.02999877929688,98.7300033569336,98.2699966430664,793900.0,97.98983764648438
2021-08-31,98.51000213623047,94.79000091552734,98.2699966430664,95.55000305175781,988900.0,95.27760314941406
2021-09-01,96.62999725341797,94.76000213623047,95.83000183105469,95.58999633789062,784100.0,95.3174819946289
2021-09-02,97.05000305175781,95.95999908447266,96.37000274658203,96.6500015258789,564700.0,96.37446594238281
2021-09-03,96.41000366210938,94.75,96.38999938964844,95.4000015258789,471900.0,95.1280288696289
2021-09-07,95.27999877929688,93.19000244140625,95.0,93.25,593200.0,92.9841537475586
2021-09-08,94.0,92.20999908447266,92.5,93.80999755859375,846200.0,93.54255676269531
2021-09-09,95.27999877929688,93.5199966430664,94.0,93.58999633789062,623600.0,93.32318115234375
2021-09-10,94.9800033569336,93.37999725341797,94.33999633789062,93.66999816894531,610900.0,93.4029541015625
2021-09-13,96.8499984741211,94.36000061035156,95.33000183105469,96.02999877929688,836800.0,95.7562255859375
2021-09-14,96.44000244140625,93.26000213623047,96.18000030517578,93.54000091552734,649200.0,93.27333068847656
2021-09-15,94.86000061035156,93.05000305175781,93.23999786376953,94.58000183105469,850600.0,94.31036376953125
2021-09-16,95.69999694824219,94.08999633789062,94.91999816894531,94.48999786376953,808900.0,94.22061920166016
2021-09-17,94.52999877929688,90.68000030517578,94.05000305175781,91.69000244140625,1966800.0,91.42860412597656
2021-09-20,90.4000015258789,87.93000030517578,88.8499984741211,89.61000061035156,1294700.0,89.35453033447266
2021-09-21,90.0199966430664,86.86000061035156,89.83000183105469,87.58000183105469,1933000.0,87.330322265625
2021-09-22,88.73999786376953,86.79000091552734,88.0999984741211,87.16000366210938,1573800.0,86.9115219116211
2021-09-23,89.51000213623047,86.54000091552734,87.45999908447266,88.87999725341797,1220600.0,88.6266098022461
2021-09-24,89.30999755859375,88.16999816894531,88.62999725341797,88.27999877929688,801400.0,88.0283203125
2021-09-27,92.11000061035156,88.22000122070312,88.22000122070312,91.19999694824219,1257200.0,90.93999481201172
2021-09-28,91.0999984741211,88.1500015258789,90.80000305175781,88.26000213623047,827600.0,88.00838470458984
2021-09-29,89.79000091552734,87.95999908447266,88.93000030517578,88.12000274658203,725700.0,87.86878204345703
2021-09-30,89.19000244140625,85.16000366210938,88.5999984741211,85.5,1388100.0,85.2562484741211
2021-10-01,87.98999786376953,85.54000091552734,85.80000305175781,87.06999969482422,913700.0,86.82176971435547
2021-10-04,89.20999908447266,86.63999938964844,86.98999786376953,87.98999786376953,998500.0,87.73915100097656
2021-10-05,89.5999984741211,87.45999908447266,88.2699966430664,87.95999908447266,1053900.0,87.70923614501953
2021-10-06,88.91999816894531,86.55999755859375,87.12999725341797,88.76000213623047,867300.0,88.5069580078125
2021-10-07,91.41999816894531,88.80000305175781,88.80000305175781,90.05000305175781,938900.0,89.79328155517578
2021-10-08,90.29000091552734,87.62000274658203,90.04000091552734,87.80999755859375,1036000.0,87.55966186523438
2021-10-11,89.81999969482422,87.91000366210938,88.0199966430664,88.25,609300.0,87.99840545654297
2021-10-12,90.33999633789062,88.08000183105469,88.66999816894531,89.0999984741211,1065900.0,88.84598541259766
2021-10-13,90.4000015258789,89.0199966430664,89.51000213623047,89.5999984741211,780700.0,89.34455871582031
2021-10-14,91.61000061035156,90.08999633789062,90.76000213623047,91.08999633789062,743200.0,90.83030700683594
2021-10-15,92.5,90.97000122070312,92.0,91.48999786376953,577300.0,91.22917175292969
2021-10-18,92.33000183105469,89.94000244140625,89.94000244140625,92.12999725341797,711800.0,91.86734771728516
2021-10-19,92.04000091552734,88.87999725341797,92.04000091552734,90.05999755859375,1208700.0,89.8032455444336
2021-10-20,91.91000366210938,89.97000122070312,89.97000122070312,91.19999694824219,876100.0,90.93999481201172
2021-10-21,91.22000122070312,89.73999786376953,90.58000183105469,91.13999938964844,818700.0,91.13999938964844
2021-10-22,92.3499984741211,89.7300033569336,91.2300033569336,89.81999969482422,859100.0,89.81999969482422
2021-10-25,91.94999694824219,88.61000061035156,89.5199966430664,91.55000305175781,1355900.0,91.55000305175781
