Date,High,Low,Open,Close,Volume,Adj Close
2014-07-15,10.010000228881836,9.9399995803833,9.989999771118164,10.0,17900.0,7.267579078674316
2014-07-16,10.09000015258789,10.0,10.0,10.09000015258789,2300.0,7.33298921585083
2014-07-17,10.119999885559082,10.079999923706055,10.119999885559082,10.100000381469727,9800.0,7.340254783630371
2014-07-18,10.145000457763672,10.140000343322754,10.140000343322754,10.140000343322754,12000.0,7.369324207305908
2014-07-21,10.170000076293945,10.079999923706055,10.170000076293945,10.079999923706055,8300.0,7.325717926025391
2014-07-22,10.220000267028809,10.170000076293945,10.170000076293945,10.220000267028809,600.0,7.4274678230285645
2014-07-23,10.34000015258789,10.229999542236328,10.279999732971191,10.34000015258789,5600.0,7.51467752456665
2014-07-24,10.420000076293945,10.369999885559082,10.369999885559082,10.40999984741211,17600.0,7.565553188323975
2014-07-25,10.449999809265137,10.380000114440918,10.449999809265137,10.399999618530273,9500.0,7.558282375335693
2014-07-28,10.460000038146973,10.350000381469727,10.460000038146973,10.369999885559082,13900.0,7.536478042602539
2014-07-29,10.40999984741211,10.369999885559082,10.40999984741211,10.369999885559082,7800.0,7.536478042602539
2014-07-30,10.430000305175781,10.300000190734863,10.430000305175781,10.300000190734863,8700.0,7.485607624053955
2014-07-31,10.289999961853027,10.140000343322754,10.289999961853027,10.229999542236328,6600.0,7.434731483459473
2014-08-01,10.15999984741211,10.09000015258789,10.15999984741211,10.09000015258789,3100.0,7.33298921585083
2014-08-05,10.1899995803833,10.180000305175781,10.1899995803833,10.180000305175781,1300.0,7.39839506149292
2014-08-06,10.149999618530273,10.149999618530273,10.149999618530273,10.149999618530273,900.0,7.3765950202941895
2014-08-07,10.199999809265137,10.180000305175781,10.199999809265137,10.199999809265137,8300.0,7.412930965423584
2014-08-08,10.359999656677246,10.279999732971191,10.279999732971191,10.359999656677246,500.0,7.529213905334473
2014-08-11,10.5,10.460000038146973,10.470000267028809,10.460000038146973,4000.0,7.601888179779053
2014-08-12,10.579999923706055,10.5,10.550000190734863,10.579999923706055,9000.0,7.689099311828613
2014-08-13,10.649999618530273,10.59000015258789,10.649999618530273,10.59000015258789,13300.0,7.696366786956787
2014-08-14,10.670000076293945,10.600000381469727,10.600000381469727,10.630000114440918,15600.0,7.72543478012085
2014-08-15,10.720000267028809,10.649999618530273,10.699999809265137,10.720000267028809,8400.0,7.7908453941345215
2014-08-18,10.789999961853027,10.770000457763672,10.789999961853027,10.779999732971191,7400.0,7.834449291229248
2014-08-19,10.869999885559082,10.84000015258789,10.84000015258789,10.859999656677246,5700.0,7.892590522766113
2014-08-20,10.930000305175781,10.84000015258789,10.859999656677246,10.920000076293945,16200.0,7.93619441986084
2014-08-21,10.949999809265137,10.880000114440918,10.949999809265137,10.90999984741211,8300.0,7.928930759429932
2014-08-22,10.859999656677246,10.829999923706055,10.859999656677246,10.829999923706055,48500.0,7.87078857421875
2014-08-25,10.9399995803833,10.869999885559082,10.869999885559082,10.9399995803833,800.0,7.950732231140137
2014-08-26,10.970000267028809,10.920000076293945,10.970000267028809,10.920000076293945,38900.0,7.93619441986084
2014-08-27,10.930000305175781,10.90999984741211,10.930000305175781,10.90999984741211,21400.0,7.928930759429932
2014-08-28,10.920000076293945,10.899999618530273,10.899999618530273,10.920000076293945,65500.0,7.93619441986084
2014-08-29,10.930000305175781,10.90999984741211,10.90999984741211,10.930000305175781,48600.0,7.943465232849121
2014-09-02,11.0,11.0,11.0,11.0,200.0,7.994337558746338
2014-09-03,11.130000114440918,11.119999885559082,11.119999885559082,11.130000114440918,3700.0,8.08881664276123
2014-09-04,11.170000076293945,11.100000381469727,11.170000076293945,11.100000381469727,4400.0,8.06701374053955
2014-09-05,11.069999694824219,11.020000457763672,11.020000457763672,11.069999694824219,2100.0,8.045209884643555
2014-09-08,11.050000190734863,10.9399995803833,11.050000190734863,10.9399995803833,3100.0,7.950732231140137
2014-09-09,11.029999732971191,10.899999618530273,11.0,11.020000457763672,4700.0,8.008872985839844
2014-09-10,11.020000457763672,11.020000457763672,11.020000457763672,11.020000457763672,0.0,8.008872985839844
2014-09-11,11.0,10.9399995803833,10.970000267028809,10.989999771118164,3600.0,7.987070560455322
2014-09-12,11.020000457763672,10.949999809265137,11.020000457763672,10.970000267028809,5800.0,7.9725341796875
2014-09-15,10.949999809265137,10.819999694824219,10.949999809265137,10.819999694824219,11700.0,7.863519668579102
2014-09-16,10.84000015258789,10.720000267028809,10.720000267028809,10.8100004196167,1900.0,7.856253147125244
2014-09-17,10.760000228881836,10.720000267028809,10.760000228881836,10.760000228881836,4300.0,7.819916248321533
2014-09-18,10.989999771118164,10.869999885559082,10.869999885559082,10.989999771118164,900.0,7.987070560455322
2014-09-19,11.0600004196167,10.920000076293945,11.0600004196167,10.960000038146973,1200.0,7.965267181396484
2014-09-22,10.899999618530273,10.739999771118164,10.899999618530273,10.739999771118164,3600.0,7.805380821228027
2014-09-23,10.649999618530273,10.550000190734863,10.649999618530273,10.550000190734863,3100.0,7.667295932769775
2014-09-24,10.5600004196167,10.380000114440918,10.470000267028809,10.5600004196167,2700.0,7.674564361572266
2014-09-25,10.449999809265137,10.390000343322754,10.449999809265137,10.420000076293945,2900.0,7.572819709777832
2014-09-26,10.449999809265137,10.420000076293945,10.449999809265137,10.420000076293945,1500.0,7.625509262084961
2014-09-29,10.399999618530273,10.319999694824219,10.319999694824219,10.399999618530273,2000.0,7.610873699188232
2014-09-30,10.479999542236328,10.40999984741211,10.40999984741211,10.479999542236328,900.0,7.669417381286621
2014-10-01,10.430000305175781,10.300000190734863,10.430000305175781,10.319999694824219,1300.0,7.552326202392578
2014-10-02,10.300000190734863,10.149999618530273,10.270000457763672,10.270000457763672,7800.0,7.515736103057861
2014-10-03,10.380000114440918,10.289999961853027,10.289999961853027,10.380000114440918,4100.0,7.596236705780029
2014-10-06,10.420000076293945,10.399999618530273,10.420000076293945,10.399999618530273,700.0,7.610873699188232
2014-10-07,10.399999618530273,10.399999618530273,10.399999618530273,10.399999618530273,0.0,7.610873699188232
2014-10-08,10.3100004196167,10.199999809265137,10.3100004196167,10.25,4800.0,7.501099109649658
2014-10-09,10.25,9.979999542236328,10.25,9.979999542236328,3500.0,7.303509712219238
2014-10-10,9.979999542236328,9.819999694824219,9.979999542236328,9.899999618530273,14200.0,7.244963645935059
2014-10-14,9.6899995803833,9.5,9.6899995803833,9.5,21200.0,6.952239513397217
2014-10-15,9.460000038146973,9.039999961853027,9.40999984741211,9.4399995803833,10900.0,6.908329010009766
2014-10-16,9.789999961853027,9.399999618530273,9.399999618530273,9.789999961853027,7400.0,7.1644673347473145
2014-10-17,10.0,9.960000038146973,10.0,9.960000038146973,38600.0,7.288872718811035
2014-10-20,9.960000038146973,9.899999618530273,9.949999809265137,9.960000038146973,4000.0,7.288872718811035
2014-10-21,10.079999923706055,9.979999542236328,10.079999923706055,10.039999961853027,1000.0,7.347417831420898
2014-10-22,10.09000015258789,9.890000343322754,10.09000015258789,9.890000343322754,5600.0,7.237648010253906
2014-10-23,10.050000190734863,10.029999732971191,10.029999732971191,10.029999732971191,3900.0,7.3401007652282715
2014-10-24,10.029999732971191,10.0,10.0,10.029999732971191,800.0,7.3401007652282715
2014-10-27,10.029999732971191,9.970000267028809,10.029999732971191,10.0,1900.0,7.318148136138916
2014-10-28,10.130000114440918,10.0600004196167,10.0600004196167,10.130000114440918,1100.0,7.413281440734863
2014-10-29,10.140000343322754,10.079999923706055,10.140000343322754,10.119999885559082,1700.0,7.4059648513793945
2014-10-30,10.0600004196167,10.0600004196167,10.0600004196167,10.0600004196167,11000.0,7.362053394317627
2014-10-31,10.119999885559082,10.100000381469727,10.100000381469727,10.119999885559082,1200.0,7.4059648513793945
2014-11-03,10.170000076293945,10.079999923706055,10.119999885559082,10.079999923706055,2600.0,7.376691818237305
2014-11-04,9.979999542236328,9.960000038146973,9.979999542236328,9.960000038146973,900.0,7.288872718811035
2014-11-05,10.010000228881836,9.979999542236328,9.979999542236328,10.010000228881836,1300.0,7.325465202331543
2014-11-06,9.9399995803833,9.9399995803833,9.9399995803833,9.9399995803833,200.0,7.27423620223999
2014-11-07,10.119999885559082,10.09000015258789,10.09000015258789,10.119999885559082,400.0,7.4059648513793945
2014-11-10,10.149999618530273,10.149999618530273,10.149999618530273,10.149999618530273,1100.0,7.427918434143066
2014-11-11,10.15999984741211,10.029999732971191,10.029999732971191,10.15999984741211,1000.0,7.43523645401001
2014-11-12,10.170000076293945,10.130000114440918,10.170000076293945,10.130000114440918,1100.0,7.413281440734863
2014-11-13,10.069999694824219,10.0,10.069999694824219,10.069999694824219,1500.0,7.369375228881836
2014-11-14,10.079999923706055,10.0,10.079999923706055,10.0,1500.0,7.318148136138916
2014-11-17,10.100000381469727,10.0600004196167,10.0600004196167,10.079999923706055,2500.0,7.376691818237305
2014-11-18,10.079999923706055,10.079999923706055,10.079999923706055,10.079999923706055,200.0,7.376691818237305
2014-11-19,10.079999923706055,10.079999923706055,10.079999923706055,10.079999923706055,0.0,7.376691818237305
2014-11-20,10.289999961853027,10.279999732971191,10.279999732971191,10.289999961853027,2200.0,7.53037166595459
2014-11-21,10.3100004196167,10.279999732971191,10.279999732971191,10.300000190734863,1900.0,7.537690162658691
2014-11-24,10.34000015258789,10.149999618530273,10.34000015258789,10.149999618530273,6500.0,7.427918434143066
2014-11-25,10.180000305175781,10.180000305175781,10.180000305175781,10.180000305175781,300.0,7.449873447418213
2014-11-26,10.229999542236328,10.210000038146973,10.210000038146973,10.229999542236328,106800.0,7.486462116241455
2014-11-27,10.079999923706055,9.9399995803833,10.079999923706055,9.9399995803833,1800.0,7.27423620223999
2014-11-28,9.899999618530273,9.649999618530273,9.899999618530273,9.649999618530273,2600.0,7.062010765075684
2014-12-01,9.899999618530273,9.649999618530273,9.899999618530273,9.649999618530273,2600.0,7.062010765075684
2014-12-02,9.899999618530273,9.649999618530273,9.899999618530273,9.649999618530273,2600.0,7.062010765075684
2014-12-03,9.600000381469727,9.210000038146973,9.600000381469727,9.210000038146973,56500.0,6.7400126457214355
2014-12-04,9.430000305175781,9.109999656677246,9.109999656677246,9.399999618530273,68300.0,6.879056453704834
2014-12-05,9.729999542236328,9.529999732971191,9.529999732971191,9.729999542236328,59500.0,7.120556354522705
2014-12-08,9.770000457763672,9.770000457763672,9.770000457763672,9.770000457763672,0.0,7.149830341339111
2014-12-09,9.770000457763672,9.770000457763672,9.770000457763672,9.770000457763672,0.0,7.149830341339111
2014-12-10,9.380000114440918,9.380000114440918,9.380000114440918,9.380000114440918,0.0,6.864421367645264
2014-12-11,9.390000343322754,9.390000343322754,9.390000343322754,9.390000343322754,0.0,6.871738910675049
2014-12-12,8.920000076293945,8.920000076293945,8.920000076293945,8.920000076293945,0.0,6.527787208557129
2014-12-15,8.90999984741211,8.90999984741211,8.90999984741211,8.90999984741211,0.0,6.520466327667236
2014-12-16,8.90999984741211,8.90999984741211,8.90999984741211,8.90999984741211,0.0,6.520466327667236
2014-12-17,8.979999542236328,8.979999542236328,8.979999542236328,8.979999542236328,0.0,6.571695804595947
2014-12-18,9.140000343322754,9.140000343322754,9.140000343322754,9.140000343322754,0.0,6.688785076141357
2014-12-19,9.399999618530273,9.399999618530273,9.399999618530273,9.399999618530273,0.0,6.879056453704834
2014-12-22,9.630000114440918,9.630000114440918,9.630000114440918,9.630000114440918,0.0,7.047374725341797
2014-12-23,9.630000114440918,9.630000114440918,9.630000114440918,9.630000114440918,0.0,7.047374725341797
2014-12-24,10.0600004196167,9.899999618530273,10.0600004196167,9.960000038146973,4500.0,7.288872718811035
2014-12-29,9.960000038146973,9.960000038146973,9.960000038146973,9.960000038146973,0.0,7.3598103523254395
2014-12-30,9.960000038146973,9.960000038146973,9.960000038146973,9.960000038146973,0.0,7.3598103523254395
2014-12-31,9.979999542236328,9.979999542236328,9.979999542236328,9.979999542236328,0.0,7.374590873718262
2015-01-02,10.119999885559082,10.119999885559082,10.119999885559082,10.119999885559082,0.0,7.478042125701904
2015-01-05,10.180000305175781,10.180000305175781,10.180000305175781,10.180000305175781,0.0,7.522377967834473
2015-01-06,10.180000305175781,10.180000305175781,10.180000305175781,10.180000305175781,0.0,7.522377967834473
2015-01-07,9.819999694824219,9.819999694824219,9.819999694824219,9.819999694824219,0.0,7.256360054016113
2015-01-08,9.4399995803833,9.4399995803833,9.4399995803833,9.4399995803833,0.0,6.975564002990723
2015-01-09,9.350000381469727,9.350000381469727,9.350000381469727,9.350000381469727,0.0,6.909062385559082
2015-01-12,9.390000343322754,9.390000343322754,9.390000343322754,9.390000343322754,0.0,6.93861722946167
2015-01-13,9.390000343322754,9.390000343322754,9.390000343322754,9.390000343322754,0.0,6.93861722946167
2015-01-14,9.109999656677246,9.109999656677246,9.109999656677246,9.109999656677246,0.0,6.731714725494385
2015-01-15,9.050000190734863,9.050000190734863,9.050000190734863,9.050000190734863,0.0,6.687379837036133
2015-01-16,9.109999656677246,9.109999656677246,9.109999656677246,9.109999656677246,0.0,6.731714725494385
2015-01-19,9.350000381469727,9.350000381469727,9.350000381469727,9.350000381469727,0.0,6.909062385559082
2015-01-20,9.350000381469727,9.350000381469727,9.350000381469727,9.350000381469727,0.0,6.909062385559082
2015-01-21,9.380000114440918,9.380000114440918,9.380000114440918,9.380000114440918,0.0,6.931227684020996
2015-01-22,9.229999542236328,9.229999542236328,9.229999542236328,9.229999542236328,0.0,6.820388317108154
2015-01-23,9.420000076293945,9.420000076293945,9.420000076293945,9.420000076293945,0.0,6.960784912109375
2015-01-26,9.739999771118164,9.739999771118164,9.739999771118164,9.739999771118164,0.0,7.197244644165039
2015-01-27,9.739999771118164,9.739999771118164,9.739999771118164,9.739999771118164,0.0,7.197244644165039
2015-01-28,9.75,9.75,9.75,9.75,0.0,7.204634666442871
2015-01-29,9.739999771118164,9.739999771118164,9.739999771118164,9.739999771118164,0.0,7.197244644165039
2015-01-30,9.520000457763672,9.520000457763672,9.520000457763672,9.520000457763672,0.0,7.034679412841797
2015-02-02,9.5600004196167,9.5600004196167,9.5600004196167,9.5600004196167,0.0,7.064239025115967
2015-02-03,9.5600004196167,9.5600004196167,9.5600004196167,9.5600004196167,0.0,7.064239025115967
2015-02-04,9.760000228881836,9.760000228881836,9.760000228881836,9.760000228881836,0.0,7.212023735046387
2015-02-05,10.0600004196167,10.0600004196167,10.0600004196167,10.0600004196167,0.0,7.433703899383545
2015-02-06,9.869999885559082,9.869999885559082,9.869999885559082,9.869999885559082,0.0,7.293306350708008
2015-02-09,9.739999771118164,9.739999771118164,9.739999771118164,9.739999771118164,0.0,7.197244644165039
2015-02-10,9.739999771118164,9.739999771118164,9.739999771118164,9.739999771118164,0.0,7.197244644165039
2015-02-11,9.800000190734863,9.800000190734863,9.800000190734863,9.800000190734863,0.0,7.241580009460449
2015-02-12,9.829999923706055,9.829999923706055,9.829999923706055,9.829999923706055,0.0,7.2637505531311035
2015-02-13,9.890000343322754,9.890000343322754,9.890000343322754,9.890000343322754,0.0,7.308087348937988
2015-02-17,10.100000381469727,10.100000381469727,10.100000381469727,10.100000381469727,0.0,7.46326208114624
2015-02-18,10.100000381469727,10.100000381469727,10.100000381469727,10.100000381469727,0.0,7.46326208114624
2015-02-19,10.0600004196167,10.0600004196167,10.0600004196167,10.0600004196167,0.0,7.433703899383545
2015-02-20,9.989999771118164,9.989999771118164,9.989999771118164,9.989999771118164,0.0,7.381978511810303
2015-02-23,9.850000381469727,9.850000381469727,9.850000381469727,9.850000381469727,0.0,7.278528690338135
2015-02-24,9.850000381469727,9.850000381469727,9.850000381469727,9.850000381469727,0.0,7.278528690338135
2015-02-25,9.829999923706055,9.829999923706055,9.829999923706055,9.829999923706055,0.0,7.2637505531311035
2015-02-26,9.84000015258789,9.84000015258789,9.84000015258789,9.84000015258789,0.0,7.271141052246094
2015-02-27,9.800000190734863,9.800000190734863,9.800000190734863,9.800000190734863,0.0,7.241580009460449
2015-03-02,9.720000267028809,9.720000267028809,9.720000267028809,9.720000267028809,0.0,7.182466983795166
2015-03-03,9.720000267028809,9.720000267028809,9.720000267028809,9.720000267028809,0.0,7.182466983795166
2015-03-04,9.890000343322754,9.890000343322754,9.890000343322754,9.890000343322754,0.0,7.308087348937988
2015-03-05,9.880000114440918,9.880000114440918,9.880000114440918,9.880000114440918,0.0,7.300697326660156
2015-03-06,9.789999961853027,9.789999961853027,9.789999961853027,9.789999961853027,0.0,7.234194278717041
2015-03-09,9.640000343322754,9.640000343322754,9.640000343322754,9.640000343322754,0.0,7.123353481292725
2015-03-10,9.640000343322754,9.640000343322754,9.640000343322754,9.640000343322754,0.0,7.123353481292725
2015-03-11,9.5600004196167,9.5600004196167,9.5600004196167,9.5600004196167,0.0,7.064239025115967
2015-03-12,9.390000343322754,9.390000343322754,9.390000343322754,9.390000343322754,0.0,6.93861722946167
2015-03-13,9.359999656677246,9.359999656677246,9.359999656677246,9.359999656677246,0.0,6.916450500488281
2015-03-16,9.34000015258789,9.34000015258789,9.34000015258789,9.34000015258789,0.0,6.901671409606934
2015-03-17,9.34000015258789,9.34000015258789,9.34000015258789,9.34000015258789,0.0,6.901671409606934
2015-03-18,9.430000305175781,9.430000305175781,9.430000305175781,9.430000305175781,0.0,6.968175888061523
2015-03-19,9.619999885559082,9.619999885559082,9.619999885559082,9.619999885559082,0.0,7.108572959899902
2015-03-20,9.739999771118164,9.670000076293945,9.739999771118164,9.670000076293945,18600.0,7.145521640777588
2015-03-23,9.670000076293945,9.670000076293945,9.670000076293945,9.670000076293945,0.0,7.145521640777588
2015-03-24,9.670000076293945,9.670000076293945,9.670000076293945,9.670000076293945,0.0,7.145521640777588
2015-03-25,9.630000114440918,9.630000114440918,9.630000114440918,9.630000114440918,0.0,7.115962505340576
2015-03-26,9.800000190734863,9.800000190734863,9.800000190734863,9.800000190734863,0.0,7.241580009460449
2015-03-27,9.680000305175781,9.670000076293945,9.670000076293945,9.680000305175781,1200.0,7.208073616027832
2015-03-30,9.680000305175781,9.680000305175781,9.680000305175781,9.680000305175781,0.0,7.208073616027832
2015-03-31,9.680000305175781,9.680000305175781,9.680000305175781,9.680000305175781,0.0,7.208073616027832
2015-04-01,9.680000305175781,9.680000305175781,9.680000305175781,9.680000305175781,0.0,7.208073616027832
2015-04-02,9.720000267028809,9.720000267028809,9.720000267028809,9.720000267028809,0.0,7.237858772277832
2015-04-06,9.760000228881836,9.760000228881836,9.760000228881836,9.760000228881836,0.0,7.267643928527832
2015-04-07,9.760000228881836,9.760000228881836,9.760000228881836,9.760000228881836,0.0,7.267643928527832
2015-04-08,9.859999656677246,9.859999656677246,9.859999656677246,9.859999656677246,0.0,7.342106819152832
2015-04-09,9.9399995803833,9.9399995803833,9.9399995803833,9.9399995803833,0.0,7.401678085327148
2015-04-10,9.850000381469727,9.850000381469727,9.850000381469727,9.850000381469727,0.0,7.334661960601807
2015-04-13,9.9399995803833,9.9399995803833,9.9399995803833,9.9399995803833,0.0,7.401678085327148
2015-04-14,9.9399995803833,9.9399995803833,9.9399995803833,9.9399995803833,0.0,7.401678085327148
2015-04-15,9.979999542236328,9.979999542236328,9.979999542236328,9.979999542236328,0.0,7.43146276473999
2015-04-16,10.079999923706055,10.079999923706055,10.079999923706055,10.079999923706055,0.0,7.505928039550781
2015-04-17,10.260000228881836,10.239999771118164,10.260000228881836,10.239999771118164,2800.0,7.6250691413879395
2015-04-20,10.239999771118164,10.239999771118164,10.239999771118164,10.239999771118164,0.0,7.6250691413879395
2015-04-21,10.239999771118164,10.239999771118164,10.239999771118164,10.239999771118164,0.0,7.6250691413879395
2015-04-22,10.270000457763672,10.270000457763672,10.270000457763672,10.270000457763672,0.0,7.647407054901123
2015-04-23,10.149999618530273,10.149999618530273,10.149999618530273,10.149999618530273,0.0,7.558051586151123
2015-04-24,10.210000038146973,10.210000038146973,10.210000038146973,10.210000038146973,100.0,7.6027302742004395
2015-04-27,10.329999923706055,10.329999923706055,10.329999923706055,10.329999923706055,0.0,7.692086219787598
2015-04-28,10.329999923706055,10.329999923706055,10.329999923706055,10.329999923706055,0.0,7.692086219787598
2015-04-29,10.3100004196167,10.3100004196167,10.3100004196167,10.3100004196167,0.0,7.677194118499756
2015-04-30,10.279999732971191,10.279999732971191,10.279999732971191,10.279999732971191,0.0,7.654853820800781
2015-05-01,10.109999656677246,10.100000381469727,10.109999656677246,10.100000381469727,8400.0,7.52081823348999
2015-05-04,10.100000381469727,10.100000381469727,10.100000381469727,10.100000381469727,0.0,7.52081823348999
2015-05-05,10.229999542236328,10.229999542236328,10.229999542236328,10.229999542236328,0.0,7.617622375488281
2015-05-06,10.229999542236328,10.229999542236328,10.229999542236328,10.229999542236328,0.0,7.617622375488281
2015-05-07,10.100000381469727,10.100000381469727,10.100000381469727,10.100000381469727,0.0,7.52081823348999
2015-05-08,9.880000114440918,9.880000114440918,9.880000114440918,9.880000114440918,7900.0,7.357001781463623
2015-05-11,9.75,9.75,9.75,9.75,0.0,7.26019811630249
2015-05-12,9.75,9.75,9.75,9.75,0.0,7.26019811630249
2015-05-13,9.829999923706055,9.829999923706055,9.829999923706055,9.829999923706055,0.0,7.319767951965332
2015-05-14,9.779999732971191,9.779999732971191,9.779999732971191,9.779999732971191,0.0,7.282536029815674
2015-05-15,9.729999542236328,9.729999542236328,9.729999542236328,9.729999542236328,0.0,7.245306491851807
2015-05-19,9.75,9.75,9.75,9.75,0.0,7.26019811630249
2015-05-20,9.75,9.75,9.75,9.75,0.0,7.26019811630249
2015-05-21,9.720000267028809,9.720000267028809,9.720000267028809,9.720000267028809,0.0,7.237858772277832
2015-05-22,9.770000457763672,9.770000457763672,9.770000457763672,9.770000457763672,0.0,7.275089263916016
2015-05-25,9.869999885559082,9.869999885559082,9.869999885559082,9.869999885559082,0.0,7.349555015563965
2015-05-26,9.869999885559082,9.869999885559082,9.869999885559082,9.869999885559082,0.0,7.349555015563965
2015-05-27,9.800000190734863,9.800000190734863,9.800000190734863,9.800000190734863,0.0,7.29742956161499
2015-05-28,9.680000305175781,9.680000305175781,9.680000305175781,9.680000305175781,0.0,7.208073616027832
2015-05-29,9.720000267028809,9.670000076293945,9.699999809265137,9.699999809265137,14300.0,7.222964763641357
2015-06-01,9.699999809265137,9.699999809265137,9.699999809265137,9.699999809265137,0.0,7.222964763641357
2015-06-02,9.699999809265137,9.699999809265137,9.699999809265137,9.699999809265137,0.0,7.222964763641357
2015-06-03,9.770000457763672,9.770000457763672,9.770000457763672,9.770000457763672,0.0,7.275089263916016
2015-06-04,9.770000457763672,9.770000457763672,9.770000457763672,9.770000457763672,0.0,7.275089263916016
2015-06-05,9.539999961853027,9.5,9.510000228881836,9.5,6100.0,7.074038028717041
2015-06-08,9.5,9.5,9.5,9.5,0.0,7.074038028717041
2015-06-09,9.5,9.5,9.5,9.5,0.0,7.074038028717041
2015-06-10,9.399999618530273,9.399999618530273,9.399999618530273,9.399999618530273,0.0,6.999574184417725
2015-06-11,9.3100004196167,9.3100004196167,9.3100004196167,9.3100004196167,0.0,6.932559490203857
2015-06-12,9.369999885559082,9.329999923706055,9.329999923706055,9.369999885559082,6700.0,6.97723388671875
2015-06-15,9.369999885559082,9.369999885559082,9.369999885559082,9.369999885559082,0.0,6.97723388671875
2015-06-16,9.369999885559082,9.369999885559082,9.369999885559082,9.369999885559082,0.0,6.97723388671875
2015-06-17,9.390000343322754,9.390000343322754,9.390000343322754,9.390000343322754,0.0,6.992128849029541
2015-06-18,9.359999656677246,9.359999656677246,9.359999656677246,9.359999656677246,0.0,6.969789505004883
2015-06-19,9.369999885559082,9.319999694824219,9.359999656677246,9.319999694824219,5000.0,6.940002918243408
2015-06-22,9.319999694824219,9.319999694824219,9.319999694824219,9.319999694824219,0.0,6.940002918243408
2015-06-23,9.319999694824219,9.319999694824219,9.319999694824219,9.319999694824219,0.0,6.940002918243408
2015-06-24,9.539999961853027,9.539999961853027,9.539999961853027,9.539999961853027,0.0,7.103824615478516
2015-06-25,9.649999618530273,9.649999618530273,9.649999618530273,9.649999618530273,0.0,7.185732841491699
2015-06-26,9.65999984741211,9.65999984741211,9.65999984741211,9.65999984741211,0.0,7.251039505004883
2015-06-29,9.369999885559082,9.369999885559082,9.369999885559082,9.369999885559082,0.0,7.033355236053467
2015-06-30,9.369999885559082,9.369999885559082,9.369999885559082,9.369999885559082,0.0,7.033355236053467
2015-07-02,9.239999771118164,9.239999771118164,9.239999771118164,9.239999771118164,0.0,6.9357757568359375
2015-07-03,9.239999771118164,9.239999771118164,9.239999771118164,9.239999771118164,0.0,6.9357757568359375
2015-07-06,9.229999542236328,9.229999542236328,9.229999542236328,9.229999542236328,0.0,6.928268909454346
2015-07-07,9.229999542236328,9.229999542236328,9.229999542236328,9.229999542236328,0.0,6.928268909454346
2015-07-08,9.109999656677246,9.109999656677246,9.109999656677246,9.109999656677246,0.0,6.838194847106934
2015-07-09,9.15999984741211,9.15999984741211,9.15999984741211,9.15999984741211,0.0,6.875726699829102
2015-07-10,9.069999694824219,9.069999694824219,9.069999694824219,9.069999694824219,0.0,6.808170318603516
2015-07-13,8.960000038146973,8.960000038146973,8.960000038146973,8.960000038146973,0.0,6.725600242614746
2015-07-14,8.960000038146973,8.960000038146973,8.960000038146973,8.960000038146973,0.0,6.725600242614746
2015-07-15,8.920000076293945,8.920000076293945,8.920000076293945,8.920000076293945,0.0,6.695577621459961
2015-07-16,9.119999885559082,9.119999885559082,9.119999885559082,9.119999885559082,0.0,6.845701217651367
2015-07-17,9.0600004196167,9.0600004196167,9.0600004196167,9.0600004196167,100.0,6.800663948059082
2015-07-20,9.0600004196167,9.0600004196167,9.0600004196167,9.0600004196167,0.0,6.800663948059082
2015-07-21,9.0600004196167,9.0600004196167,9.0600004196167,9.0600004196167,0.0,6.800663948059082
2015-07-22,8.90999984741211,8.90999984741211,8.90999984741211,8.90999984741211,0.0,6.688068389892578
2015-07-23,8.850000381469727,8.850000381469727,8.850000381469727,8.850000381469727,0.0,6.643031597137451
2015-07-24,8.619999885559082,8.569999694824219,8.619999885559082,8.569999694824219,35200.0,6.432856559753418
2015-07-27,8.569999694824219,8.569999694824219,8.569999694824219,8.569999694824219,0.0,6.432856559753418
2015-07-28,8.569999694824219,8.569999694824219,8.569999694824219,8.569999694824219,0.0,6.432856559753418
2015-07-29,8.489999771118164,8.489999771118164,8.489999771118164,8.489999771118164,0.0,6.372806072235107
2015-07-30,8.569999694824219,8.569999694824219,8.569999694824219,8.569999694824219,0.0,6.432856559753418
2015-07-31,8.600000381469727,8.600000381469727,8.600000381469727,8.600000381469727,0.0,6.455376148223877
2015-08-04,8.6899995803833,8.6899995803833,8.6899995803833,8.6899995803833,0.0,6.5229315757751465
2015-08-05,8.600000381469727,8.5,8.600000381469727,8.5,800.0,6.380312919616699
2015-08-06,8.5,8.5,8.5,8.5,0.0,6.380312919616699
2015-08-07,8.4399995803833,8.4399995803833,8.4399995803833,8.4399995803833,0.0,6.335274696350098
2015-08-10,8.229999542236328,8.229999542236328,8.229999542236328,8.229999542236328,0.0,6.177645206451416
2015-08-11,8.34000015258789,8.329999923706055,8.34000015258789,8.329999923706055,2300.0,6.252707481384277
2015-08-12,8.329999923706055,8.329999923706055,8.329999923706055,8.329999923706055,0.0,6.252707481384277
2015-08-13,8.420000076293945,8.399999618530273,8.399999618530273,8.420000076293945,1900.0,6.3202619552612305
2015-08-14,8.430000305175781,8.430000305175781,8.430000305175781,8.430000305175781,300.0,6.327769756317139
2015-08-17,8.430000305175781,8.430000305175781,8.430000305175781,8.430000305175781,0.0,6.327769756317139
2015-08-18,8.430000305175781,8.430000305175781,8.430000305175781,8.430000305175781,0.0,6.327769756317139
2015-08-19,8.359999656677246,8.359999656677246,8.359999656677246,8.359999656677246,0.0,6.275224208831787
2015-08-20,8.359999656677246,8.359999656677246,8.359999656677246,8.359999656677246,0.0,6.275224208831787
2015-08-21,7.840000152587891,7.760000228881836,7.760000228881836,7.78000020980835,4000.0,5.839862823486328
2015-08-24,7.78000020980835,7.78000020980835,7.78000020980835,7.78000020980835,0.0,5.839862823486328
2015-08-25,7.539999961853027,7.539999961853027,7.539999961853027,7.539999961853027,0.0,5.659714221954346
2015-08-26,7.619999885559082,7.619999885559082,7.619999885559082,7.619999885559082,0.0,5.719763278961182
2015-08-27,7.670000076293945,7.670000076293945,7.670000076293945,7.670000076293945,0.0,5.757294178009033
2015-08-28,8.25,8.239999771118164,8.25,8.239999771118164,36900.0,6.185150623321533
2015-08-31,8.239999771118164,8.239999771118164,8.239999771118164,8.239999771118164,0.0,6.185150623321533
2015-09-01,8.239999771118164,8.239999771118164,8.239999771118164,8.239999771118164,0.0,6.185150623321533
2015-09-02,8.369999885559082,8.369999885559082,8.369999885559082,8.369999885559082,0.0,6.282732009887695
2015-09-03,8.25,8.25,8.25,8.25,0.0,6.192657947540283
2015-09-04,8.199999809265137,8.199999809265137,8.199999809265137,8.199999809265137,100.0,6.155126094818115
2015-09-08,8.199999809265137,8.199999809265137,8.199999809265137,8.199999809265137,0.0,6.155126094818115
2015-09-09,8.199999809265137,8.199999809265137,8.199999809265137,8.199999809265137,0.0,6.155126094818115
2015-09-10,8.140000343322754,8.140000343322754,8.140000343322754,8.140000343322754,0.0,6.110089302062988
2015-09-11,8.010000228881836,8.010000228881836,8.010000228881836,8.010000228881836,300.0,6.01250696182251
2015-09-14,7.920000076293945,7.869999885559082,7.920000076293945,7.869999885559082,900.0,5.9074201583862305
2015-09-15,7.840000152587891,7.840000152587891,7.840000152587891,7.840000152587891,800.0,5.884902000427246
2015-09-16,7.869999885559082,7.869999885559082,7.869999885559082,7.869999885559082,0.0,5.9074201583862305
2015-09-17,7.840000152587891,7.840000152587891,7.840000152587891,7.840000152587891,0.0,5.884902000427246
2015-09-18,8.119999885559082,8.100000381469727,8.100000381469727,8.100000381469727,3500.0,6.080063343048096
2015-09-21,8.100000381469727,8.100000381469727,8.100000381469727,8.100000381469727,0.0,6.080063343048096
2015-09-22,8.100000381469727,8.100000381469727,8.100000381469727,8.100000381469727,0.0,6.080063343048096
2015-09-23,8.239999771118164,8.239999771118164,8.239999771118164,8.239999771118164,0.0,6.185150623321533
2015-09-24,8.149999618530273,8.149999618530273,8.149999618530273,8.149999618530273,0.0,6.1175947189331055
2015-09-25,8.0,7.980000019073486,8.0,8.0,4100.0,6.005001068115234
2015-09-28,8.0,8.0,8.0,8.0,0.0,6.064126014709473
2015-09-29,8.0,8.0,8.0,8.0,0.0,6.064126014709473
2015-09-30,7.690000057220459,7.690000057220459,7.690000057220459,7.690000057220459,0.0,5.829140663146973
2015-10-01,7.519999980926514,7.519999980926514,7.519999980926514,7.519999980926514,0.0,5.700278282165527
2015-10-02,7.599999904632568,7.599999904632568,7.599999904632568,7.599999904632568,0.0,5.760921478271484
2015-10-05,7.809999942779541,7.809999942779541,7.809999942779541,7.809999942779541,0.0,5.920103073120117
2015-10-06,7.809999942779541,7.809999942779541,7.809999942779541,7.809999942779541,0.0,5.920103073120117
2015-10-07,8.15999984741211,8.15999984741211,8.15999984741211,8.15999984741211,0.0,6.185408115386963
2015-10-08,8.289999961853027,8.289999961853027,8.289999961853027,8.289999961853027,0.0,6.283951282501221
2015-10-09,8.449999809265137,8.449999809265137,8.449999809265137,8.449999809265137,0.0,6.4052324295043945
2015-10-13,8.479999542236328,8.479999542236328,8.479999542236328,8.479999542236328,0.0,6.427972793579102
2015-10-14,8.479999542236328,8.479999542236328,8.479999542236328,8.479999542236328,0.0,6.427972793579102
2015-10-15,8.350000381469727,8.350000381469727,8.350000381469727,8.350000381469727,0.0,6.329431533813477
2015-10-16,8.34000015258789,8.34000015258789,8.34000015258789,8.34000015258789,0.0,6.3218512535095215
2015-10-19,8.300000190734863,8.300000190734863,8.300000190734863,8.300000190734863,0.0,6.291531085968018
2015-10-20,8.300000190734863,8.300000190734863,8.300000190734863,8.300000190734863,0.0,6.291531085968018
2015-10-21,8.229999542236328,8.229999542236328,8.229999542236328,8.229999542236328,100.0,6.238470077514648
2015-10-22,8.220000267028809,8.220000267028809,8.220000267028809,8.220000267028809,0.0,6.230888843536377
2015-10-23,8.229999542236328,8.229999542236328,8.229999542236328,8.229999542236328,0.0,6.238470077514648
2015-10-26,8.220000267028809,8.220000267028809,8.220000267028809,8.220000267028809,0.0,6.230888843536377
2015-10-27,8.220000267028809,8.220000267028809,8.220000267028809,8.220000267028809,0.0,6.230888843536377
2015-10-28,8.0,8.0,8.0,8.0,0.0,6.064126014709473
2015-10-29,7.840000152587891,7.840000152587891,7.840000152587891,7.840000152587891,0.0,5.942844390869141
2015-10-30,8.0,8.0,8.0,8.0,0.0,6.064126014709473
2015-11-02,8.0,8.0,8.0,8.0,0.0,6.064126014709473
2015-11-03,8.0,8.0,8.0,8.0,0.0,6.064126014709473
2015-11-04,8.0,8.0,8.0,8.0,0.0,6.064126014709473
2015-11-05,8.0,8.0,8.0,8.0,0.0,6.064126014709473
2015-11-06,7.900000095367432,7.900000095367432,7.900000095367432,7.900000095367432,0.0,5.9883246421813965
2015-11-09,7.900000095367432,7.900000095367432,7.900000095367432,7.900000095367432,0.0,5.9883246421813965
2015-11-10,7.78000020980835,7.78000020980835,7.78000020980835,7.78000020980835,0.0,5.897362232208252
2015-11-11,7.769999980926514,7.769999980926514,7.769999980926514,7.769999980926514,0.0,5.889782428741455
2015-11-12,7.630000114440918,7.619999885559082,7.630000114440918,7.619999885559082,11000.0,5.776080131530762
2015-11-13,7.670000076293945,7.670000076293945,7.670000076293945,7.670000076293945,0.0,5.813979625701904
2015-11-16,7.619999885559082,7.619999885559082,7.619999885559082,7.619999885559082,0.0,5.776080131530762
2015-11-17,7.619999885559082,7.619999885559082,7.619999885559082,7.619999885559082,0.0,5.776080131530762
2015-11-18,7.820000171661377,7.820000171661377,7.820000171661377,7.820000171661377,0.0,5.927682876586914
2015-11-19,7.78000020980835,7.78000020980835,7.78000020980835,7.78000020980835,0.0,5.897362232208252
2015-11-20,7.690000057220459,7.630000114440918,7.690000057220459,7.630000114440918,5300.0,5.783659934997559
2015-11-23,7.630000114440918,7.630000114440918,7.630000114440918,7.630000114440918,0.0,5.783659934997559
2015-11-24,7.630000114440918,7.630000114440918,7.630000114440918,7.630000114440918,0.0,5.783659934997559
2015-11-25,7.630000114440918,7.630000114440918,7.630000114440918,7.630000114440918,0.0,5.783659934997559
2015-11-26,7.690000057220459,7.690000057220459,7.690000057220459,7.690000057220459,0.0,5.829140663146973
2015-11-27,7.619999885559082,7.579999923706055,7.619999885559082,7.579999923706055,2000.0,5.745758533477783
2015-11-30,7.579999923706055,7.579999923706055,7.579999923706055,7.579999923706055,0.0,5.745758533477783
2015-12-01,7.579999923706055,7.579999923706055,7.579999923706055,7.579999923706055,0.0,5.745758533477783
2015-12-02,7.630000114440918,7.630000114440918,7.630000114440918,7.630000114440918,0.0,5.783659934997559
2015-12-03,7.630000114440918,7.5,7.630000114440918,7.5,2500.0,5.685117721557617
2015-12-04,7.46999979019165,7.440000057220459,7.440000057220459,7.46999979019165,1000.0,5.662377834320068
2015-12-07,7.46999979019165,7.46999979019165,7.46999979019165,7.46999979019165,0.0,5.662377834320068
2015-12-08,7.46999979019165,7.46999979019165,7.46999979019165,7.46999979019165,0.0,5.662377834320068
2015-12-09,7.190000057220459,7.159999847412109,7.159999847412109,7.159999847412109,2400.0,5.427392482757568
2015-12-10,7.110000133514404,7.110000133514404,7.110000133514404,7.110000133514404,0.0,5.389491558074951
2015-12-11,7.050000190734863,7.03000020980835,7.050000190734863,7.03000020980835,1800.0,5.328850746154785
2015-12-14,7.03000020980835,7.03000020980835,7.03000020980835,7.03000020980835,0.0,5.328850746154785
2015-12-15,7.03000020980835,7.03000020980835,7.03000020980835,7.03000020980835,0.0,5.328850746154785
2015-12-16,6.989999771118164,6.989999771118164,6.989999771118164,6.989999771118164,0.0,5.2985310554504395
2015-12-17,7.110000133514404,7.110000133514404,7.110000133514404,7.110000133514404,0.0,5.389491558074951
2015-12-18,7.260000228881836,7.230000019073486,7.230000019073486,7.260000228881836,2300.0,5.503194808959961
2015-12-21,7.329999923706055,7.21999979019165,7.329999923706055,7.21999979019165,2500.0,5.472874164581299
2015-12-22,7.21999979019165,7.21999979019165,7.21999979019165,7.21999979019165,0.0,5.472874164581299
2015-12-23,7.21999979019165,7.21999979019165,7.21999979019165,7.21999979019165,0.0,5.472874164581299
2015-12-24,7.21999979019165,7.21999979019165,7.21999979019165,7.21999979019165,0.0,5.472874164581299
2015-12-29,7.46999979019165,7.400000095367432,7.46999979019165,7.400000095367432,400.0,5.679325103759766
2015-12-30,7.349999904632568,7.230000019073486,7.349999904632568,7.239999771118164,2500.0,5.5565290451049805
2015-12-31,7.239999771118164,7.239999771118164,7.239999771118164,7.239999771118164,0.0,5.5565290451049805
2016-01-04,7.199999809265137,7.199999809265137,7.199999809265137,7.199999809265137,300.0,5.525829315185547
2016-01-05,7.199999809265137,7.199999809265137,7.199999809265137,7.199999809265137,0.0,5.525829315185547
2016-01-06,7.190000057220459,7.190000057220459,7.190000057220459,7.190000057220459,100.0,5.518155097961426
2016-01-07,6.880000114440918,6.880000114440918,6.880000114440918,6.880000114440918,100.0,5.280236721038818
2016-01-08,7.010000228881836,7.0,7.0,7.010000228881836,1700.0,5.380008697509766
2016-01-11,7.010000228881836,7.010000228881836,7.010000228881836,7.010000228881836,0.0,5.380008697509766
2016-01-12,7.010000228881836,7.010000228881836,7.010000228881836,7.010000228881836,0.0,5.380008697509766
2016-01-13,7.0,7.0,7.0,7.0,1600.0,5.3723344802856445
2016-01-14,6.889999866485596,6.880000114440918,6.880000114440918,6.889999866485596,2600.0,5.287911415100098
2016-01-15,6.840000152587891,6.829999923706055,6.829999923706055,6.840000152587891,400.0,5.249538421630859
2016-01-18,6.78000020980835,6.699999809265137,6.78000020980835,6.699999809265137,278600.0,5.142091751098633
2016-01-19,6.699999809265137,6.670000076293945,6.699999809265137,6.670000076293945,600.0,5.1190667152404785
2016-01-20,6.539999961853027,6.380000114440918,6.539999961853027,6.380000114440918,400.0,4.896498680114746
2016-01-21,6.900000095367432,6.78000020980835,6.78000020980835,6.900000095367432,600.0,5.295586109161377
2016-01-22,7.199999809265137,6.940000057220459,7.0,7.199999809265137,3100.0,5.525829315185547
2016-01-25,6.929999828338623,6.929999828338623,6.929999828338623,6.929999828338623,300.0,5.318610191345215
2016-01-26,7.090000152587891,7.079999923706055,7.090000152587891,7.090000152587891,10400.0,5.441407203674316
2016-01-27,7.239999771118164,7.150000095367432,7.239999771118164,7.150000095367432,1300.0,5.487456321716309
2016-01-28,7.150000095367432,7.150000095367432,7.150000095367432,7.150000095367432,0.0,5.487456321716309
2016-01-29,7.480000019073486,7.369999885559082,7.369999885559082,7.46999979019165,4000.0,5.733049392700195
2016-02-01,7.46999979019165,7.46999979019165,7.46999979019165,7.46999979019165,0.0,5.733049392700195
2016-02-02,7.230000019073486,7.230000019073486,7.230000019073486,7.230000019073486,200.0,5.548853874206543
2016-02-03,7.369999885559082,7.369999885559082,7.369999885559082,7.369999885559082,200.0,5.6563005447387695
2016-02-04,7.369999885559082,7.369999885559082,7.369999885559082,7.369999885559082,0.0,5.6563005447387695
2016-02-05,7.389999866485596,7.389999866485596,7.389999866485596,7.389999866485596,1900.0,5.6716508865356445
2016-02-08,7.21999979019165,7.199999809265137,7.199999809265137,7.21999979019165,300.0,5.541179656982422
2016-02-09,7.150000095367432,6.920000076293945,7.150000095367432,6.920000076293945,2000.0,5.310935974121094
2016-02-10,6.849999904632568,6.849999904632568,6.849999904632568,6.849999904632568,200.0,5.257213115692139
2016-02-11,6.849999904632568,6.800000190734863,6.849999904632568,6.800000190734863,300.0,5.218838691711426
2016-02-12,6.929999828338623,6.760000228881836,6.760000228881836,6.889999866485596,5400.0,5.287911415100098
2016-02-16,7.03000020980835,6.980000019073486,6.980000019073486,7.03000020980835,5200.0,5.395359039306641
2016-02-17,7.03000020980835,7.03000020980835,7.03000020980835,7.03000020980835,0.0,5.395359039306641
2016-02-18,7.03000020980835,7.03000020980835,7.03000020980835,7.03000020980835,0.0,5.395359039306641
2016-02-19,7.03000020980835,7.03000020980835,7.03000020980835,7.03000020980835,0.0,5.395359039306641
2016-02-22,7.449999809265137,7.320000171661377,7.320000171661377,7.429999828338623,2500.0,5.7023491859436035
2016-02-23,7.329999923706055,7.300000190734863,7.329999923706055,7.300000190734863,2100.0,5.6025776863098145
2016-02-24,7.150000095367432,7.150000095367432,7.150000095367432,7.150000095367432,100.0,5.487456321716309
2016-02-25,7.150000095367432,7.150000095367432,7.150000095367432,7.150000095367432,0.0,5.487456321716309
2016-02-26,7.340000152587891,7.340000152587891,7.340000152587891,7.340000152587891,1500.0,5.633276462554932
2016-02-29,7.420000076293945,7.400000095367432,7.420000076293945,7.400000095367432,11200.0,5.679325103759766
2016-03-01,7.5,7.460000038146973,7.5,7.460000038146973,18400.0,5.725373268127441
2016-03-02,7.46999979019165,7.449999809265137,7.46999979019165,7.449999809265137,5200.0,5.717698574066162
2016-03-03,7.610000133514404,7.5,7.5,7.559999942779541,13900.0,5.802122592926025
2016-03-04,7.710000038146973,7.710000038146973,7.710000038146973,7.710000038146973,1000.0,5.917243003845215
2016-03-07,7.800000190734863,7.78000020980835,7.78000020980835,7.789999961853027,8600.0,5.978641033172607
2016-03-08,7.710000038146973,7.670000076293945,7.690000057220459,7.670000076293945,3400.0,5.886543273925781
2016-03-09,7.670000076293945,7.670000076293945,7.670000076293945,7.670000076293945,0.0,5.886543273925781
2016-03-10,7.730000019073486,7.670000076293945,7.730000019073486,7.670000076293945,1900.0,5.886543273925781
2016-03-11,7.800000190734863,7.789999961853027,7.789999961853027,7.800000190734863,22100.0,5.986315727233887
2016-03-14,7.760000228881836,7.760000228881836,7.760000228881836,7.760000228881836,800.0,5.955616474151611
2016-03-15,7.760000228881836,7.760000228881836,7.760000228881836,7.760000228881836,0.0,5.955616474151611
2016-03-16,7.75,7.75,7.75,7.75,200.0,5.947942733764648
2016-03-17,7.929999828338623,7.929999828338623,7.929999828338623,7.929999828338623,50800.0,6.086087703704834
2016-03-18,7.849999904632568,7.789999961853027,7.849999904632568,7.789999961853027,900.0,5.978641033172607
2016-03-21,7.849999904632568,7.75,7.849999904632568,7.75,2400.0,5.947942733764648
2016-03-22,7.860000133514404,7.840000152587891,7.840000152587891,7.860000133514404,2200.0,6.032364845275879
2016-03-23,7.860000133514404,7.679999828338623,7.860000133514404,7.690000057220459,1800.0,5.901893615722656
2016-03-24,7.690000057220459,7.690000057220459,7.690000057220459,7.690000057220459,2200.0,5.901893615722656
2016-03-28,7.690000057220459,7.690000057220459,7.690000057220459,7.690000057220459,0.0,5.901893615722656
2016-03-29,7.690000057220459,7.690000057220459,7.690000057220459,7.690000057220459,0.0,5.979651927947998
2016-03-30,7.690000057220459,7.690000057220459,7.690000057220459,7.690000057220459,0.0,5.979651927947998
2016-03-31,7.699999809265137,7.699999809265137,7.699999809265137,7.699999809265137,200.0,5.987428188323975
2016-04-01,7.699999809265137,7.699999809265137,7.699999809265137,7.699999809265137,0.0,5.987428188323975
2016-04-04,7.699999809265137,7.699999809265137,7.699999809265137,7.699999809265137,0.0,5.987428188323975
2016-04-05,7.460000038146973,7.449999809265137,7.449999809265137,7.449999809265137,13900.0,5.793030261993408
2016-04-06,7.53000020980835,7.53000020980835,7.53000020980835,7.53000020980835,100.0,5.85523796081543
2016-04-07,7.53000020980835,7.53000020980835,7.53000020980835,7.53000020980835,0.0,5.85523796081543
2016-04-08,7.53000020980835,7.53000020980835,7.53000020980835,7.53000020980835,0.0,5.85523796081543
2016-04-11,7.53000020980835,7.53000020980835,7.53000020980835,7.53000020980835,0.0,5.85523796081543
2016-04-12,7.789999961853027,7.769999980926514,7.769999980926514,7.769999980926514,20400.0,6.041858673095703
2016-04-13,7.789999961853027,7.789999961853027,7.789999961853027,7.789999961853027,10100.0,6.057410717010498
2016-04-14,7.789999961853027,7.789999961853027,7.789999961853027,7.789999961853027,0.0,6.057410717010498
2016-04-15,7.789999961853027,7.789999961853027,7.789999961853027,7.789999961853027,0.0,6.057410717010498
2016-04-18,7.840000152587891,7.769999980926514,7.769999980926514,7.840000152587891,1200.0,6.096290588378906
2016-04-19,7.900000095367432,7.889999866485596,7.900000095367432,7.889999866485596,700.0,6.135169982910156
2016-04-20,8.050000190734863,7.96999979019165,7.96999979019165,8.039999961853027,1400.0,6.251808166503906
2016-04-21,8.039999961853027,8.039999961853027,8.039999961853027,8.039999961853027,0.0,6.251808166503906
2016-04-22,8.109999656677246,8.079999923706055,8.079999923706055,8.079999923706055,4300.0,6.282910346984863
2016-04-25,8.0600004196167,8.050000190734863,8.0600004196167,8.050000190734863,5700.0,6.259582996368408
2016-04-26,7.929999828338623,7.929999828338623,7.929999828338623,7.929999828338623,800.0,6.1662726402282715
2016-04-27,8.079999923706055,8.020000457763672,8.020000457763672,8.079999923706055,600.0,6.282910346984863
2016-04-28,8.119999885559082,8.119999885559082,8.119999885559082,8.119999885559082,300.0,6.314013481140137
2016-04-29,8.079999923706055,8.079999923706055,8.079999923706055,8.079999923706055,100.0,6.282910346984863
2016-05-02,8.149999618530273,8.149999618530273,8.149999618530273,8.149999618530273,100.0,6.33734130859375
2016-05-03,7.880000114440918,7.820000171661377,7.849999904632568,7.880000114440918,4400.0,6.12739372253418
2016-05-04,7.880000114440918,7.880000114440918,7.880000114440918,7.880000114440918,0.0,6.12739372253418
2016-05-05,7.909999847412109,7.860000133514404,7.909999847412109,7.860000133514404,900.0,6.111842632293701
2016-05-06,7.739999771118164,7.699999809265137,7.739999771118164,7.699999809265137,3100.0,5.987428188323975
2016-05-09,7.650000095367432,7.570000171661377,7.650000095367432,7.570000171661377,2800.0,5.886341094970703
2016-05-10,7.570000171661377,7.570000171661377,7.570000171661377,7.570000171661377,0.0,5.886341094970703
2016-05-11,7.710000038146973,7.710000038146973,7.710000038146973,7.710000038146973,100.0,5.995203971862793
2016-05-12,7.840000152587891,7.659999847412109,7.840000152587891,7.659999847412109,4000.0,5.956324100494385
2016-05-13,7.659999847412109,7.659999847412109,7.659999847412109,7.659999847412109,0.0,5.956324100494385
2016-05-16,7.809999942779541,7.809999942779541,7.809999942779541,7.809999942779541,2000.0,6.072961330413818
2016-05-17,7.909999847412109,7.849999904632568,7.849999904632568,7.880000114440918,1200.0,6.12739372253418
2016-05-18,7.849999904632568,7.800000190734863,7.849999904632568,7.800000190734863,2100.0,6.065186500549316
2016-05-19,7.800000190734863,7.800000190734863,7.800000190734863,7.800000190734863,0.0,6.065186500549316
2016-05-20,7.800000190734863,7.800000190734863,7.800000190734863,7.800000190734863,0.0,6.065186500549316
2016-05-24,7.909999847412109,7.800000190734863,7.800000190734863,7.869999885559082,20900.0,6.1196184158325195
2016-05-25,7.869999885559082,7.869999885559082,7.869999885559082,7.869999885559082,0.0,6.1196184158325195
2016-05-26,7.869999885559082,7.869999885559082,7.869999885559082,7.869999885559082,0.0,6.1196184158325195
2016-05-27,7.869999885559082,7.869999885559082,7.869999885559082,7.869999885559082,0.0,6.1196184158325195
2016-05-30,7.980000019073486,7.960000038146973,7.960000038146973,7.980000019073486,700.0,6.20515251159668
2016-05-31,7.980000019073486,7.980000019073486,7.980000019073486,7.980000019073486,0.0,6.20515251159668
2016-06-01,8.0600004196167,8.029999732971191,8.029999732971191,8.039999961853027,5500.0,6.251808166503906
2016-06-02,8.069999694824219,8.0600004196167,8.0600004196167,8.069999694824219,3200.0,6.275135040283203
2016-06-03,8.100000381469727,8.100000381469727,8.100000381469727,8.100000381469727,12200.0,6.298463821411133
2016-06-06,8.25,8.119999885559082,8.119999885559082,8.25,17600.0,6.415101528167725
2016-06-07,8.25,8.25,8.25,8.25,0.0,6.415101528167725
2016-06-08,8.300000190734863,8.300000190734863,8.300000190734863,8.300000190734863,1000.0,6.453980445861816
2016-06-09,8.239999771118164,8.239999771118164,8.239999771118164,8.239999771118164,2000.0,6.40732479095459
2016-06-10,8.1899995803833,8.1899995803833,8.1899995803833,8.1899995803833,200.0,6.368445873260498
2016-06-13,8.130000114440918,8.130000114440918,8.130000114440918,8.130000114440918,200.0,6.321791172027588
2016-06-14,8.039999961853027,8.039999961853027,8.039999961853027,8.039999961853027,800.0,6.251808166503906
2016-06-15,8.09000015258789,8.09000015258789,8.09000015258789,8.09000015258789,1000.0,6.290687561035156
2016-06-16,8.029999732971191,8.029999732971191,8.029999732971191,8.029999732971191,300.0,6.244030952453613
2016-06-17,8.010000228881836,8.010000228881836,8.010000228881836,8.010000228881836,5600.0,6.228480339050293
2016-06-20,8.010000228881836,8.010000228881836,8.010000228881836,8.010000228881836,0.0,6.228480339050293
2016-06-21,8.220000267028809,8.220000267028809,8.220000267028809,8.220000267028809,800.0,6.391772747039795
2016-06-22,8.220000267028809,8.220000267028809,8.220000267028809,8.220000267028809,0.0,6.391772747039795
2016-06-23,8.220000267028809,8.220000267028809,8.220000267028809,8.220000267028809,100.0,6.391772747039795
2016-06-24,8.15999984741211,7.949999809265137,8.039999961853027,8.15999984741211,3300.0,6.345118522644043
2016-06-27,7.949999809265137,7.929999828338623,7.949999809265137,7.929999828338623,4000.0,6.1662726402282715
2016-06-28,8.0,7.989999771118164,7.989999771118164,8.0,3300.0,6.297738075256348
2016-06-29,8.1899995803833,8.1899995803833,8.1899995803833,8.1899995803833,700.0,6.4473090171813965
2016-06-30,8.149999618530273,8.149999618530273,8.149999618530273,8.149999618530273,500.0,6.415820121765137
2016-07-04,8.149999618530273,8.149999618530273,8.149999618530273,8.149999618530273,0.0,6.415820121765137
2016-07-05,8.149999618530273,8.149999618530273,8.149999618530273,8.149999618530273,0.0,6.415820121765137
2016-07-06,8.149999618530273,8.149999618530273,8.149999618530273,8.149999618530273,0.0,6.415820121765137
2016-07-07,8.220000267028809,8.220000267028809,8.220000267028809,8.220000267028809,600.0,6.470925331115723
2016-07-08,8.199999809265137,8.199999809265137,8.199999809265137,8.199999809265137,1200.0,6.45518159866333
2016-07-11,8.199999809265137,8.199999809265137,8.199999809265137,8.199999809265137,100.0,6.45518159866333
2016-07-12,8.199999809265137,8.199999809265137,8.199999809265137,8.199999809265137,0.0,6.45518159866333
2016-07-13,8.199999809265137,8.199999809265137,8.199999809265137,8.199999809265137,800.0,6.45518159866333
2016-07-14,8.199999809265137,8.199999809265137,8.199999809265137,8.199999809265137,0.0,6.45518159866333
2016-07-15,8.199999809265137,8.199999809265137,8.199999809265137,8.199999809265137,100.0,6.45518159866333
2016-07-18,8.09000015258789,8.069999694824219,8.069999694824219,8.09000015258789,3100.0,6.368587970733643
2016-07-19,8.09000015258789,8.020000457763672,8.020000457763672,8.079999923706055,1800.0,6.360714435577393
2016-07-20,8.109999656677246,8.039999961853027,8.039999961853027,8.109999656677246,2400.0,6.384332180023193
2016-07-21,8.109999656677246,8.109999656677246,8.109999656677246,8.109999656677246,0.0,6.384332180023193
2016-07-22,8.199999809265137,8.1899995803833,8.1899995803833,8.199999809265137,1700.0,6.45518159866333
2016-07-25,8.109999656677246,8.109999656677246,8.109999656677246,8.109999656677246,200.0,6.384332180023193
2016-07-26,8.180000305175781,8.180000305175781,8.180000305175781,8.180000305175781,800.0,6.439437389373779
2016-07-27,8.140000343322754,8.09000015258789,8.140000343322754,8.119999885559082,7300.0,6.392202854156494
2016-07-28,8.119999885559082,8.119999885559082,8.119999885559082,8.119999885559082,0.0,6.392202854156494
2016-07-29,8.239999771118164,8.239999771118164,8.239999771118164,8.239999771118164,400.0,6.486669540405273
2016-08-02,8.239999771118164,8.239999771118164,8.239999771118164,8.239999771118164,0.0,6.486669540405273
2016-08-03,8.100000381469727,8.100000381469727,8.100000381469727,8.100000381469727,100.0,6.376460552215576
2016-08-04,8.100000381469727,8.100000381469727,8.100000381469727,8.100000381469727,0.0,6.376460552215576
2016-08-05,8.449999809265137,8.449999809265137,8.449999809265137,8.449999809265137,1000.0,6.651986598968506
2016-08-08,8.569999694824219,8.5,8.5,8.569999694824219,1400.0,6.746452331542969
2016-08-09,8.569999694824219,8.569999694824219,8.569999694824219,8.569999694824219,0.0,6.746452331542969
2016-08-10,8.600000381469727,8.600000381469727,8.600000381469727,8.600000381469727,400.0,6.770069122314453
2016-08-11,8.6899995803833,8.6899995803833,8.6899995803833,8.6899995803833,500.0,6.840918064117432
2016-08-12,8.6899995803833,8.6899995803833,8.6899995803833,8.6899995803833,6000.0,6.840918064117432
2016-08-15,8.739999771118164,8.699999809265137,8.699999809265137,8.739999771118164,10000.0,6.880279541015625
2016-08-16,8.680000305175781,8.680000305175781,8.680000305175781,8.680000305175781,300.0,6.833044528961182
2016-08-17,8.649999618530273,8.640000343322754,8.640000343322754,8.640000343322754,2000.0,6.801556587219238
2016-08-18,8.770000457763672,8.770000457763672,8.770000457763672,8.770000457763672,1000.0,6.903894901275635
2016-08-19,8.739999771118164,8.739999771118164,8.739999771118164,8.739999771118164,400.0,6.880279541015625
2016-08-22,8.859999656677246,8.779999732971191,8.779999732971191,8.859999656677246,2000.0,6.9747443199157715
2016-08-23,8.960000038146973,8.930000305175781,8.930000305175781,8.960000038146973,2300.0,7.053466796875
2016-08-24,8.960000038146973,8.960000038146973,8.960000038146973,8.960000038146973,5100.0,7.053466796875
2016-08-25,8.960000038146973,8.960000038146973,8.960000038146973,8.960000038146973,100.0,7.053466796875
2016-08-26,8.960000038146973,8.960000038146973,8.960000038146973,8.960000038146973,0.0,7.053466796875
2016-08-29,8.960000038146973,8.960000038146973,8.960000038146973,8.960000038146973,0.0,7.053466796875
2016-08-30,8.930000305175781,8.90999984741211,8.90999984741211,8.930000305175781,3500.0,7.029850959777832
2016-08-31,8.899999618530273,8.850000381469727,8.850000381469727,8.899999618530273,600.0,7.006234169006348
2016-09-01,8.899999618530273,8.899999618530273,8.899999618530273,8.899999618530273,0.0,7.006234169006348
2016-09-02,9.079999923706055,9.079999923706055,9.079999923706055,9.079999923706055,300.0,7.1479315757751465
2016-09-06,9.050000190734863,9.010000228881836,9.050000190734863,9.010000228881836,300.0,7.092828750610352
2016-09-07,9.039999961853027,9.039999961853027,9.039999961853027,9.039999961853027,1000.0,7.116444110870361
2016-09-08,9.199999809265137,9.1899995803833,9.199999809265137,9.1899995803833,600.0,7.234526634216309
2016-09-09,9.1899995803833,9.100000381469727,9.1899995803833,9.100000381469727,1000.0,7.1636762619018555
2016-09-12,9.0,9.0,9.0,9.0,900.0,7.084954738616943
2016-09-13,9.0,9.0,9.0,9.0,0.0,7.084954738616943
2016-09-14,8.829999923706055,8.699999809265137,8.699999809265137,8.829999923706055,500.0,6.951128005981445
2016-09-15,8.829999923706055,8.829999923706055,8.829999923706055,8.829999923706055,0.0,6.951128005981445
2016-09-16,8.930000305175781,8.920000076293945,8.920000076293945,8.930000305175781,700.0,7.029850959777832
2016-09-19,8.970000267028809,8.9399995803833,8.9399995803833,8.970000267028809,400.0,7.061338901519775
2016-09-20,8.970000267028809,8.970000267028809,8.970000267028809,8.970000267028809,0.0,7.061338901519775
2016-09-21,8.970000267028809,8.970000267028809,8.970000267028809,8.970000267028809,0.0,7.061338901519775
2016-09-22,9.149999618530273,9.149999618530273,9.149999618530273,9.149999618530273,300.0,7.203039169311523
2016-09-23,9.100000381469727,9.09000015258789,9.100000381469727,9.09000015258789,2500.0,7.155804634094238
2016-09-26,9.1899995803833,9.079999923706055,9.1899995803833,9.079999923706055,700.0,7.1479315757751465
2016-09-27,9.0,9.0,9.0,9.0,400.0,7.084954738616943
2016-09-28,9.0,8.829999923706055,8.829999923706055,9.0,1600.0,7.1605377197265625
2016-09-29,9.229999542236328,9.199999809265137,9.229999542236328,9.220000267028809,2000.0,7.335575103759766
2016-09-30,9.220000267028809,9.220000267028809,9.220000267028809,9.220000267028809,0.0,7.335575103759766
2016-10-03,9.220000267028809,9.210000038146973,9.220000267028809,9.210000038146973,2500.0,7.327617168426514
2016-10-04,9.149999618530273,9.149999618530273,9.149999618530273,9.149999618530273,2500.0,7.279881477355957
2016-10-05,9.239999771118164,9.100000381469727,9.100000381469727,9.239999771118164,2200.0,7.351485729217529
2016-10-06,9.279999732971191,9.260000228881836,9.260000228881836,9.279999732971191,500.0,7.383309364318848
2016-10-07,9.279999732971191,9.279999732971191,9.279999732971191,9.279999732971191,0.0,7.383309364318848
2016-10-11,9.270000457763672,9.270000457763672,9.270000457763672,9.270000457763672,1200.0,7.375355243682861
2016-10-12,9.239999771118164,9.199999809265137,9.199999809265137,9.239999771118164,700.0,7.351485729217529
2016-10-13,9.239999771118164,9.239999771118164,9.239999771118164,9.239999771118164,100.0,7.351485729217529
2016-10-14,9.300000190734863,9.270000457763672,9.300000190734863,9.270000457763672,600.0,7.375355243682861
2016-10-17,9.3100004196167,9.220000267028809,9.3100004196167,9.220000267028809,3000.0,7.335575103759766
2016-10-18,9.180000305175781,9.180000305175781,9.180000305175781,9.180000305175781,300.0,7.3037495613098145
2016-10-19,9.390000343322754,9.390000343322754,9.390000343322754,9.390000343322754,200.0,7.470829963684082
2016-10-20,9.460000038146973,9.460000038146973,9.460000038146973,9.460000038146973,500.0,7.526522636413574
2016-10-21,9.579999923706055,9.5,9.5,9.579999923706055,800.0,7.621995449066162
2016-10-24,9.649999618530273,9.555000305175781,9.649999618530273,9.555000305175781,1600.0,7.602105617523193
2016-10-25,9.630000114440918,9.550000190734863,9.630000114440918,9.550000190734863,3800.0,7.598128795623779
2016-10-26,9.359999656677246,9.359999656677246,9.359999656677246,9.359999656677246,100.0,7.446959972381592
2016-10-27,9.40999984741211,9.40999984741211,9.40999984741211,9.40999984741211,300.0,7.486741065979004
2016-10-28,9.350000381469727,9.350000381469727,9.350000381469727,9.350000381469727,100.0,7.439004898071289
2016-10-31,9.279999732971191,9.260000228881836,9.279999732971191,9.270000457763672,400.0,7.375355243682861
2016-11-01,9.270000457763672,9.270000457763672,9.270000457763672,9.270000457763672,0.0,7.375355243682861
2016-11-02,9.010000228881836,9.010000228881836,9.010000228881836,9.010000228881836,1600.0,7.168496131896973
2016-11-03,8.960000038146973,8.960000038146973,8.960000038146973,8.960000038146973,500.0,7.1287126541137695
2016-11-04,8.960000038146973,8.960000038146973,8.960000038146973,8.960000038146973,0.0,7.1287126541137695
2016-11-07,8.960000038146973,8.960000038146973,8.960000038146973,8.960000038146973,0.0,7.1287126541137695
2016-11-08,8.960000038146973,8.960000038146973,8.960000038146973,8.960000038146973,0.0,7.1287126541137695
2016-11-09,9.020000457763672,9.020000457763672,9.020000457763672,9.020000457763672,300.0,7.17645263671875
2016-11-10,9.050000190734863,9.050000190734863,9.050000190734863,9.050000190734863,2700.0,7.200318813323975
2016-11-11,9.140000343322754,8.880000114440918,9.140000343322754,8.880000114440918,1300.0,7.065064430236816
2016-11-14,8.890000343322754,8.859999656677246,8.890000343322754,8.869999885559082,2200.0,7.057107925415039
2016-11-15,9.069999694824219,9.050000190734863,9.050000190734863,9.069999694824219,6600.0,7.2162322998046875
2016-11-16,9.079999923706055,8.970000267028809,8.970000267028809,9.079999923706055,1500.0,7.22418737411499
2016-11-17,9.180000305175781,9.170000076293945,9.170000076293945,9.180000305175781,2800.0,7.3037495613098145
2016-11-18,9.180000305175781,9.180000305175781,9.180000305175781,9.180000305175781,100.0,7.3037495613098145
2016-11-21,9.180000305175781,9.180000305175781,9.180000305175781,9.180000305175781,0.0,7.3037495613098145
2016-11-22,9.180000305175781,9.180000305175781,9.180000305175781,9.180000305175781,0.0,7.3037495613098145
2016-11-23,9.180000305175781,9.180000305175781,9.180000305175781,9.180000305175781,0.0,7.3037495613098145
2016-11-24,9.180000305175781,9.180000305175781,9.180000305175781,9.180000305175781,0.0,7.3037495613098145
2016-11-25,9.270000457763672,9.270000457763672,9.270000457763672,9.270000457763672,100.0,7.375355243682861
2016-11-28,9.260000228881836,9.260000228881836,9.260000228881836,9.260000228881836,1300.0,7.367399215698242
2016-11-29,9.180000305175781,9.079999923706055,9.180000305175781,9.079999923706055,500.0,7.22418737411499
2016-11-30,9.390000343322754,9.390000343322754,9.390000343322754,9.390000343322754,1300.0,7.470829963684082
2016-12-01,9.399999618530273,9.390000343322754,9.390000343322754,9.399999618530273,3300.0,7.478783130645752
2016-12-02,9.359999656677246,9.359999656677246,9.359999656677246,9.359999656677246,3500.0,7.446959972381592
2016-12-05,9.390000343322754,9.390000343322754,9.390000343322754,9.390000343322754,200.0,7.470829963684082
2016-12-06,9.449999809265137,9.359999656677246,9.449999809265137,9.359999656677246,4200.0,7.446959972381592
2016-12-07,9.479999542236328,9.470000267028809,9.479999542236328,9.470000267028809,1200.0,7.534480094909668
2016-12-08,9.470000267028809,9.470000267028809,9.470000267028809,9.470000267028809,400.0,7.534480094909668
2016-12-09,9.460000038146973,9.460000038146973,9.460000038146973,9.460000038146973,400.0,7.526522636413574
2016-12-12,9.449999809265137,9.449999809265137,9.449999809265137,9.449999809265137,200.0,7.518566608428955
2016-12-13,9.449999809265137,9.449999809265137,9.449999809265137,9.449999809265137,0.0,7.518566608428955
2016-12-14,9.550000190734863,9.5,9.550000190734863,9.5,700.0,7.558344841003418
2016-12-15,9.550000190734863,9.510000228881836,9.510000228881836,9.550000190734863,200.0,7.598128795623779
2016-12-16,9.600000381469727,9.600000381469727,9.600000381469727,9.600000381469727,2600.0,7.637908458709717
2016-12-19,9.6899995803833,9.680000305175781,9.6899995803833,9.6899995803833,2800.0,7.709513187408447
2016-12-20,9.6899995803833,9.6899995803833,9.6899995803833,9.6899995803833,300.0,7.709513187408447
2016-12-21,9.75,9.75,9.75,9.75,2300.0,7.7572526931762695
2016-12-22,9.779999732971191,9.770000457763672,9.770000457763672,9.779999732971191,2200.0,7.781117916107178
2016-12-23,9.770000457763672,9.739999771118164,9.770000457763672,9.739999771118164,600.0,7.749294281005859
2016-12-28,9.789999961853027,9.670000076293945,9.789999961853027,9.680000305175781,5300.0,7.776608467102051
2016-12-29,9.680000305175781,9.680000305175781,9.680000305175781,9.680000305175781,0.0,7.776608467102051
2016-12-30,9.680000305175781,9.680000305175781,9.680000305175781,9.680000305175781,0.0,7.776608467102051
2017-01-03,9.680000305175781,9.680000305175781,9.680000305175781,9.680000305175781,0.0,7.776608467102051
2017-01-04,9.770000457763672,9.75,9.75,9.770000457763672,3700.0,7.848912715911865
2017-01-05,9.789999961853027,9.789999961853027,9.789999961853027,9.789999961853027,400.0,7.8649821281433105
2017-01-06,9.720000267028809,9.720000267028809,9.720000267028809,9.720000267028809,400.0,7.80874490737915
2017-01-09,9.720000267028809,9.720000267028809,9.720000267028809,9.720000267028809,100.0,7.80874490737915
2017-01-10,9.600000381469727,9.600000381469727,9.600000381469727,9.600000381469727,5600.0,7.712340354919434
2017-01-11,9.649999618530273,9.640000343322754,9.649999618530273,9.640000343322754,200.0,7.744475364685059
2017-01-12,9.640000343322754,9.640000343322754,9.640000343322754,9.640000343322754,100.0,7.744475364685059
2017-01-13,9.600000381469727,9.600000381469727,9.600000381469727,9.600000381469727,1000.0,7.712340354919434
2017-01-16,9.600000381469727,9.600000381469727,9.600000381469727,9.600000381469727,100.0,7.712340354919434
2017-01-17,9.619999885559082,9.550000190734863,9.550000190734863,9.619999885559082,4400.0,7.7284064292907715
2017-01-18,9.729999542236328,9.619999885559082,9.729999542236328,9.630000114440918,1400.0,7.736443042755127
2017-01-19,9.630000114440918,9.630000114440918,9.630000114440918,9.630000114440918,100.0,7.736443042755127
2017-01-20,9.670000076293945,9.670000076293945,9.670000076293945,9.670000076293945,300.0,7.7685747146606445
2017-01-23,9.649999618530273,9.579999923706055,9.649999618530273,9.579999923706055,500.0,7.696271896362305
2017-01-24,9.770000457763672,9.640000343322754,9.640000343322754,9.770000457763672,4200.0,7.848912715911865
2017-01-25,9.819999694824219,9.800000190734863,9.819999694824219,9.800000190734863,1400.0,7.8730149269104
2017-01-26,9.800000190734863,9.800000190734863,9.800000190734863,9.800000190734863,100.0,7.8730149269104
2017-01-27,9.65999984741211,9.640000343322754,9.640000343322754,9.65999984741211,200.0,7.7605414390563965
2017-01-30,9.600000381469727,9.600000381469727,9.600000381469727,9.600000381469727,5100.0,7.712340354919434
2017-01-31,9.520000457763672,9.5,9.520000457763672,9.5,600.0,7.6320013999938965
2017-02-01,9.5,9.5,9.5,9.5,600.0,7.6320013999938965
2017-02-02,9.520000457763672,9.520000457763672,9.520000457763672,9.520000457763672,600.0,7.648070812225342
2017-02-03,9.520000457763672,9.520000457763672,9.520000457763672,9.520000457763672,0.0,7.648070812225342
2017-02-06,9.520000457763672,9.520000457763672,9.520000457763672,9.520000457763672,0.0,7.648070812225342
2017-02-07,9.5,9.449999809265137,9.5,9.449999809265137,1200.0,7.591835021972656
2017-02-08,9.420000076293945,9.25,9.25,9.420000076293945,14500.0,7.567731857299805
2017-02-09,9.479999542236328,9.449999809265137,9.479999542236328,9.449999809265137,4100.0,7.591835021972656
2017-02-10,9.449999809265137,9.449999809265137,9.449999809265137,9.449999809265137,0.0,7.591835021972656
2017-02-13,9.529999732971191,9.529999732971191,9.529999732971191,9.529999732971191,1000.0,7.656103610992432
2017-02-14,9.579999923706055,9.529999732971191,9.529999732971191,9.579999923706055,1400.0,7.696271896362305
2017-02-15,9.609999656677246,9.609999656677246,9.609999656677246,9.609999656677246,1600.0,7.720373630523682
2017-02-16,9.670000076293945,9.619999885559082,9.619999885559082,9.670000076293945,72600.0,7.7685747146606445
2017-02-17,9.619999885559082,9.619999885559082,9.619999885559082,9.619999885559082,1400.0,7.7284064292907715
2017-02-21,9.760000228881836,9.720000267028809,9.720000267028809,9.739999771118164,400.0,7.8248114585876465
2017-02-22,9.739999771118164,9.739999771118164,9.739999771118164,9.739999771118164,0.0,7.8248114585876465
2017-02-23,9.680000305175781,9.680000305175781,9.680000305175781,9.680000305175781,2500.0,7.776608467102051
2017-02-24,9.510000228881836,9.460000038146973,9.510000228881836,9.460000038146973,1800.0,7.599869251251221
2017-02-27,9.539999961853027,9.4399995803833,9.539999961853027,9.4399995803833,2300.0,7.583800792694092
2017-02-28,9.460000038146973,9.449999809265137,9.460000038146973,9.449999809265137,1400.0,7.591835021972656
2017-03-01,9.449999809265137,9.449999809265137,9.449999809265137,9.449999809265137,0.0,7.591835021972656
2017-03-02,9.449999809265137,9.449999809265137,9.449999809265137,9.449999809265137,0.0,7.591835021972656
2017-03-03,9.550000190734863,9.550000190734863,9.550000190734863,9.550000190734863,200.0,7.672172546386719
2017-03-06,9.579999923706055,9.579999923706055,9.579999923706055,9.579999923706055,100.0,7.696271896362305
2017-03-07,9.579999923706055,9.579999923706055,9.579999923706055,9.579999923706055,100.0,7.696271896362305
2017-03-08,9.479999542236328,9.470000267028809,9.479999542236328,9.470000267028809,1000.0,7.607903003692627
2017-03-09,9.520000457763672,9.5,9.5,9.520000457763672,300.0,7.648070812225342
2017-03-10,9.59000015258789,9.59000015258789,9.59000015258789,9.59000015258789,100.0,7.704305171966553
2017-03-13,9.710000038146973,9.680000305175781,9.710000038146973,9.680000305175781,4500.0,7.776608467102051
2017-03-14,9.609999656677246,9.609999656677246,9.609999656677246,9.609999656677246,200.0,7.720373630523682
2017-03-15,9.680000305175781,9.670000076293945,9.680000305175781,9.670000076293945,400.0,7.7685747146606445
2017-03-16,9.75,9.75,9.75,9.75,1000.0,7.832846641540527
2017-03-17,9.770000457763672,9.6899995803833,9.6899995803833,9.760000228881836,3200.0,7.840877532958984
2017-03-20,9.720000267028809,9.720000267028809,9.720000267028809,9.720000267028809,100.0,7.80874490737915
2017-03-21,9.65999984741211,9.619999885559082,9.65999984741211,9.619999885559082,1600.0,7.7284064292907715
2017-03-22,9.569999694824219,9.5600004196167,9.569999694824219,9.5600004196167,2500.0,7.680206775665283
2017-03-23,9.729999542236328,9.649999618530273,9.649999618530273,9.729999542236328,400.0,7.816775798797607
2017-03-24,9.729999542236328,9.649999618530273,9.649999618530273,9.729999542236328,1000.0,7.816775798797607
2017-03-27,9.779999732971191,9.649999618530273,9.649999618530273,9.779999732971191,1100.0,7.856945514678955
2017-03-28,9.850000381469727,9.800000190734863,9.800000190734863,9.84000015258789,700.0,7.905147552490234
2017-03-29,9.779999732971191,9.739999771118164,9.739999771118164,9.779999732971191,1100.0,7.936798572540283
2017-03-30,9.8100004196167,9.789999961853027,9.789999961853027,9.8100004196167,600.0,7.961142539978027
2017-03-31,9.75,9.75,9.75,9.75,200.0,7.912454128265381
2017-04-03,9.84000015258789,9.699999809265137,9.84000015258789,9.729999542236328,1200.0,7.896220684051514
2017-04-04,9.850000381469727,9.699999809265137,9.699999809265137,9.850000381469727,1000.0,7.99360466003418
2017-04-05,9.920000076293945,9.760000228881836,9.760000228881836,9.859999656677246,1900.0,8.001720428466797
2017-04-06,9.84000015258789,9.84000015258789,9.84000015258789,9.84000015258789,400.0,7.985490798950195
2017-04-07,9.930000305175781,9.920000076293945,9.920000076293945,9.930000305175781,500.0,8.0585298538208
2017-04-10,10.020000457763672,9.949999809265137,9.949999809265137,10.020000457763672,2700.0,8.131566047668457
2017-04-11,10.039999961853027,10.010000228881836,10.039999961853027,10.010000228881836,600.0,8.12345027923584
2017-04-12,10.010000228881836,10.010000228881836,10.010000228881836,10.010000228881836,100.0,8.12345027923584
2017-04-13,10.029999732971191,9.930000305175781,10.029999732971191,9.930000305175781,200.0,8.0585298538208
2017-04-17,10.010000228881836,10.010000228881836,10.010000228881836,10.010000228881836,1500.0,8.12345027923584
2017-04-18,10.010000228881836,10.010000228881836,10.010000228881836,10.010000228881836,0.0,8.12345027923584
2017-04-19,10.010000228881836,10.010000228881836,10.010000228881836,10.010000228881836,100.0,8.12345027923584
2017-04-20,9.890000343322754,9.890000343322754,9.890000343322754,9.890000343322754,400.0,8.026065826416016
2017-04-21,9.890000343322754,9.880000114440918,9.890000343322754,9.880000114440918,300.0,8.017951011657715
2017-04-24,9.90999984741211,9.90999984741211,9.90999984741211,9.90999984741211,100.0,8.04229736328125
2017-04-25,9.890000343322754,9.890000343322754,9.890000343322754,9.890000343322754,300.0,8.026065826416016
2017-04-26,9.869999885559082,9.850000381469727,9.869999885559082,9.850000381469727,1600.0,7.99360466003418
2017-04-27,9.649999618530273,9.649999618530273,9.649999618530273,9.649999618530273,100.0,7.831296443939209
2017-04-28,9.710000038146973,9.710000038146973,9.710000038146973,9.710000038146973,200.0,7.879990100860596
2017-05-01,9.859999656677246,9.859999656677246,9.859999656677246,9.859999656677246,400.0,8.001720428466797
2017-05-02,9.859999656677246,9.859999656677246,9.859999656677246,9.859999656677246,100.0,8.001720428466797
2017-05-03,9.859999656677246,9.859999656677246,9.859999656677246,9.859999656677246,0.0,8.001720428466797
2017-05-04,9.930000305175781,9.75,9.930000305175781,9.75,1300.0,7.912454128265381
2017-05-05,9.75,9.75,9.75,9.75,0.0,7.912454128265381
2017-05-08,9.850000381469727,9.850000381469727,9.850000381469727,9.850000381469727,900.0,7.99360466003418
2017-05-09,9.869999885559082,9.869999885559082,9.869999885559082,9.869999885559082,300.0,8.009835243225098
2017-05-10,9.949999809265137,9.949999809265137,9.949999809265137,9.949999809265137,100.0,8.074758529663086
2017-05-11,9.949999809265137,9.949999809265137,9.949999809265137,9.949999809265137,100.0,8.074758529663086
2017-05-12,9.859999656677246,9.819999694824219,9.859999656677246,9.819999694824219,900.0,7.9692583084106445
2017-05-15,9.869999885559082,9.869999885559082,9.869999885559082,9.869999885559082,400.0,8.009835243225098
2017-05-16,9.920000076293945,9.84000015258789,9.920000076293945,9.84000015258789,600.0,7.985490798950195
2017-05-17,9.680000305175781,9.670000076293945,9.680000305175781,9.670000076293945,200.0,7.84752893447876
2017-05-18,9.649999618530273,9.600000381469727,9.600000381469727,9.649999618530273,800.0,7.831296443939209
2017-05-19,9.649999618530273,9.649999618530273,9.649999618530273,9.649999618530273,0.0,7.831296443939209
2017-05-23,9.869999885559082,9.869999885559082,9.869999885559082,9.869999885559082,200.0,8.009835243225098
2017-05-24,9.869999885559082,9.869999885559082,9.869999885559082,9.869999885559082,0.0,8.009835243225098
2017-05-25,9.869999885559082,9.869999885559082,9.869999885559082,9.869999885559082,0.0,8.009835243225098
2017-05-26,9.869999885559082,9.869999885559082,9.869999885559082,9.869999885559082,0.0,8.009835243225098
2017-05-29,9.869999885559082,9.869999885559082,9.869999885559082,9.869999885559082,0.0,8.009835243225098
2017-05-30,9.609999656677246,9.529999732971191,9.600000381469727,9.529999732971191,6700.0,7.733913421630859
2017-05-31,9.5,9.5,9.5,9.5,100.0,7.709568023681641
2017-06-01,9.649999618530273,9.619999885559082,9.649999618530273,9.640000343322754,5000.0,7.823184013366699
2017-06-02,9.600000381469727,9.600000381469727,9.600000381469727,9.600000381469727,100.0,7.7907233238220215
2017-06-05,9.579999923706055,9.529999732971191,9.579999923706055,9.529999732971191,2500.0,7.733913421630859
2017-06-06,9.579999923706055,9.579999923706055,9.579999923706055,9.579999923706055,100.0,7.774491786956787
2017-06-07,9.569999694824219,9.5600004196167,9.569999694824219,9.5600004196167,300.0,7.758262634277344
2017-06-08,9.550000190734863,9.550000190734863,9.550000190734863,9.550000190734863,100.0,7.75014591217041
2017-06-09,9.579999923706055,9.579999923706055,9.579999923706055,9.579999923706055,18000.0,7.774491786956787
2017-06-12,9.670000076293945,9.670000076293945,9.670000076293945,9.670000076293945,1200.0,7.84752893447876
2017-06-13,9.670000076293945,9.670000076293945,9.670000076293945,9.670000076293945,0.0,7.84752893447876
2017-06-14,9.670000076293945,9.670000076293945,9.670000076293945,9.670000076293945,0.0,7.84752893447876
2017-06-15,9.670000076293945,9.670000076293945,9.670000076293945,9.670000076293945,0.0,7.84752893447876
2017-06-16,9.520000457763672,9.520000457763672,9.520000457763672,9.520000457763672,100.0,7.725799083709717
2017-06-19,9.520000457763672,9.520000457763672,9.520000457763672,9.520000457763672,0.0,7.725799083709717
2017-06-20,9.399999618530273,9.399999618530273,9.399999618530273,9.399999618530273,4100.0,7.628414154052734
2017-06-21,9.4399995803833,9.430000305175781,9.4399995803833,9.430000305175781,7700.0,7.6527605056762695
2017-06-22,9.420000076293945,9.359999656677246,9.359999656677246,9.390000343322754,600.0,7.62030029296875
2017-06-23,9.5,9.5,9.5,9.5,700.0,7.709568023681641
2017-06-26,9.529999732971191,9.479999542236328,9.529999732971191,9.479999542236328,1000.0,7.693337440490723
2017-06-27,9.479999542236328,9.479999542236328,9.479999542236328,9.479999542236328,0.0,7.693337440490723
2017-06-28,9.479999542236328,9.479999542236328,9.479999542236328,9.479999542236328,0.0,7.7745256423950195
2017-06-29,9.5,9.5,9.5,9.5,2000.0,7.790928363800049
2017-06-30,9.4399995803833,9.4399995803833,9.4399995803833,9.4399995803833,600.0,7.74172306060791
2017-07-04,9.4399995803833,9.4399995803833,9.4399995803833,9.4399995803833,0.0,7.74172306060791
2017-07-05,9.4399995803833,9.4399995803833,9.4399995803833,9.4399995803833,0.0,7.74172306060791
2017-07-06,9.4399995803833,9.4399995803833,9.4399995803833,9.4399995803833,0.0,7.74172306060791
2017-07-07,9.329999923706055,9.220000267028809,9.329999923706055,9.279999732971191,6200.0,7.610507011413574
2017-07-10,9.329999923706055,9.329999923706055,9.329999923706055,9.329999923706055,700.0,7.65151309967041
2017-07-11,9.329999923706055,9.329999923706055,9.329999923706055,9.329999923706055,2400.0,7.65151309967041
2017-07-12,9.399999618530273,9.399999618530273,9.399999618530273,9.399999618530273,100.0,7.708918571472168
2017-07-13,9.399999618530273,9.399999618530273,9.399999618530273,9.399999618530273,100.0,7.708918571472168
2017-07-14,9.399999618530273,9.399999618530273,9.399999618530273,9.399999618530273,0.0,7.708918571472168
2017-07-17,9.399999618530273,9.399999618530273,9.399999618530273,9.399999618530273,0.0,7.708918571472168
2017-07-18,9.399999618530273,9.399999618530273,9.399999618530273,9.399999618530273,0.0,7.708918571472168
2017-07-19,9.449999809265137,9.449999809265137,9.449999809265137,9.449999809265137,12500.0,7.749924182891846
2017-07-20,9.479999542236328,9.460000038146973,9.460000038146973,9.479999542236328,700.0,7.7745256423950195
2017-07-21,9.390000343322754,9.390000343322754,9.390000343322754,9.390000343322754,400.0,7.70072078704834
2017-07-24,9.390000343322754,9.390000343322754,9.390000343322754,9.390000343322754,0.0,7.70072078704834
2017-07-25,9.420000076293945,9.420000076293945,9.420000076293945,9.420000076293945,100.0,7.725320816040039
2017-07-26,9.449999809265137,9.449999809265137,9.449999809265137,9.449999809265137,100.0,7.749924182891846
2017-07-27,9.449999809265137,9.399999618530273,9.449999809265137,9.399999618530273,1200.0,7.708918571472168
2017-07-28,9.380000114440918,9.380000114440918,9.380000114440918,9.380000114440918,100.0,7.6925177574157715
2017-07-31,9.260000228881836,9.260000228881836,9.260000228881836,9.260000228881836,1000.0,7.594106674194336
2017-08-01,9.260000228881836,9.260000228881836,9.260000228881836,9.260000228881836,100.0,7.594106674194336
2017-08-02,9.380000114440918,9.380000114440918,9.380000114440918,9.380000114440918,500.0,7.6925177574157715
2017-08-03,9.359999656677246,9.300000190734863,9.359999656677246,9.300000190734863,1200.0,7.6269097328186035
2017-08-04,9.300000190734863,9.300000190734863,9.300000190734863,9.300000190734863,0.0,7.6269097328186035
2017-08-08,9.25,9.15999984741211,9.25,9.15999984741211,1000.0,7.512095928192139
2017-08-09,9.130000114440918,9.119999885559082,9.130000114440918,9.119999885559082,200.0,7.479291915893555
2017-08-10,9.039999961853027,9.0,9.039999961853027,9.0,2300.0,7.380878925323486
2017-08-11,9.0,9.0,9.0,9.0,0.0,7.380878925323486
2017-08-14,9.010000228881836,9.0,9.010000228881836,9.0,1600.0,7.380878925323486
2017-08-15,9.0,9.0,9.0,9.0,0.0,7.380878925323486
2017-08-16,9.0,9.0,9.0,9.0,0.0,7.380878925323486
2017-08-17,9.0,9.0,9.0,9.0,0.0,7.380878925323486
2017-08-18,9.0,9.0,9.0,9.0,0.0,7.380878925323486
2017-08-21,8.859999656677246,8.770000457763672,8.859999656677246,8.770000457763672,1400.0,7.192258834838867
2017-08-22,8.770000457763672,8.770000457763672,8.770000457763672,8.770000457763672,0.0,7.192258834838867
2017-08-23,8.9399995803833,8.899999618530273,8.899999618530273,8.9399995803833,3400.0,7.3316755294799805
2017-08-24,8.970000267028809,8.920000076293945,8.970000267028809,8.920000076293945,2900.0,7.315271377563477
2017-08-25,8.949999809265137,8.949999809265137,8.949999809265137,8.949999809265137,300.0,7.339874744415283
2017-08-28,8.90999984741211,8.859999656677246,8.90999984741211,8.859999656677246,600.0,7.266066074371338
2017-08-29,8.84000015258789,8.84000015258789,8.84000015258789,8.84000015258789,5600.0,7.249665260314941
2017-08-30,8.890000343322754,8.890000343322754,8.890000343322754,8.890000343322754,1000.0,7.290669918060303
2017-08-31,8.960000038146973,8.960000038146973,8.960000038146973,8.960000038146973,1200.0,7.348075866699219
2017-09-01,8.960000038146973,8.960000038146973,8.960000038146973,8.960000038146973,0.0,7.348075866699219
2017-09-05,8.989999771118164,8.899999618530273,8.989999771118164,8.899999618530273,2000.0,7.29887056350708
2017-09-06,8.899999618530273,8.899999618530273,8.899999618530273,8.899999618530273,0.0,7.29887056350708
2017-09-07,8.989999771118164,8.970000267028809,8.989999771118164,8.970000267028809,800.0,7.356278896331787
2017-09-08,8.9399995803833,8.930000305175781,8.9399995803833,8.930000305175781,400.0,7.32347297668457
2017-09-11,8.960000038146973,8.960000038146973,8.960000038146973,8.960000038146973,1200.0,7.348075866699219
2017-09-12,9.0,9.0,9.0,9.0,100.0,7.380878925323486
2017-09-13,9.149999618530273,9.149999618530273,9.149999618530273,9.149999618530273,800.0,7.503894329071045
2017-09-14,9.15999984741211,9.15999984741211,9.15999984741211,9.15999984741211,2800.0,7.512095928192139
2017-09-15,9.199999809265137,9.140000343322754,9.199999809265137,9.1899995803833,3700.0,7.536699295043945
2017-09-18,9.1899995803833,9.1899995803833,9.1899995803833,9.1899995803833,500.0,7.536699295043945
2017-09-19,9.15999984741211,9.15999984741211,9.15999984741211,9.15999984741211,200.0,7.512095928192139
2017-09-20,9.279999732971191,9.25,9.25,9.279999732971191,300.0,7.610507011413574
2017-09-21,9.359999656677246,9.350000381469727,9.359999656677246,9.350000381469727,500.0,7.667914390563965
2017-09-22,9.350000381469727,9.350000381469727,9.350000381469727,9.350000381469727,0.0,7.667914390563965
2017-09-25,9.529999732971191,9.5,9.5,9.529999732971191,900.0,7.815530776977539
2017-09-26,9.510000228881836,9.489999771118164,9.510000228881836,9.5,2300.0,7.790928363800049
2017-09-27,9.460000038146973,9.460000038146973,9.460000038146973,9.460000038146973,100.0,7.758125305175781
2017-09-28,9.40999984741211,9.380000114440918,9.380000114440918,9.40999984741211,2000.0,7.799569606781006
2017-09-29,9.4399995803833,9.40999984741211,9.4399995803833,9.40999984741211,1600.0,7.799569606781006
2017-10-02,9.34000015258789,9.34000015258789,9.34000015258789,9.34000015258789,800.0,7.741548538208008
2017-10-03,9.390000343322754,9.390000343322754,9.390000343322754,9.390000343322754,300.0,7.782993316650391
2017-10-04,9.399999618530273,9.399999618530273,9.399999618530273,9.399999618530273,1700.0,7.79127836227417
2017-10-05,9.390000343322754,9.34000015258789,9.34000015258789,9.390000343322754,1400.0,7.782993316650391
2017-10-06,9.390000343322754,9.390000343322754,9.390000343322754,9.390000343322754,0.0,7.782993316650391
2017-10-10,9.329999923706055,9.329999923706055,9.329999923706055,9.329999923706055,500.0,7.733259677886963
2017-10-11,9.430000305175781,9.430000305175781,9.430000305175781,9.430000305175781,1100.0,7.816144943237305
2017-10-12,9.390000343322754,9.350000381469727,9.390000343322754,9.359999656677246,900.0,7.758124828338623
2017-10-13,9.390000343322754,9.390000343322754,9.390000343322754,9.390000343322754,100.0,7.782993316650391
2017-10-16,9.359999656677246,9.359999656677246,9.359999656677246,9.359999656677246,2000.0,7.758124828338623
2017-10-17,9.390000343322754,9.350000381469727,9.390000343322754,9.350000381469727,1200.0,7.7498369216918945
2017-10-18,9.300000190734863,9.220000267028809,9.300000190734863,9.220000267028809,500.0,7.642086505889893
2017-10-19,9.180000305175781,9.170000076293945,9.170000076293945,9.170000076293945,3700.0,7.600642681121826
2017-10-20,9.149999618530273,9.140000343322754,9.149999618530273,9.140000343322754,1300.0,7.575775623321533
2017-10-23,9.130000114440918,9.119999885559082,9.119999885559082,9.119999885559082,7500.0,7.559199333190918
2017-10-24,9.119999885559082,9.109999656677246,9.109999656677246,9.119999885559082,300.0,7.559199333190918
2017-10-25,9.069999694824219,8.989999771118164,9.069999694824219,8.989999771118164,900.0,7.451447486877441
2017-10-26,8.989999771118164,8.989999771118164,8.989999771118164,8.989999771118164,0.0,7.451447486877441
2017-10-27,9.170000076293945,9.069999694824219,9.069999694824219,9.170000076293945,2100.0,7.600642681121826
2017-10-30,9.270000457763672,9.170000076293945,9.170000076293945,9.270000457763672,1500.0,7.683529376983643
2017-10-31,9.319999694824219,9.279999732971191,9.279999732971191,9.319999694824219,1000.0,7.724969863891602
2017-11-01,9.40999984741211,9.350000381469727,9.40999984741211,9.350000381469727,2000.0,7.7498369216918945
2017-11-02,9.300000190734863,9.199999809265137,9.300000190734863,9.229999542236328,7600.0,7.650373458862305
2017-11-03,9.210000038146973,9.170000076293945,9.210000038146973,9.170000076293945,2100.0,7.600642681121826
2017-11-06,9.260000228881836,9.199999809265137,9.220000267028809,9.210000038146973,9500.0,7.633796691894531
2017-11-07,9.239999771118164,9.210000038146973,9.239999771118164,9.210000038146973,1000.0,7.633796691894531
2017-11-08,9.170000076293945,9.170000076293945,9.170000076293945,9.170000076293945,300.0,7.600642681121826
2017-11-09,9.140000343322754,9.130000114440918,9.140000343322754,9.130000114440918,500.0,7.567487716674805
2017-11-10,9.085000038146973,9.020000457763672,9.085000038146973,9.020000457763672,4400.0,7.476314544677734
2017-11-13,9.039999961853027,8.970000267028809,9.039999961853027,8.970000267028809,1800.0,7.434871196746826
2017-11-14,8.9399995803833,8.920000076293945,8.9399995803833,8.920000076293945,9400.0,7.393426418304443
2017-11-15,8.890000343322754,8.84000015258789,8.880000114440918,8.880000114440918,10400.0,7.3602728843688965
2017-11-16,8.899999618530273,8.869999885559082,8.899999618530273,8.880000114440918,4200.0,7.3602728843688965
2017-11-17,8.914999961853027,8.880000114440918,8.914999961853027,8.90999984741211,2500.0,7.385138988494873
2017-11-20,8.989999771118164,8.970000267028809,8.970000267028809,8.989999771118164,2800.0,7.451447486877441
2017-11-21,9.079999923706055,9.050000190734863,9.050000190734863,9.0600004196167,1600.0,7.509469985961914
2017-11-22,9.079999923706055,9.079999923706055,9.079999923706055,9.079999923706055,1000.0,7.526043891906738
2017-11-23,9.119999885559082,9.100000381469727,9.119999885559082,9.109999656677246,3200.0,7.550910949707031
2017-11-24,9.149999618530273,9.140000343322754,9.140000343322754,9.149999618530273,1000.0,7.584064483642578
2017-11-27,9.09000015258789,9.039999961853027,9.09000015258789,9.050000190734863,4000.0,7.501179218292236
2017-11-28,9.0600004196167,9.0,9.0600004196167,9.0,700.0,7.459734916687012
2017-11-29,8.970000267028809,8.9399995803833,8.9399995803833,8.970000267028809,3900.0,7.434871196746826
2017-11-30,9.15999984741211,9.069999694824219,9.069999694824219,9.15999984741211,2100.0,7.592353820800781
2017-12-01,9.170000076293945,9.15999984741211,9.170000076293945,9.15999984741211,900.0,7.592353820800781
2017-12-04,9.15999984741211,9.100000381469727,9.15999984741211,9.100000381469727,300.0,7.5426225662231445
2017-12-05,9.069999694824219,9.050000190734863,9.069999694824219,9.050000190734863,3400.0,7.501179218292236
2017-12-06,9.050000190734863,9.050000190734863,9.050000190734863,9.050000190734863,0.0,7.501179218292236
2017-12-07,9.050000190734863,9.050000190734863,9.050000190734863,9.050000190734863,0.0,7.501179218292236
2017-12-08,9.119999885559082,9.079999923706055,9.109999656677246,9.109999656677246,3100.0,7.550910949707031
2017-12-11,9.140000343322754,9.140000343322754,9.140000343322754,9.140000343322754,200.0,7.575775623321533
2017-12-12,9.15999984741211,9.119999885559082,9.15999984741211,9.119999885559082,1800.0,7.559199333190918
2017-12-13,9.180000305175781,9.119999885559082,9.180000305175781,9.119999885559082,9200.0,7.559199333190918
2017-12-14,9.100000381469727,9.100000381469727,9.100000381469727,9.100000381469727,300.0,7.5426225662231445
2017-12-15,9.100000381469727,9.09000015258789,9.100000381469727,9.09000015258789,5500.0,7.534333229064941
2017-12-18,9.25,9.069999694824219,9.25,9.069999694824219,32500.0,7.517757415771484
2017-12-19,9.069999694824219,9.0600004196167,9.069999694824219,9.0600004196167,6500.0,7.509469985961914
2017-12-20,9.100000381469727,9.100000381469727,9.100000381469727,9.100000381469727,1000.0,7.5426225662231445
2017-12-21,9.100000381469727,9.079999923706055,9.100000381469727,9.079999923706055,2900.0,7.526043891906738
2017-12-22,9.100000381469727,9.100000381469727,9.100000381469727,9.100000381469727,200.0,7.5426225662231445
2017-12-27,9.109999656677246,9.109999656677246,9.109999656677246,9.109999656677246,1000.0,7.550910949707031
2017-12-28,9.039999961853027,9.010000228881836,9.039999961853027,9.039999961853027,5900.0,7.569330215454102
2017-12-29,9.039999961853027,9.039999961853027,9.039999961853027,9.039999961853027,0.0,7.569330215454102
2018-01-02,9.140000343322754,9.020000457763672,9.020000457763672,9.140000343322754,3400.0,7.653061866760254
2018-01-03,9.199999809265137,9.149999618530273,9.149999618530273,9.199999809265137,2000.0,7.7032999992370605
2018-01-04,9.239999771118164,9.210000038146973,9.229999542236328,9.210000038146973,1400.0,7.711676120758057
2018-01-05,9.210000038146973,9.1899995803833,9.199999809265137,9.1899995803833,1400.0,7.694929122924805
2018-01-08,9.180000305175781,9.15999984741211,9.15999984741211,9.180000305175781,2900.0,7.686556339263916
2018-01-09,9.180000305175781,9.180000305175781,9.180000305175781,9.180000305175781,1500.0,7.686556339263916
2018-01-10,9.100000381469727,9.079999923706055,9.100000381469727,9.079999923706055,64500.0,7.602822303771973
2018-01-11,9.100000381469727,9.069999694824219,9.069999694824219,9.100000381469727,3900.0,7.619571685791016
2018-01-12,9.130000114440918,9.039999961853027,9.039999961853027,9.119999885559082,1700.0,7.636316299438477
2018-01-15,9.1899995803833,9.119999885559082,9.119999885559082,9.1899995803833,10400.0,7.694929122924805
2018-01-16,9.149999618530273,9.079999923706055,9.149999618530273,9.079999923706055,700.0,7.602822303771973
2018-01-17,9.130000114440918,9.0600004196167,9.0600004196167,9.130000114440918,7600.0,7.644690036773682
2018-01-18,9.180000305175781,9.109999656677246,9.180000305175781,9.109999656677246,2100.0,7.627943515777588
2018-01-19,9.140000343322754,9.109999656677246,9.109999656677246,9.130000114440918,10900.0,7.644690036773682
2018-01-22,9.140000343322754,9.130000114440918,9.130000114440918,9.140000343322754,2000.0,7.653061866760254
2018-01-23,9.1899995803833,9.149999618530273,9.149999618530273,9.1899995803833,3000.0,7.694929122924805
2018-01-24,9.1899995803833,9.180000305175781,9.1899995803833,9.180000305175781,900.0,7.686556339263916
2018-01-25,9.180000305175781,9.140000343322754,9.180000305175781,9.140000343322754,1300.0,7.653061866760254
2018-01-26,9.140000343322754,9.079999923706055,9.140000343322754,9.09000015258789,4300.0,7.611196994781494
2018-01-29,9.020000457763672,8.984999656677246,9.020000457763672,8.989999771118164,3700.0,7.527465343475342
2018-01-30,8.90999984741211,8.829999923706055,8.90999984741211,8.829999923706055,5200.0,7.393495559692383
2018-01-31,8.819999694824219,8.800000190734863,8.800000190734863,8.819999694824219,500.0,7.3851213455200195
2018-02-01,8.789999961853027,8.699999809265137,8.789999961853027,8.710000038146973,4900.0,7.293017864227295
2018-02-02,8.609999656677246,8.569999694824219,8.59000015258789,8.569999694824219,9000.0,7.1757941246032715
2018-02-05,8.529999732971191,8.420000076293945,8.430000305175781,8.420000076293945,62400.0,7.050196170806885
2018-02-06,8.489999771118164,8.300000190734863,8.300000190734863,8.489999771118164,1700.0,7.10880708694458
2018-02-07,8.619999885559082,8.470000267028809,8.619999885559082,8.489999771118164,4800.0,7.10880708694458
2018-02-08,8.550000190734863,8.390000343322754,8.550000190734863,8.390000343322754,8000.0,7.0250773429870605
2018-02-09,8.399999618530273,8.25,8.399999618530273,8.34000015258789,5100.0,6.983210563659668
2018-02-12,8.520000457763672,8.520000457763672,8.520000457763672,8.520000457763672,1100.0,7.133928298950195
2018-02-13,8.520000457763672,8.520000457763672,8.520000457763672,8.520000457763672,2000.0,7.133928298950195
2018-02-14,8.579999923706055,8.510000228881836,8.579999923706055,8.510000228881836,1400.0,7.125555515289307
2018-02-15,8.680000305175781,8.5600004196167,8.680000305175781,8.635000228881836,1300.0,7.230218410491943
2018-02-16,8.755000114440918,8.699999809265137,8.710000038146973,8.75,3700.0,7.326509475708008
2018-02-20,8.75,8.699999809265137,8.75,8.734999656677246,1700.0,7.3139495849609375
2018-02-21,8.789999961853027,8.729999542236328,8.789999961853027,8.729999542236328,400.0,7.309763431549072
2018-02-22,8.720000267028809,8.699999809265137,8.699999809265137,8.720000267028809,1500.0,7.301389694213867
2018-02-23,8.819999694824219,8.8100004196167,8.8100004196167,8.819999694824219,300.0,7.3851213455200195
2018-02-26,8.800000190734863,8.800000190734863,8.800000190734863,8.800000190734863,200.0,7.368376731872559
2018-02-27,8.880000114440918,8.869999885559082,8.880000114440918,8.869999885559082,27900.0,7.426987171173096
2018-02-28,8.770000457763672,8.739999771118164,8.770000457763672,8.739999771118164,1100.0,7.318137168884277
2018-03-01,8.65999984741211,8.630000114440918,8.65999984741211,8.630000114440918,800.0,7.226032257080078
2018-03-02,8.609999656677246,8.579999923706055,8.579999923706055,8.609999656677246,6400.0,7.209286212921143
2018-03-05,8.640000343322754,8.640000343322754,8.640000343322754,8.640000343322754,400.0,7.234404563903809
2018-03-06,8.619999885559082,8.550000190734863,8.619999885559082,8.550000190734863,1400.0,7.159046173095703
2018-03-07,8.550000190734863,8.510000228881836,8.550000190734863,8.510000228881836,400.0,7.125555515289307
2018-03-08,8.5600004196167,8.5600004196167,8.5600004196167,8.5600004196167,100.0,7.167420387268066
2018-03-09,8.5600004196167,8.5600004196167,8.5600004196167,8.5600004196167,0.0,7.167420387268066
2018-03-12,8.699999809265137,8.699999809265137,8.699999809265137,8.699999809265137,1400.0,7.28464412689209
2018-03-13,8.760000228881836,8.760000228881836,8.760000228881836,8.760000228881836,500.0,7.334883213043213
2018-03-14,8.640000343322754,8.640000343322754,8.640000343322754,8.640000343322754,100.0,7.234404563903809
2018-03-15,8.65999984741211,8.550000190734863,8.59000015258789,8.579999923706055,2200.0,7.184165000915527
2018-03-16,8.670000076293945,8.630000114440918,8.670000076293945,8.630000114440918,5100.0,7.226032257080078
2018-03-19,8.710000038146973,8.569999694824219,8.710000038146973,8.569999694824219,6000.0,7.1757941246032715
2018-03-20,8.550000190734863,8.550000190734863,8.550000190734863,8.550000190734863,100.0,7.159046173095703
2018-03-21,8.6899995803833,8.680000305175781,8.680000305175781,8.6899995803833,3600.0,7.276271343231201
2018-03-22,8.609999656677246,8.609999656677246,8.609999656677246,8.609999656677246,200.0,7.209286212921143
2018-03-23,8.569999694824219,8.510000228881836,8.569999694824219,8.510000228881836,4600.0,7.125555515289307
2018-03-26,8.5,8.4399995803833,8.5,8.4399995803833,1800.0,7.066941738128662
2018-03-27,8.4399995803833,8.4399995803833,8.4399995803833,8.4399995803833,0.0,7.066941738128662
2018-03-28,8.460000038146973,8.380000114440918,8.460000038146973,8.380000114440918,2100.0,7.092332363128662
2018-03-29,8.510000228881836,8.470000267028809,8.470000267028809,8.510000228881836,1600.0,7.202357769012451
2018-04-02,8.449999809265137,8.420000076293945,8.420000076293945,8.449999809265137,2500.0,7.151576995849609
2018-04-03,8.390000343322754,8.369999885559082,8.369999885559082,8.390000343322754,400.0,7.100796699523926
2018-04-04,8.420000076293945,8.399999618530273,8.420000076293945,8.399999618530273,3100.0,7.109259605407715
2018-04-05,8.569999694824219,8.510000228881836,8.510000228881836,8.569999694824219,6800.0,7.253138065338135
2018-04-06,8.569999694824219,8.569999694824219,8.569999694824219,8.569999694824219,0.0,7.253138065338135
2018-04-09,8.470000267028809,8.470000267028809,8.470000267028809,8.470000267028809,400.0,7.168503284454346
2018-04-10,8.470000267028809,8.470000267028809,8.470000267028809,8.470000267028809,0.0,7.168503284454346
2018-04-11,8.569999694824219,8.539999961853027,8.539999961853027,8.5600004196167,3500.0,7.2446746826171875
2018-04-12,8.59000015258789,8.59000015258789,8.59000015258789,8.59000015258789,100.0,7.270063400268555
2018-04-13,8.670000076293945,8.619999885559082,8.640000343322754,8.619999885559082,1400.0,7.2954535484313965
2018-04-16,8.630000114440918,8.630000114440918,8.630000114440918,8.630000114440918,1300.0,7.30391788482666
2018-04-17,8.739999771118164,8.579999923706055,8.579999923706055,8.739999771118164,1800.0,7.3970160484313965
2018-04-18,8.829999923706055,8.75,8.75,8.829999923706055,1600.0,7.473186016082764
2018-04-19,8.819999694824219,8.760000228881836,8.819999694824219,8.770000457763672,1000.0,7.42240571975708
2018-04-20,8.819999694824219,8.739999771118164,8.819999694824219,8.739999771118164,8200.0,7.3970160484313965
2018-04-23,8.739999771118164,8.739999771118164,8.739999771118164,8.739999771118164,0.0,7.3970160484313965
2018-04-24,8.649999618530273,8.539999961853027,8.649999618530273,8.539999961853027,2200.0,7.227745532989502
2018-04-25,8.539999961853027,8.539999961853027,8.539999961853027,8.539999961853027,0.0,7.227745532989502
2018-04-26,8.5600004196167,8.510000228881836,8.5600004196167,8.529999732971191,4100.0,7.219283580780029
2018-04-27,8.569999694824219,8.5,8.569999694824219,8.5,600.0,7.193892478942871
2018-04-30,8.529999732971191,8.529999732971191,8.529999732971191,8.529999732971191,5000.0,7.219283580780029
2018-05-01,8.529999732971191,8.529999732971191,8.529999732971191,8.529999732971191,1600.0,7.219283580780029
2018-05-02,8.630000114440918,8.59000015258789,8.630000114440918,8.59000015258789,2400.0,7.270063400268555
2018-05-03,8.609999656677246,8.579999923706055,8.609999656677246,8.585000038146973,3500.0,7.26583194732666
2018-05-04,8.59000015258789,8.569999694824219,8.579999923706055,8.59000015258789,600.0,7.270063400268555
2018-05-07,8.710000038146973,8.649999618530273,8.680000305175781,8.649999618530273,9900.0,7.320846080780029
2018-05-08,8.680000305175781,8.609999656677246,8.630000114440918,8.680000305175781,3900.0,7.3462347984313965
2018-05-09,8.6899995803833,8.649999618530273,8.6899995803833,8.649999618530273,2800.0,7.320846080780029
2018-05-10,8.65999984741211,8.649999618530273,8.65999984741211,8.65999984741211,2200.0,7.329306602478027
2018-05-11,8.699999809265137,8.699999809265137,8.699999809265137,8.699999809265137,10400.0,7.363160610198975
2018-05-14,8.75,8.710000038146973,8.710000038146973,8.739999771118164,9100.0,7.3970160484313965
2018-05-15,8.670000076293945,8.65999984741211,8.670000076293945,8.65999984741211,1100.0,7.329306602478027
2018-05-16,8.670000076293945,8.670000076293945,8.670000076293945,8.670000076293945,1000.0,7.337770938873291
2018-05-17,8.710000038146973,8.710000038146973,8.710000038146973,8.710000038146973,100.0,7.371624946594238
2018-05-18,8.720000267028809,8.720000267028809,8.720000267028809,8.720000267028809,1600.0,7.380087375640869
2018-05-22,8.779999732971191,8.720000267028809,8.729999542236328,8.720000267028809,2000.0,7.380087375640869
2018-05-23,8.6899995803833,8.59000015258789,8.6899995803833,8.649999618530273,2500.0,7.320846080780029
2018-05-24,8.640000343322754,8.609999656677246,8.609999656677246,8.609999656677246,2700.0,7.286991119384766
2018-05-25,8.600000381469727,8.479999542236328,8.600000381469727,8.539999961853027,5100.0,7.227745532989502
2018-05-28,8.550000190734863,8.520000457763672,8.550000190734863,8.529999732971191,1000.0,7.219283580780029
2018-05-29,8.529999732971191,8.300000190734863,8.3100004196167,8.529999732971191,3600.0,7.219283580780029
2018-05-30,8.649999618530273,8.649999618530273,8.649999618530273,8.649999618530273,2000.0,7.320846080780029
2018-05-31,8.699999809265137,8.699999809265137,8.699999809265137,8.699999809265137,2900.0,7.363160610198975
2018-06-01,8.640000343322754,8.609999656677246,8.609999656677246,8.640000343322754,700.0,7.312380790710449
2018-06-04,8.680000305175781,8.579999923706055,8.579999923706055,8.680000305175781,1400.0,7.3462347984313965
2018-06-05,8.680000305175781,8.680000305175781,8.680000305175781,8.680000305175781,0.0,7.3462347984313965
2018-06-06,8.569999694824219,8.569999694824219,8.569999694824219,8.569999694824219,1100.0,7.253138065338135
2018-06-07,8.65999984741211,8.649999618530273,8.649999618530273,8.65999984741211,10000.0,7.329306602478027
2018-06-08,8.640000343322754,8.619999885559082,8.640000343322754,8.619999885559082,4400.0,7.2954535484313965
2018-06-11,8.619999885559082,8.619999885559082,8.619999885559082,8.619999885559082,0.0,7.2954535484313965
2018-06-12,8.619999885559082,8.619999885559082,8.619999885559082,8.619999885559082,0.0,7.2954535484313965
2018-06-13,8.699999809265137,8.600000381469727,8.699999809265137,8.609999656677246,800.0,7.286991119384766
2018-06-14,8.84000015258789,8.680000305175781,8.84000015258789,8.680000305175781,1300.0,7.3462347984313965
2018-06-15,8.640000343322754,8.619999885559082,8.640000343322754,8.619999885559082,2200.0,7.2954535484313965
2018-06-18,8.710000038146973,8.649999618530273,8.649999618530273,8.710000038146973,500.0,7.371624946594238
2018-06-19,8.710000038146973,8.710000038146973,8.710000038146973,8.710000038146973,0.0,7.371624946594238
2018-06-20,8.739999771118164,8.739999771118164,8.739999771118164,8.739999771118164,2000.0,7.3970160484313965
2018-06-21,8.739999771118164,8.739999771118164,8.739999771118164,8.739999771118164,0.0,7.3970160484313965
2018-06-22,8.800000190734863,8.779999732971191,8.800000190734863,8.779999732971191,1000.0,7.4308695793151855
2018-06-25,8.699999809265137,8.699999809265137,8.699999809265137,8.699999809265137,1300.0,7.363160610198975
2018-06-26,8.770000457763672,8.770000457763672,8.770000457763672,8.770000457763672,900.0,7.42240571975708
2018-06-27,8.789999961853027,8.770000457763672,8.770000457763672,8.789999961853027,3500.0,7.439332008361816
2018-06-28,8.760000228881836,8.739999771118164,8.760000228881836,8.75,9800.0,7.4889726638793945
2018-06-29,8.760000228881836,8.760000228881836,8.760000228881836,8.760000228881836,1100.0,7.497531890869141
2018-07-03,8.84000015258789,8.779999732971191,8.800000190734863,8.8100004196167,19900.0,7.540326118469238
2018-07-04,8.890000343322754,8.829999923706055,8.890000343322754,8.829999923706055,400.0,7.5574445724487305
2018-07-05,8.869999885559082,8.789999961853027,8.869999885559082,8.789999961853027,1300.0,7.5232086181640625
2018-07-06,8.84000015258789,8.789999961853027,8.789999961853027,8.84000015258789,1100.0,7.566003799438477
2018-07-09,8.899999618530273,8.84000015258789,8.84000015258789,8.869999885559082,1800.0,7.591678619384766
2018-07-10,8.970000267028809,8.930000305175781,8.930000305175781,8.949999809265137,24000.0,7.660150051116943
2018-07-11,8.90999984741211,8.899999618530273,8.90999984741211,8.899999618530273,1600.0,7.617355823516846
2018-07-12,8.899999618530273,8.899999618530273,8.899999618530273,8.899999618530273,0.0,7.617355823516846
2018-07-13,8.979999542236328,8.979999542236328,8.979999542236328,8.979999542236328,300.0,7.685825824737549
2018-07-16,8.899999618530273,8.880000114440918,8.899999618530273,8.899999618530273,2400.0,7.617355823516846
2018-07-17,8.899999618530273,8.890000343322754,8.890000343322754,8.899999618530273,2100.0,7.617355823516846
2018-07-18,8.899999618530273,8.899999618530273,8.899999618530273,8.899999618530273,0.0,7.617355823516846
2018-07-19,9.010000228881836,9.0,9.0,9.010000228881836,6200.0,7.711503505706787
2018-07-20,9.0,8.920000076293945,9.0,8.920000076293945,3100.0,7.634472370147705
2018-07-23,8.930000305175781,8.920000076293945,8.930000305175781,8.920000076293945,1700.0,7.634472370147705
2018-07-24,8.949999809265137,8.930000305175781,8.930000305175781,8.949999809265137,1900.0,7.660150051116943
2018-07-25,9.010000228881836,8.949999809265137,9.010000228881836,8.949999809265137,10100.0,7.660150051116943
2018-07-26,9.010000228881836,9.010000228881836,9.010000228881836,9.010000228881836,500.0,7.711503505706787
2018-07-27,9.029999732971191,9.0,9.029999732971191,9.0,2900.0,7.702944278717041
2018-07-30,9.0,9.0,9.0,9.0,0.0,7.702944278717041
2018-07-31,9.0,9.0,9.0,9.0,400.0,7.702944278717041
2018-08-01,9.020000457763672,8.989999771118164,8.989999771118164,9.020000457763672,3100.0,7.720062255859375
2018-08-02,9.0600004196167,8.949999809265137,8.949999809265137,9.039999961853027,3400.0,7.737177848815918
2018-08-03,9.180000305175781,9.079999923706055,9.079999923706055,9.149999618530273,1800.0,7.831326484680176
2018-08-07,9.229999542236328,9.15999984741211,9.229999542236328,9.15999984741211,1500.0,7.8398847579956055
2018-08-08,9.229999542236328,9.149999618530273,9.229999542236328,9.149999618530273,2600.0,7.831326484680176
2018-08-09,9.300000190734863,9.279999732971191,9.279999732971191,9.289999961853027,1000.0,7.951151371002197
2018-08-10,9.3100004196167,9.279999732971191,9.3100004196167,9.279999732971191,2300.0,7.942589282989502
2018-08-13,9.34000015258789,9.229999542236328,9.34000015258789,9.229999542236328,5900.0,7.899796009063721
2018-08-14,9.34000015258789,9.270000457763672,9.34000015258789,9.289999961853027,3500.0,7.951151371002197
2018-08-15,9.204999923706055,9.140000343322754,9.140000343322754,9.199999809265137,2800.0,7.874118804931641
2018-08-16,9.270000457763672,9.220000267028809,9.220000267028809,9.229999542236328,3700.0,7.899796009063721
2018-08-17,9.229999542236328,9.229999542236328,9.229999542236328,9.229999542236328,0.0,7.899796009063721
2018-08-20,9.300000190734863,9.300000190734863,9.300000190734863,9.300000190734863,100.0,7.959709644317627
2018-08-21,9.350000381469727,9.329999923706055,9.34000015258789,9.329999923706055,5800.0,7.985386371612549
2018-08-22,9.390000343322754,9.390000343322754,9.390000343322754,9.390000343322754,1300.0,8.03674030303955
2018-08-23,9.390000343322754,9.34000015258789,9.34000015258789,9.390000343322754,1200.0,8.03674030303955
2018-08-24,9.319999694824219,9.319999694824219,9.319999694824219,9.319999694824219,600.0,7.97682523727417
2018-08-27,9.350000381469727,9.260000228881836,9.260000228881836,9.350000381469727,3800.0,8.002503395080566
2018-08-28,9.289999961853027,9.279999732971191,9.279999732971191,9.279999732971191,900.0,7.942589282989502
2018-08-29,9.279999732971191,9.279999732971191,9.279999732971191,9.279999732971191,0.0,7.942589282989502
2018-08-30,9.229999542236328,9.170000076293945,9.229999542236328,9.180000305175781,1100.0,7.857003688812256
2018-08-31,9.140000343322754,9.140000343322754,9.140000343322754,9.140000343322754,300.0,7.8227667808532715
2018-09-04,9.119999885559082,9.100000381469727,9.119999885559082,9.109999656677246,2600.0,7.797091007232666
2018-09-05,8.989999771118164,8.930000305175781,8.989999771118164,8.979999542236328,3300.0,7.685825824737549
2018-09-06,9.100000381469727,8.949999809265137,9.100000381469727,8.949999809265137,200.0,7.660150051116943
2018-09-07,8.989999771118164,8.920000076293945,8.920000076293945,8.970000267028809,2800.0,7.677268981933594
2018-09-10,9.079999923706055,9.010000228881836,9.079999923706055,9.010000228881836,600.0,7.711503505706787
2018-09-11,9.010000228881836,9.010000228881836,9.010000228881836,9.010000228881836,0.0,7.711503505706787
2018-09-12,9.050000190734863,9.0,9.050000190734863,9.020000457763672,3700.0,7.720062255859375
2018-09-13,9.039999961853027,9.020000457763672,9.020000457763672,9.020000457763672,400.0,7.720062255859375
2018-09-14,9.020000457763672,9.020000457763672,9.020000457763672,9.020000457763672,0.0,7.720062255859375
2018-09-17,8.979999542236328,8.970000267028809,8.979999542236328,8.970000267028809,1100.0,7.677268981933594
2018-09-18,8.970000267028809,8.970000267028809,8.970000267028809,8.970000267028809,0.0,7.677268981933594
2018-09-19,8.979999542236328,8.960000038146973,8.979999542236328,8.960000038146973,3600.0,7.668707370758057
2018-09-20,8.899999618530273,8.869999885559082,8.890000343322754,8.890000343322754,9900.0,7.608797073364258
2018-09-21,8.949999809265137,8.899999618530273,8.899999618530273,8.949999809265137,7200.0,7.660150051116943
2018-09-24,9.020000457763672,9.0,9.010000228881836,9.0,1700.0,7.702944278717041
2018-09-25,8.949999809265137,8.949999809265137,8.949999809265137,8.949999809265137,100.0,7.660150051116943
2018-09-26,8.899999618530273,8.850000381469727,8.899999618530273,8.850000381469727,2200.0,7.574562072753906
2018-09-27,8.8100004196167,8.779999732971191,8.8100004196167,8.779999732971191,800.0,7.601400852203369
2018-09-28,8.779999732971191,8.779999732971191,8.779999732971191,8.779999732971191,0.0,7.601400852203369
2018-10-01,8.970000267028809,8.899999618530273,8.899999618530273,8.90999984741211,7600.0,7.7139506340026855
2018-10-02,8.960000038146973,8.9399995803833,8.9399995803833,8.960000038146973,300.0,7.757236957550049
2018-10-03,9.010000228881836,8.920000076293945,8.920000076293945,9.010000228881836,1400.0,7.800526142120361
2018-10-04,8.970000267028809,8.970000267028809,8.970000267028809,8.970000267028809,3500.0,7.765897274017334
2018-10-05,8.949999809265137,8.930000305175781,8.949999809265137,8.9399995803833,600.0,7.739922523498535
2018-10-09,8.920000076293945,8.920000076293945,8.920000076293945,8.920000076293945,500.0,7.722606658935547
2018-10-10,8.920000076293945,8.920000076293945,8.920000076293945,8.920000076293945,0.0,7.722606658935547
2018-10-11,8.920000076293945,8.920000076293945,8.920000076293945,8.920000076293945,0.0,7.722606658935547
2018-10-12,8.720000267028809,8.720000267028809,8.720000267028809,8.720000267028809,2900.0,7.549454212188721
2018-10-15,8.720000267028809,8.720000267028809,8.720000267028809,8.720000267028809,0.0,7.549454212188721
2018-10-16,8.899999618530273,8.760000228881836,8.760000228881836,8.890000343322754,700.0,7.6966352462768555
2018-10-17,8.890000343322754,8.850000381469727,8.890000343322754,8.850000381469727,1600.0,7.662003993988037
2018-10-18,8.800000190734863,8.770000457763672,8.770000457763672,8.800000190734863,1100.0,7.618716716766357
2018-10-19,8.920000076293945,8.920000076293945,8.920000076293945,8.920000076293945,200.0,7.722606658935547
2018-10-22,8.880000114440918,8.880000114440918,8.880000114440918,8.880000114440918,800.0,7.687976837158203
2018-10-23,8.880000114440918,8.880000114440918,8.880000114440918,8.880000114440918,0.0,7.687976837158203
2018-10-24,8.729999542236328,8.729999542236328,8.729999542236328,8.729999542236328,600.0,7.558111667633057
2018-10-25,8.649999618530273,8.579999923706055,8.579999923706055,8.609999656677246,5800.0,7.454221248626709
2018-10-26,8.550000190734863,8.550000190734863,8.550000190734863,8.550000190734863,100.0,7.4022746086120605
2018-10-29,8.5600004196167,8.350000381469727,8.5600004196167,8.350000381469727,1200.0,7.229122638702393
2018-10-30,8.350000381469727,8.229999542236328,8.350000381469727,8.279999732971191,3700.0,7.168518543243408
2018-10-31,8.449999809265137,8.4399995803833,8.4399995803833,8.449999809265137,700.0,7.315699100494385
2018-11-01,8.489999771118164,8.489999771118164,8.489999771118164,8.489999771118164,5400.0,7.35032844543457
2018-11-02,8.380000114440918,8.25,8.380000114440918,8.289999961853027,1700.0,7.177177906036377
2018-11-05,8.430000305175781,8.40999984741211,8.40999984741211,8.430000305175781,1500.0,7.298384189605713
2018-11-06,8.600000381469727,8.579999923706055,8.600000381469727,8.579999923706055,3200.0,7.428247451782227
2018-11-07,8.619999885559082,8.600000381469727,8.600000381469727,8.619999885559082,1200.0,7.4628777503967285
2018-11-08,8.479999542236328,8.479999542236328,8.479999542236328,8.479999542236328,1300.0,7.341670513153076
2018-11-09,8.539999961853027,8.5,8.539999961853027,8.539999961853027,7700.0,7.39361572265625
2018-11-12,8.539999961853027,8.539999961853027,8.539999961853027,8.539999961853027,0.0,7.39361572265625
2018-11-13,8.399999618530273,8.390000343322754,8.390000343322754,8.399999618530273,400.0,7.2724103927612305
2018-11-14,8.399999618530273,8.399999618530273,8.399999618530273,8.399999618530273,0.0,7.2724103927612305
2018-11-15,8.279999732971191,8.270000457763672,8.279999732971191,8.270000457763672,1200.0,7.159861087799072
2018-11-16,8.300000190734863,8.279999732971191,8.300000190734863,8.300000190734863,4300.0,7.1858344078063965
2018-11-19,8.380000114440918,8.380000114440918,8.380000114440918,8.380000114440918,100.0,7.255095481872559
2018-11-20,8.380000114440918,8.380000114440918,8.380000114440918,8.380000114440918,0.0,7.255095481872559
2018-11-21,8.369999885559082,8.329999923706055,8.329999923706055,8.369999885559082,7700.0,7.246438980102539
2018-11-22,8.369999885559082,8.369999885559082,8.369999885559082,8.369999885559082,0.0,7.246438980102539
2018-11-23,8.199999809265137,8.164999961853027,8.199999809265137,8.1899995803833,3800.0,7.090599536895752
2018-11-26,8.149999618530273,8.100000381469727,8.149999618530273,8.100000381469727,1300.0,7.012681007385254
2018-11-27,8.100000381469727,8.100000381469727,8.100000381469727,8.100000381469727,100.0,7.012681007385254
2018-11-28,8.079999923706055,8.055000305175781,8.055000305175781,8.079999923706055,400.0,6.99536657333374
2018-11-29,8.1899995803833,8.1899995803833,8.1899995803833,8.1899995803833,2500.0,7.090599536895752
2018-11-30,8.149999618530273,8.09000015258789,8.09000015258789,8.149999618530273,6300.0,7.055969715118408
2018-12-03,8.180000305175781,8.149999618530273,8.149999618530273,8.180000305175781,700.0,7.081941604614258
2018-12-04,8.149999618530273,8.149999618530273,8.149999618530273,8.149999618530273,300.0,7.055969715118408
2018-12-05,8.180000305175781,8.140000343322754,8.149999618530273,8.140000343322754,5900.0,7.0473127365112305
2018-12-06,8.109999656677246,7.960000038146973,8.109999656677246,7.960000038146973,1700.0,6.891473770141602
2018-12-07,7.96999979019165,7.96999979019165,7.96999979019165,7.96999979019165,200.0,6.900132179260254
2018-12-10,7.940000057220459,7.800000190734863,7.940000057220459,7.880000114440918,1800.0,6.822213172912598
2018-12-11,7.880000114440918,7.880000114440918,7.880000114440918,7.880000114440918,0.0,6.822213172912598
2018-12-12,7.880000114440918,7.880000114440918,7.880000114440918,7.880000114440918,0.0,6.822213172912598
2018-12-13,8.0,7.980000019073486,7.980000019073486,8.0,500.0,6.926105499267578
2018-12-14,7.920000076293945,7.920000076293945,7.920000076293945,7.920000076293945,21800.0,6.856844425201416
2018-12-17,7.840000152587891,7.679999828338623,7.78000020980835,7.684999942779541,6100.0,6.653389930725098
2018-12-18,7.739999771118164,7.679999828338623,7.679999828338623,7.699999809265137,29000.0,6.66637659072876
2018-12-19,7.789999961853027,7.730000019073486,7.789999961853027,7.730000019073486,400.0,6.692348957061768
2018-12-20,7.539999961853027,7.519999980926514,7.519999980926514,7.539999961853027,300.0,6.5278544425964355
2018-12-21,7.760000228881836,7.5,7.760000228881836,7.5,500.0,6.493224620819092
2018-12-24,7.360000133514404,7.349999904632568,7.360000133514404,7.349999904632568,600.0,6.363358974456787
2018-12-27,7.360000133514404,7.340000152587891,7.349999904632568,7.340000152587891,12700.0,6.354701519012451
2018-12-28,7.510000228881836,7.429999828338623,7.429999828338623,7.510000228881836,2300.0,6.598978042602539
2018-12-31,7.619999885559082,7.619999885559082,7.619999885559082,7.619999885559082,200.0,6.695633411407471
2019-01-02,7.78000020980835,7.78000020980835,7.78000020980835,7.78000020980835,1000.0,6.8362250328063965
2019-01-03,7.769999980926514,7.710000038146973,7.710000038146973,7.769999980926514,600.0,6.827437400817871
2019-01-04,7.769999980926514,7.769999980926514,7.769999980926514,7.769999980926514,0.0,6.827437400817871
2019-01-07,8.020000457763672,7.960000038146973,8.020000457763672,7.960000038146973,2800.0,6.994389533996582
2019-01-08,8.020000457763672,7.980000019073486,8.020000457763672,7.980000019073486,2700.0,7.011962890625
2019-01-09,8.09000015258789,8.050000190734863,8.0600004196167,8.050000190734863,3700.0,7.073471546173096
2019-01-10,8.149999618530273,8.100000381469727,8.100000381469727,8.149999618530273,700.0,7.161340713500977
2019-01-11,8.140000343322754,8.09000015258789,8.09000015258789,8.140000343322754,3300.0,7.152554512023926
2019-01-14,8.149999618530273,8.050000190734863,8.050000190734863,8.130000114440918,1500.0,7.143767356872559
2019-01-15,8.220000267028809,8.15999984741211,8.15999984741211,8.220000267028809,4800.0,7.222848892211914
2019-01-16,8.180000305175781,8.140000343322754,8.180000305175781,8.170000076293945,5100.0,7.178914546966553
2019-01-17,8.170000076293945,8.170000076293945,8.170000076293945,8.170000076293945,0.0,7.178914546966553
2019-01-18,8.270000457763672,8.229999542236328,8.270000457763672,8.229999542236328,5500.0,7.231636047363281
2019-01-21,8.470000267028809,8.460000038146973,8.460000038146973,8.470000267028809,2800.0,7.44252347946167
2019-01-22,8.460000038146973,8.404999732971191,8.449999809265137,8.40999984741211,1000.0,7.389800548553467
2019-01-23,8.460000038146973,8.319999694824219,8.460000038146973,8.319999694824219,2100.0,7.310718059539795
2019-01-24,8.319999694824219,8.319999694824219,8.319999694824219,8.319999694824219,0.0,7.310718059539795
2019-01-25,8.40999984741211,8.359999656677246,8.40999984741211,8.369999885559082,4000.0,7.354653358459473
2019-01-28,8.390000343322754,8.359999656677246,8.390000343322754,8.359999656677246,11000.0,7.345865249633789
2019-01-29,8.470000267028809,8.420000076293945,8.420000076293945,8.449999809265137,1300.0,7.424948692321777
2019-01-30,8.4399995803833,8.40999984741211,8.420000076293945,8.4399995803833,13100.0,7.416161060333252
2019-01-31,8.520000457763672,8.5,8.520000457763672,8.510000228881836,1400.0,7.477670669555664
2019-02-01,8.550000190734863,8.529999732971191,8.539999961853027,8.529999732971191,900.0,7.495243072509766
2019-02-04,8.569999694824219,8.470000267028809,8.569999694824219,8.489999771118164,9000.0,7.460094928741455
2019-02-05,8.59000015258789,8.529999732971191,8.59000015258789,8.529999732971191,4200.0,7.495243072509766
2019-02-06,8.640000343322754,8.600000381469727,8.640000343322754,8.619999885559082,1800.0,7.574326992034912
2019-02-07,8.649999618530273,8.489999771118164,8.649999618530273,8.5,1400.0,7.4688825607299805
2019-02-08,8.5,8.5,8.5,8.5,0.0,7.4688825607299805
2019-02-11,8.510000228881836,8.460000038146973,8.460000038146973,8.510000228881836,1800.0,7.477670669555664
2019-02-12,8.539999961853027,8.520000457763672,8.539999961853027,8.520000457763672,4600.0,7.486457347869873
2019-02-13,8.569999694824219,8.529999732971191,8.529999732971191,8.529999732971191,1300.0,7.495243072509766
2019-02-14,8.630000114440918,8.609999656677246,8.609999656677246,8.630000114440918,2900.0,7.583113193511963
2019-02-15,8.729999542236328,8.680000305175781,8.680000305175781,8.729999542236328,1800.0,7.670981407165527
2019-02-19,8.789999961853027,8.729999542236328,8.789999961853027,8.760000228881836,6100.0,7.697343349456787
2019-02-20,8.800000190734863,8.770000457763672,8.779999732971191,8.800000190734863,4400.0,7.7324910163879395
2019-02-21,8.800000190734863,8.760000228881836,8.760000228881836,8.800000190734863,2400.0,7.7324910163879395
2019-02-22,8.949999809265137,8.90999984741211,8.949999809265137,8.90999984741211,1700.0,7.829146385192871
2019-02-25,8.989999771118164,8.9399995803833,8.960000038146973,8.979999542236328,2000.0,7.890655994415283
2019-02-26,9.010000228881836,8.979999542236328,9.0,9.0,2600.0,7.908227920532227
2019-02-27,9.020000457763672,9.0,9.005000114440918,9.020000457763672,1100.0,7.9258036613464355
2019-02-28,9.069999694824219,9.050000190734863,9.050000190734863,9.050000190734863,2200.0,7.952164173126221
2019-03-01,9.199999809265137,9.149999618530273,9.149999618530273,9.199999809265137,8900.0,8.083968162536621
2019-03-04,9.149999618530273,9.100000381469727,9.109999656677246,9.119999885559082,4100.0,8.013670921325684
2019-03-05,9.180000305175781,9.119999885559082,9.180000305175781,9.119999885559082,1600.0,8.013670921325684
2019-03-06,9.135000228881836,9.119999885559082,9.130000114440918,9.119999885559082,600.0,8.013670921325684
2019-03-07,9.119999885559082,9.119999885559082,9.119999885559082,9.119999885559082,0.0,8.013670921325684
2019-03-08,9.109999656677246,9.039999961853027,9.039999961853027,9.109999656677246,2800.0,8.00488567352295
2019-03-11,9.1899995803833,9.149999618530273,9.1899995803833,9.15999984741211,36500.0,8.048819541931152
2019-03-12,9.15999984741211,9.15999984741211,9.15999984741211,9.15999984741211,0.0,8.048819541931152
2019-03-13,9.25,9.25,9.25,9.25,200.0,8.127902030944824
2019-03-14,9.25,9.25,9.25,9.25,1400.0,8.127902030944824
2019-03-15,9.25,9.25,9.25,9.25,0.0,8.127902030944824
2019-03-18,9.369999885559082,9.350000381469727,9.359999656677246,9.369999885559082,2200.0,8.233345985412598
2019-03-19,9.380000114440918,9.380000114440918,9.380000114440918,9.380000114440918,1500.0,8.242133140563965
2019-03-20,9.380000114440918,9.350000381469727,9.350000381469727,9.380000114440918,3700.0,8.242133140563965
2019-03-21,9.380000114440918,9.369999885559082,9.369999885559082,9.380000114440918,1000.0,8.242133140563965
2019-03-22,9.380000114440918,9.380000114440918,9.380000114440918,9.380000114440918,0.0,8.242133140563965
2019-03-25,9.289999961853027,9.149999618530273,9.289999961853027,9.199999809265137,2200.0,8.083968162536621
2019-03-26,9.270000457763672,9.270000457763672,9.270000457763672,9.270000457763672,100.0,8.145478248596191
2019-03-27,9.199999809265137,9.1899995803833,9.199999809265137,9.1899995803833,200.0,8.075180053710938
2019-03-28,9.170000076293945,9.130000114440918,9.170000076293945,9.130000114440918,1500.0,8.116072654724121
2019-03-29,9.130000114440918,9.104999542236328,9.119999885559082,9.130000114440918,4900.0,8.116072654724121
2019-04-01,9.1899995803833,9.1899995803833,9.1899995803833,9.1899995803833,2000.0,8.169407844543457
2019-04-02,9.220000267028809,9.220000267028809,9.220000267028809,9.220000267028809,1100.0,8.196077346801758
2019-04-03,9.25,9.229999542236328,9.25,9.239999771118164,3600.0,8.213857650756836
2019-04-04,9.3100004196167,9.210000038146973,9.3100004196167,9.210000038146973,500.0,8.187187194824219
2019-04-05,9.279999732971191,9.239999771118164,9.239999771118164,9.279999732971191,900.0,8.24941349029541
2019-04-08,9.289999961853027,9.270000457763672,9.279999732971191,9.270000457763672,400.0,8.240525245666504
2019-04-09,9.25,9.239999771118164,9.239999771118164,9.239999771118164,900.0,8.213857650756836
2019-04-10,9.279999732971191,9.25,9.25,9.279999732971191,2800.0,8.24941349029541
2019-04-11,9.3100004196167,9.279999732971191,9.3100004196167,9.3100004196167,2100.0,8.276082038879395
2019-04-12,9.319999694824219,9.319999694824219,9.319999694824219,9.319999694824219,100.0,8.2849702835083
2019-04-15,9.319999694824219,9.319999694824219,9.319999694824219,9.319999694824219,0.0,8.2849702835083
2019-04-16,9.25,9.220000267028809,9.25,9.229999542236328,17500.0,8.20496654510498
2019-04-17,9.329999923706055,9.210000038146973,9.329999923706055,9.210000038146973,9400.0,8.187187194824219
2019-04-18,9.270000457763672,9.210000038146973,9.210000038146973,9.25,800.0,8.222745895385742
2019-04-22,9.380000114440918,9.300000190734863,9.34000015258789,9.380000114440918,7200.0,8.338310241699219
2019-04-23,9.380000114440918,9.350000381469727,9.380000114440918,9.359999656677246,2500.0,8.320528984069824
2019-04-24,9.359999656677246,9.319999694824219,9.359999656677246,9.319999694824219,3800.0,8.2849702835083
2019-04-25,9.34000015258789,9.199999809265137,9.34000015258789,9.25,5000.0,8.222745895385742
2019-04-26,9.140000343322754,9.09000015258789,9.140000343322754,9.130000114440918,10000.0,8.116072654724121
2019-04-29,9.119999885559082,9.09000015258789,9.119999885559082,9.09000015258789,900.0,8.080512046813965
2019-04-30,9.09000015258789,9.050000190734863,9.09000015258789,9.079999923706055,3100.0,8.071623802185059
2019-05-01,9.050000190734863,8.960000038146973,9.050000190734863,8.979999542236328,3600.0,7.982729911804199
2019-05-02,8.930000305175781,8.880000114440918,8.930000305175781,8.890000343322754,1900.0,7.902726173400879
2019-05-03,8.920000076293945,8.829999923706055,8.859999656677246,8.899999618530273,3300.0,7.911614418029785
2019-05-06,8.90999984741211,8.869999885559082,8.869999885559082,8.90999984741211,9100.0,7.92050313949585
2019-05-07,8.829999923706055,8.8100004196167,8.8100004196167,8.829999923706055,2800.0,7.84938907623291
2019-05-08,8.90999984741211,8.90999984741211,8.90999984741211,8.90999984741211,200.0,7.92050313949585
2019-05-09,8.90999984741211,8.90999984741211,8.90999984741211,8.90999984741211,200.0,7.92050313949585
2019-05-10,8.880000114440918,8.760000228881836,8.880000114440918,8.770000457763672,3000.0,7.796051025390625
2019-05-13,8.6899995803833,8.670000076293945,8.670000076293945,8.6899995803833,700.0,7.724936485290527
2019-05-14,8.8100004196167,8.8100004196167,8.8100004196167,8.8100004196167,200.0,7.831609725952148
2019-05-15,8.930000305175781,8.930000305175781,8.930000305175781,8.930000305175781,200.0,7.9382829666137695
2019-05-16,8.989999771118164,8.970000267028809,8.970000267028809,8.989999771118164,1700.0,7.99161958694458
2019-05-17,9.020000457763672,9.0,9.020000457763672,9.0,1000.0,8.000509262084961
2019-05-21,9.0600004196167,9.0600004196167,9.0600004196167,9.0600004196167,2100.0,8.05384635925293
2019-05-22,9.010000228881836,8.899999618530273,9.010000228881836,8.989999771118164,24200.0,7.99161958694458
2019-05-23,8.899999618530273,8.899999618530273,8.899999618530273,8.899999618530273,200.0,7.911614418029785
2019-05-24,8.899999618530273,8.899999618530273,8.899999618530273,8.899999618530273,0.0,7.911614418029785
2019-05-27,8.90999984741211,8.859999656677246,8.859999656677246,8.90999984741211,1000.0,7.92050313949585
2019-05-28,8.970000267028809,8.9399995803833,8.970000267028809,8.9399995803833,600.0,7.947172164916992
2019-05-29,8.869999885559082,8.819999694824219,8.869999885559082,8.819999694824219,2000.0,7.840497970581055
2019-05-30,8.819999694824219,8.819999694824219,8.819999694824219,8.819999694824219,100.0,7.840497970581055
2019-05-31,8.739999771118164,8.720000267028809,8.729999542236328,8.739999771118164,2600.0,7.769382476806641
2019-06-03,8.739999771118164,8.739999771118164,8.739999771118164,8.739999771118164,0.0,7.769382476806641
2019-06-04,8.8100004196167,8.699999809265137,8.699999809265137,8.8100004196167,1400.0,7.831609725952148
2019-06-05,8.779999732971191,8.75,8.770000457763672,8.75,4800.0,7.778274059295654
2019-06-06,8.75,8.710000038146973,8.710000038146973,8.75,500.0,7.778274059295654
2019-06-07,8.739999771118164,8.720000267028809,8.720000267028809,8.729999542236328,2000.0,7.76049280166626
2019-06-10,8.710000038146973,8.6899995803833,8.6899995803833,8.699999809265137,8800.0,7.73382568359375
2019-06-11,8.699999809265137,8.6899995803833,8.699999809265137,8.6899995803833,400.0,7.724936485290527
2019-06-12,8.670000076293945,8.619999885559082,8.670000076293945,8.619999885559082,1400.0,7.662709712982178
2019-06-13,8.630000114440918,8.600000381469727,8.600000381469727,8.630000114440918,2500.0,7.671599388122559
2019-06-14,8.649999618530273,8.649999618530273,8.649999618530273,8.649999618530273,400.0,7.689378261566162
2019-06-17,8.65999984741211,8.640000343322754,8.65999984741211,8.640000343322754,700.0,7.680488109588623
2019-06-18,8.8100004196167,8.770000457763672,8.770000457763672,8.8100004196167,400.0,7.831609725952148
2019-06-19,8.8100004196167,8.800000190734863,8.800000190734863,8.8100004196167,1000.0,7.831609725952148
2019-06-20,8.930000305175781,8.869999885559082,8.920000076293945,8.869999885559082,2300.0,7.884944438934326
2019-06-21,8.9399995803833,8.850000381469727,8.9399995803833,8.880000114440918,1700.0,7.893835067749023
2019-06-24,8.9399995803833,8.850000381469727,8.9399995803833,8.850000381469727,600.0,7.867168426513672
2019-06-25,8.789999961853027,8.789999961853027,8.789999961853027,8.789999961853027,600.0,7.813831329345703
2019-06-26,8.8100004196167,8.8100004196167,8.8100004196167,8.8100004196167,200.0,7.831609725952148
2019-06-27,8.75,8.699999809265137,8.75,8.699999809265137,1100.0,7.820822238922119
2019-06-28,8.770000457763672,8.739999771118164,8.770000457763672,8.739999771118164,800.0,7.8567795753479
2019-07-02,8.729999542236328,8.729999542236328,8.729999542236328,8.729999542236328,100.0,7.847790241241455
2019-07-03,8.850000381469727,8.8100004196167,8.8100004196167,8.84000015258789,3200.0,7.9466753005981445
2019-07-04,8.819999694824219,8.819999694824219,8.819999694824219,8.819999694824219,100.0,7.928695201873779
2019-07-05,8.819999694824219,8.819999694824219,8.819999694824219,8.819999694824219,100.0,7.928695201873779
2019-07-08,8.800000190734863,8.800000190734863,8.800000190734863,8.800000190734863,500.0,7.910716533660889
2019-07-09,8.880000114440918,8.880000114440918,8.880000114440918,8.880000114440918,500.0,7.982633113861084
2019-07-10,8.960000038146973,8.90999984741211,8.949999809265137,8.930000305175781,4900.0,8.027579307556152
2019-07-11,8.920000076293945,8.920000076293945,8.920000076293945,8.920000076293945,1000.0,8.018589973449707
2019-07-12,8.930000305175781,8.920000076293945,8.930000305175781,8.920000076293945,2400.0,8.018589973449707
2019-07-15,8.979999542236328,8.890000343322754,8.979999542236328,8.890000343322754,2500.0,7.991622447967529
2019-07-16,8.880000114440918,8.869999885559082,8.880000114440918,8.869999885559082,300.0,7.973642349243164
2019-07-17,8.899999618530273,8.819999694824219,8.899999618530273,8.819999694824219,600.0,7.928695201873779
2019-07-18,8.890000343322754,8.850000381469727,8.890000343322754,8.850000381469727,300.0,7.95566463470459
2019-07-19,8.880000114440918,8.8100004196167,8.8100004196167,8.869999885559082,1800.0,7.973642349243164
2019-07-22,8.9399995803833,8.829999923706055,8.829999923706055,8.9399995803833,800.0,8.036567687988281
2019-07-23,8.949999809265137,8.920000076293945,8.949999809265137,8.920000076293945,4500.0,8.018589973449707
2019-07-24,8.850000381469727,8.84000015258789,8.84000015258789,8.84000015258789,5600.0,7.9466753005981445
2019-07-25,8.84000015258789,8.8100004196167,8.819999694824219,8.84000015258789,6600.0,7.9466753005981445
2019-07-26,8.869999885559082,8.8100004196167,8.869999885559082,8.8100004196167,10500.0,7.919705867767334
2019-07-29,8.800000190734863,8.739999771118164,8.800000190734863,8.739999771118164,8800.0,7.8567795753479
2019-07-30,8.789999961853027,8.720000267028809,8.720000267028809,8.789999961853027,400.0,7.901727199554443
2019-07-31,8.739999771118164,8.739999771118164,8.739999771118164,8.739999771118164,300.0,7.8567795753479
2019-08-01,8.729999542236328,8.6899995803833,8.6899995803833,8.729999542236328,1400.0,7.847790241241455
2019-08-02,8.699999809265137,8.65999984741211,8.6899995803833,8.670000076293945,7900.0,7.793853759765625
2019-08-06,8.649999618530273,8.479999542236328,8.649999618530273,8.479999542236328,1900.0,7.623054027557373
2019-08-07,8.529999732971191,8.529999732971191,8.529999732971191,8.529999732971191,200.0,7.668000221252441
2019-08-08,8.6899995803833,8.640000343322754,8.640000343322754,8.6899995803833,14000.0,7.811832904815674
2019-08-09,8.8100004196167,8.739999771118164,8.739999771118164,8.779999732971191,36600.0,7.892736911773682
2019-08-12,8.739999771118164,8.569999694824219,8.739999771118164,8.569999694824219,21500.0,7.7039594650268555
2019-08-13,8.600000381469727,8.550000190734863,8.600000381469727,8.550000190734863,6000.0,7.685980319976807
2019-08-14,8.5,8.350000381469727,8.5,8.350000381469727,10200.0,7.506191253662109
2019-08-15,8.34000015258789,8.300000190734863,8.3100004196167,8.34000015258789,600.0,7.497202396392822
2019-08-16,8.40999984741211,8.350000381469727,8.350000381469727,8.40999984741211,400.0,7.560128211975098
2019-08-19,8.489999771118164,8.470000267028809,8.470000267028809,8.489999771118164,600.0,7.632042407989502
2019-08-20,8.489999771118164,8.489999771118164,8.489999771118164,8.489999771118164,100.0,7.632042407989502
2019-08-21,8.699999809265137,8.699999809265137,8.699999809265137,8.699999809265137,100.0,7.820822238922119
2019-08-22,8.6899995803833,8.640000343322754,8.6899995803833,8.640000343322754,800.0,7.766884803771973
2019-08-23,8.600000381469727,8.489999771118164,8.600000381469727,8.489999771118164,1700.0,7.632042407989502
2019-08-26,8.489999771118164,8.489999771118164,8.489999771118164,8.489999771118164,0.0,7.632042407989502
2019-08-27,8.380000114440918,8.359999656677246,8.359999656677246,8.380000114440918,200.0,7.5331597328186035
2019-08-28,8.470000267028809,8.3100004196167,8.3100004196167,8.460000038146973,4200.0,7.605077266693115
2019-08-29,8.5600004196167,8.520000457763672,8.520000457763672,8.5600004196167,400.0,7.694970607757568
2019-08-30,8.550000190734863,8.550000190734863,8.550000190734863,8.550000190734863,1500.0,7.685980319976807
2019-09-03,8.579999923706055,8.479999542236328,8.479999542236328,8.579999923706055,1400.0,7.712949275970459
2019-09-04,8.699999809265137,8.699999809265137,8.699999809265137,8.699999809265137,2400.0,7.820822238922119
2019-09-05,8.739999771118164,8.710000038146973,8.710000038146973,8.710000038146973,3300.0,7.829812526702881
2019-09-06,8.699999809265137,8.699999809265137,8.699999809265137,8.699999809265137,2800.0,7.820822238922119
2019-09-09,8.779999732971191,8.760000228881836,8.779999732971191,8.760000228881836,200.0,7.874759674072266
2019-09-10,8.84000015258789,8.829999923706055,8.829999923706055,8.84000015258789,900.0,7.9466753005981445
2019-09-11,8.779999732971191,8.779999732971191,8.779999732971191,8.779999732971191,600.0,7.892736911773682
2019-09-12,8.779999732971191,8.779999732971191,8.779999732971191,8.779999732971191,100.0,7.892736911773682
2019-09-13,8.779999732971191,8.779999732971191,8.779999732971191,8.779999732971191,0.0,7.892736911773682
2019-09-16,9.100000381469727,8.850000381469727,9.100000381469727,8.859999656677246,11100.0,7.964653968811035
2019-09-17,8.899999618530273,8.829999923706055,8.899999618530273,8.84000015258789,6300.0,7.9466753005981445
2019-09-18,8.829999923706055,8.789999961853027,8.829999923706055,8.789999961853027,1000.0,7.901727199554443
2019-09-19,8.795000076293945,8.789999961853027,8.789999961853027,8.789999961853027,4100.0,7.901727199554443
2019-09-20,8.789999961853027,8.789999961853027,8.789999961853027,8.789999961853027,100.0,7.901727199554443
2019-09-23,8.800000190734863,8.800000190734863,8.800000190734863,8.800000190734863,200.0,7.910716533660889
2019-09-24,8.800000190734863,8.800000190734863,8.800000190734863,8.800000190734863,0.0,7.910716533660889
2019-09-25,8.8100004196167,8.710000038146973,8.8100004196167,8.720000267028809,1700.0,7.838801860809326
2019-09-26,8.699999809265137,8.699999809265137,8.699999809265137,8.699999809265137,100.0,7.820822238922119
2019-09-27,8.649999618530273,8.579999923706055,8.649999618530273,8.579999923706055,500.0,7.794477462768555
2019-09-30,8.59000015258789,8.520000457763672,8.59000015258789,8.520000457763672,600.0,7.739970684051514
2019-10-01,8.399999618530273,8.350000381469727,8.399999618530273,8.350000381469727,2800.0,7.58553409576416
2019-10-02,8.3100004196167,8.239999771118164,8.3100004196167,8.239999771118164,2600.0,7.485605716705322
2019-10-03,8.1899995803833,8.15999984741211,8.15999984741211,8.1899995803833,300.0,7.440183162689209
2019-10-04,8.260000228881836,8.220000267028809,8.260000228881836,8.220000267028809,300.0,7.46743631362915
2019-10-07,8.270000457763672,8.229999542236328,8.229999542236328,8.239999771118164,1500.0,7.485605716705322
2019-10-08,8.15999984741211,8.15999984741211,8.15999984741211,8.15999984741211,1000.0,7.412929058074951
2019-10-09,8.15999984741211,8.15999984741211,8.15999984741211,8.15999984741211,0.0,7.412929058074951
2019-10-10,8.1899995803833,8.1899995803833,8.1899995803833,8.1899995803833,200.0,7.440183162689209
2019-10-11,8.220000267028809,8.210000038146973,8.220000267028809,8.210000038146973,700.0,7.458352088928223
2019-10-15,8.25,8.229999542236328,8.25,8.229999542236328,400.0,7.47652006149292
2019-10-16,8.180000305175781,8.170000076293945,8.180000305175781,8.170000076293945,300.0,7.422013759613037
2019-10-17,8.149999618530273,8.149999618530273,8.149999618530273,8.149999618530273,1000.0,7.403844833374023
2019-10-18,8.149999618530273,8.149999618530273,8.149999618530273,8.149999618530273,100.0,7.403844833374023
2019-10-21,8.1899995803833,8.140000343322754,8.140000343322754,8.1899995803833,8300.0,7.440183162689209
2019-10-22,8.229999542236328,8.199999809265137,8.199999809265137,8.220000267028809,600.0,7.46743631362915
2019-10-23,8.119999885559082,8.119999885559082,8.119999885559082,8.119999885559082,600.0,7.37659215927124
2019-10-24,8.1899995803833,8.109999656677246,8.1899995803833,8.109999656677246,300.0,7.367506504058838
2019-10-25,8.180000305175781,8.180000305175781,8.180000305175781,8.180000305175781,400.0,7.431097984313965
2019-10-28,8.170000076293945,8.170000076293945,8.170000076293945,8.170000076293945,100.0,7.422013759613037
2019-10-29,8.119999885559082,8.119999885559082,8.119999885559082,8.119999885559082,3000.0,7.37659215927124
2019-10-30,8.119999885559082,8.119999885559082,8.119999885559082,8.119999885559082,0.0,7.37659215927124
2019-10-31,8.09000015258789,8.09000015258789,8.09000015258789,8.09000015258789,2100.0,7.349337577819824
2019-11-01,8.180000305175781,8.09000015258789,8.09000015258789,8.140000343322754,2400.0,7.394761562347412
2019-11-04,8.25,8.25,8.25,8.25,300.0,7.49468994140625
2019-11-05,8.399999618530273,8.289999961853027,8.399999618530273,8.289999961853027,1700.0,7.5310282707214355
2019-11-06,8.390000343322754,8.34000015258789,8.390000343322754,8.34000015258789,1300.0,7.576449871063232
2019-11-07,8.420000076293945,8.420000076293945,8.420000076293945,8.420000076293945,1500.0,7.649127006530762
2019-11-08,8.479999542236328,8.420000076293945,8.420000076293945,8.479999542236328,5700.0,7.70363187789917
2019-11-11,8.5,8.479999542236328,8.5,8.479999542236328,300.0,7.70363187789917
2019-11-12,8.539999961853027,8.539999961853027,8.539999961853027,8.539999961853027,100.0,7.758139133453369
2019-11-13,8.649999618530273,8.550000190734863,8.649999618530273,8.569999694824219,5900.0,7.785392761230469
2019-11-14,8.640000343322754,8.59000015258789,8.640000343322754,8.59000015258789,400.0,7.803562164306641
2019-11-15,8.609999656677246,8.600000381469727,8.609999656677246,8.600000381469727,300.0,7.812646389007568
2019-11-18,8.649999618530273,8.520000457763672,8.649999618530273,8.520000457763672,1000.0,7.739970684051514
2019-11-19,8.479999542236328,8.460000038146973,8.479999542236328,8.460000038146973,2000.0,7.685464859008789
2019-11-20,8.5,8.470000267028809,8.5,8.475000381469727,500.0,7.699090003967285
2019-11-21,8.470000267028809,8.470000267028809,8.470000267028809,8.470000267028809,1200.0,7.694549083709717
2019-11-22,8.510000228881836,8.4399995803833,8.4399995803833,8.510000228881836,400.0,7.730886459350586
2019-11-25,8.520000457763672,8.520000457763672,8.520000457763672,8.520000457763672,100.0,7.739970684051514
2019-11-26,8.529999732971191,8.470000267028809,8.529999732971191,8.470000267028809,1000.0,7.694549083709717
2019-11-27,8.460000038146973,8.460000038146973,8.460000038146973,8.460000038146973,8200.0,7.685464859008789
2019-11-28,8.539999961853027,8.539999961853027,8.539999961853027,8.539999961853027,200.0,7.758139133453369
2019-11-29,8.5,8.5,8.5,8.5,100.0,7.721800804138184
2019-12-02,8.4399995803833,8.420000076293945,8.4399995803833,8.420000076293945,400.0,7.649127006530762
2019-12-03,8.40999984741211,8.369999885559082,8.369999885559082,8.40999984741211,11000.0,7.640040397644043
2019-12-04,8.449999809265137,8.4399995803833,8.449999809265137,8.4399995803833,600.0,7.667294025421143
2019-12-05,8.460000038146973,8.449999809265137,8.449999809265137,8.460000038146973,16300.0,7.685464859008789
2019-12-06,8.569999694824219,8.510000228881836,8.510000228881836,8.550000190734863,4300.0,7.767223834991455
2019-12-09,8.600000381469727,8.539999961853027,8.600000381469727,8.569999694824219,3600.0,7.785392761230469
2019-12-10,8.65999984741211,8.630000114440918,8.65999984741211,8.630000114440918,700.0,7.839900016784668
2019-12-11,8.630000114440918,8.630000114440918,8.630000114440918,8.630000114440918,0.0,7.839900016784668
2019-12-12,8.6899995803833,8.59000015258789,8.6899995803833,8.59000015258789,1200.0,7.803562164306641
2019-12-13,8.59000015258789,8.529999732971191,8.529999732971191,8.59000015258789,1300.0,7.803562164306641
2019-12-16,8.710000038146973,8.680000305175781,8.680000305175781,8.710000038146973,600.0,7.912576675415039
2019-12-17,8.829999923706055,8.670000076293945,8.670000076293945,8.819999694824219,1500.0,8.012503623962402
2019-12-18,8.880000114440918,8.75,8.75,8.859999656677246,5200.0,8.048842430114746
2019-12-19,8.84000015258789,8.8100004196167,8.829999923706055,8.8100004196167,11100.0,8.003419876098633
2019-12-20,8.880000114440918,8.84000015258789,8.880000114440918,8.84000015258789,5200.0,8.030674934387207
2019-12-23,8.930000305175781,8.850000381469727,8.850000381469727,8.930000305175781,4000.0,8.112434387207031
2019-12-24,8.979999542236328,8.949999809265137,8.949999809265137,8.979999542236328,700.0,8.157856941223145
2019-12-27,9.25,8.930000305175781,9.25,8.930000305175781,2100.0,8.112434387207031
2019-12-30,8.920000076293945,8.800000190734863,8.920000076293945,8.800000190734863,2000.0,8.077554702758789
2019-12-31,8.819999694824219,8.789999961853027,8.800000190734863,8.789999961853027,1700.0,8.068373680114746
2020-01-02,8.819999694824219,8.75,8.819999694824219,8.75,500.0,8.031659126281738
2020-01-03,8.859999656677246,8.789999961853027,8.859999656677246,8.795000076293945,3500.0,8.072964668273926
2020-01-06,8.880000114440918,8.819999694824219,8.880000114440918,8.84000015258789,1200.0,8.11427116394043
2020-01-07,8.90999984741211,8.760000228881836,8.90999984741211,8.770000457763672,2800.0,8.050016403198242
2020-01-08,8.859999656677246,8.770000457763672,8.859999656677246,8.779999732971191,3800.0,8.059195518493652
2020-01-09,8.779999732971191,8.739999771118164,8.739999771118164,8.779999732971191,2400.0,8.059195518493652
2020-01-10,8.779999732971191,8.739999771118164,8.779999732971191,8.739999771118164,800.0,8.022480010986328
2020-01-13,8.739999771118164,8.720000267028809,8.720000267028809,8.739999771118164,600.0,8.022480010986328
2020-01-14,8.770000457763672,8.739999771118164,8.739999771118164,8.739999771118164,800.0,8.022480010986328
2020-01-15,8.739999771118164,8.6899995803833,8.739999771118164,8.6899995803833,2800.0,7.976584434509277
2020-01-16,8.75,8.630000114440918,8.630000114440918,8.75,2900.0,8.031659126281738
2020-01-17,8.789999961853027,8.770000457763672,8.770000457763672,8.789999961853027,13600.0,8.068373680114746
2020-01-20,8.819999694824219,8.779999732971191,8.779999732971191,8.819999694824219,3700.0,8.095911979675293
2020-01-21,8.890000343322754,8.760000228881836,8.890000343322754,8.760000228881836,2200.0,8.040837287902832
2020-01-22,8.789999961853027,8.699999809265137,8.699999809265137,8.789999961853027,2000.0,8.068373680114746
2020-01-23,8.779999732971191,8.699999809265137,8.699999809265137,8.779999732971191,1300.0,8.059195518493652
2020-01-24,8.739999771118164,8.720000267028809,8.720000267028809,8.720000267028809,4100.0,8.004121780395508
2020-01-27,8.739999771118164,8.699999809265137,8.739999771118164,8.699999809265137,5500.0,7.9857635498046875
2020-01-28,8.729999542236328,8.729999542236328,8.729999542236328,8.729999542236328,200.0,8.013298988342285
2020-01-29,8.6899995803833,8.6899995803833,8.6899995803833,8.6899995803833,1000.0,7.976584434509277
2020-01-30,8.630000114440918,8.59000015258789,8.630000114440918,8.59000015258789,2400.0,7.88479471206665
2020-01-31,8.59000015258789,8.59000015258789,8.59000015258789,8.59000015258789,1500.0,7.88479471206665
2020-02-03,8.609999656677246,8.609999656677246,8.609999656677246,8.609999656677246,500.0,7.903151512145996
2020-02-04,8.699999809265137,8.65999984741211,8.699999809265137,8.65999984741211,2800.0,7.9490461349487305
2020-02-05,8.739999771118164,8.6899995803833,8.6899995803833,8.739999771118164,900.0,8.022480010986328
2020-02-06,8.779999732971191,8.699999809265137,8.710000038146973,8.779999732971191,9000.0,8.059195518493652
2020-02-07,8.779999732971191,8.720000267028809,8.779999732971191,8.720000267028809,1300.0,8.004121780395508
2020-02-10,8.75,8.640000343322754,8.640000343322754,8.739999771118164,2000.0,8.022480010986328
2020-02-11,8.850000381469727,8.800000190734863,8.8100004196167,8.800000190734863,800.0,8.077554702758789
2020-02-12,8.84000015258789,8.8100004196167,8.84000015258789,8.84000015258789,600.0,8.11427116394043
2020-02-13,8.84000015258789,8.84000015258789,8.84000015258789,8.84000015258789,0.0,8.11427116394043
2020-02-14,8.869999885559082,8.869999885559082,8.869999885559082,8.869999885559082,100.0,8.141805648803711
2020-02-18,8.850000381469727,8.789999961853027,8.789999961853027,8.84000015258789,2100.0,8.11427116394043
2020-02-19,8.84000015258789,8.84000015258789,8.84000015258789,8.84000015258789,0.0,8.11427116394043
2020-02-20,8.899999618530273,8.850000381469727,8.869999885559082,8.850000381469727,3600.0,8.12345027923584
2020-02-21,8.829999923706055,8.75,8.829999923706055,8.75,4800.0,8.031659126281738
2020-02-24,8.550000190734863,8.489999771118164,8.489999771118164,8.489999771118164,6700.0,7.793002128601074
2020-02-25,8.430000305175781,8.1899995803833,8.430000305175781,8.210000038146973,3600.0,7.535990238189697
2020-02-26,8.15999984741211,8.050000190734863,8.050000190734863,8.050000190734863,1200.0,7.389125823974609
2020-02-27,8.010000228881836,7.789999961853027,8.010000228881836,7.860000133514404,5900.0,7.214724063873291
2020-02-28,7.730000019073486,7.5,7.71999979019165,7.730000019073486,16800.0,7.095396041870117
2020-03-02,7.900000095367432,7.78000020980835,7.900000095367432,7.829999923706055,5900.0,7.187187194824219
2020-03-03,7.880000114440918,7.820000171661377,7.880000114440918,7.820000171661377,2700.0,7.178008079528809
2020-03-04,7.829999923706055,7.789999961853027,7.789999961853027,7.789999961853027,1700.0,7.150470733642578
2020-03-05,7.769999980926514,7.599999904632568,7.769999980926514,7.599999904632568,15500.0,6.97606897354126
2020-03-06,7.550000190734863,7.289999961853027,7.550000190734863,7.289999961853027,10900.0,6.691519260406494
2020-03-09,6.409999847412109,5.96999979019165,6.019999980926514,5.96999979019165,44000.0,5.479885101318359
2020-03-10,8.199999809265137,5.400000095367432,8.199999809265137,5.820000171661377,99900.0,5.34220027923584
2020-03-11,5.690000057220459,5.489999771118164,5.650000095367432,5.510000228881836,52500.0,5.057650566101074
2020-03-12,5.21999979019165,4.5,5.21999979019165,4.690000057220459,14200.0,4.304969310760498
2020-03-13,5.150000095367432,4.5,4.5,5.050000190734863,13500.0,4.635414123535156
2020-03-16,5.150000095367432,4.510000228881836,5.150000095367432,4.590000152587891,25300.0,4.213178634643555
2020-03-17,4.78000020980835,4.53000020980835,4.650000095367432,4.53000020980835,14500.0,4.158104419708252
2020-03-18,4.369999885559082,3.680000066757202,4.199999809265137,3.7200000286102295,28700.0,3.414602279663086
2020-03-19,4.179999828338623,3.6500000953674316,3.859999895095825,4.170000076293945,18700.0,3.8276591300964355
2020-03-20,4.659999847412109,4.190000057220459,4.239999771118164,4.190000057220459,16700.0,3.846017360687256
2020-03-23,4.480000019073486,3.8499999046325684,4.480000019073486,3.869999885559082,95200.0,3.5522878170013428
2020-03-24,5.099999904632568,4.150000095367432,5.099999904632568,4.400000095367432,10100.0,4.0387773513793945
2020-03-25,5.110000133514404,4.449999809265137,4.610000133514404,4.860000133514404,92900.0,4.461012840270996
2020-03-26,5.150000095367432,4.829999923706055,4.889999866485596,4.829999923706055,33400.0,4.433475971221924
2020-03-27,4.849999904632568,4.380000114440918,4.849999904632568,4.400000095367432,12300.0,4.0387773513793945
2020-03-30,4.400000095367432,4.0,4.400000095367432,4.230000019073486,35100.0,3.961054563522339
2020-03-31,4.71999979019165,4.429999828338623,4.429999828338623,4.539999961853027,29200.0,4.251343727111816
2020-04-01,4.599999904632568,4.389999866485596,4.599999904632568,4.409999847412109,29000.0,4.12960958480835
2020-04-02,4.889999866485596,4.590000152587891,4.690000057220459,4.659999847412109,30900.0,4.363714218139648
2020-04-03,4.900000095367432,4.5,4.900000095367432,4.610000133514404,15200.0,4.316893577575684
2020-04-06,4.909999847412109,4.670000076293945,4.820000171661377,4.909999847412109,14800.0,4.597818851470947
2020-04-07,5.25,4.940000057220459,5.010000228881836,4.989999771118164,16400.0,4.672732830047607
2020-04-08,5.130000114440918,4.980000019073486,5.130000114440918,5.070000171661377,11500.0,4.747646331787109
2020-04-09,5.349999904632568,5.119999885559082,5.119999885559082,5.239999771118164,23700.0,4.906837463378906
2020-04-13,5.590000152587891,5.190000057220459,5.590000152587891,5.25,18900.0,4.916201591491699
2020-04-14,5.349999904632568,5.190000057220459,5.340000152587891,5.190000057220459,15600.0,4.860016345977783
2020-04-15,5.110000133514404,4.860000133514404,5.110000133514404,4.869999885559082,11700.0,4.560361862182617
2020-04-16,5.010000228881836,4.849999904632568,5.010000228881836,4.909999847412109,26200.0,4.597818851470947
2020-04-17,5.099999904632568,5.0,5.079999923706055,5.099999904632568,11600.0,4.77573823928833
2020-04-20,5.110000133514404,4.78000020980835,4.78000020980835,5.039999961853027,48900.0,4.7195539474487305
2020-04-21,4.949999809265137,4.800000190734863,4.800000190734863,4.900000095367432,21000.0,4.5884552001953125
2020-04-22,5.039999961853027,4.96999979019165,4.989999771118164,5.019999980926514,5700.0,4.700825214385986
2020-04-23,5.199999809265137,5.079999923706055,5.199999809265137,5.119999885559082,41800.0,4.794466972351074
2020-04-24,5.25,5.070000171661377,5.25,5.130000114440918,3500.0,4.803831577301025
2020-04-27,5.119999885559082,5.0,5.0,5.110000133514404,9800.0,4.7851033210754395
2020-04-28,5.320000171661377,5.150000095367432,5.150000095367432,5.309999942779541,9000.0,4.972386837005615
2020-04-29,5.78000020980835,5.570000171661377,5.570000171661377,5.769999980926514,25000.0,5.403139591217041
2020-04-30,5.820000171661377,5.690000057220459,5.769999980926514,5.71999979019165,7600.0,5.356318473815918
2020-05-01,5.679999828338623,5.380000114440918,5.679999828338623,5.440000057220459,19600.0,5.09412145614624
2020-05-04,5.550000190734863,5.409999847412109,5.550000190734863,5.449999809265137,9600.0,5.103485584259033
2020-05-05,5.849999904632568,5.630000114440918,5.849999904632568,5.630000114440918,69200.0,5.272040843963623
2020-05-06,5.630000114440918,5.570000171661377,5.630000114440918,5.590000152587891,3900.0,5.234584331512451
2020-05-07,5.739999771118164,5.679999828338623,5.739999771118164,5.679999828338623,7900.0,5.318861961364746
2020-05-08,5.820000171661377,5.760000228881836,5.760000228881836,5.809999942779541,23100.0,5.440596103668213
2020-05-11,5.889999866485596,5.769999980926514,5.809999942779541,5.889999866485596,10600.0,5.515509605407715
2020-05-12,5.949999809265137,5.800000190734863,5.889999866485596,5.800000190734863,9200.0,5.431232452392578
2020-05-13,5.800000190734863,5.480000019073486,5.800000190734863,5.519999980926514,5900.0,5.1690354347229
2020-05-14,5.440000057220459,5.21999979019165,5.25,5.420000076293945,3300.0,5.075392723083496
2020-05-15,5.619999885559082,5.550000190734863,5.559999942779541,5.619999885559082,16700.0,5.262676239013672
2020-05-19,5.860000133514404,5.710000038146973,5.710000038146973,5.800000190734863,3200.0,5.431232452392578
2020-05-20,5.949999809265137,5.900000095367432,5.900000095367432,5.949999809265137,2400.0,5.571695327758789
2020-05-21,6.0,5.869999885559082,6.0,5.880000114440918,2100.0,5.506146430969238
2020-05-22,5.849999904632568,5.849999904632568,5.849999904632568,5.849999904632568,700.0,5.478053569793701
2020-05-25,5.880000114440918,5.869999885559082,5.880000114440918,5.869999885559082,1100.0,5.496781349182129
2020-05-26,5.940000057220459,5.889999866485596,5.920000076293945,5.929999828338623,6900.0,5.552967071533203
2020-05-27,6.0,5.809999942779541,5.869999885559082,6.0,5600.0,5.618516445159912
2020-05-28,6.010000228881836,5.96999979019165,6.0,6.010000228881836,400.0,5.627880573272705
2020-05-29,6.0,5.849999904632568,6.0,5.949999809265137,9900.0,5.571695327758789
2020-06-01,5.929999828338623,5.789999961853027,5.789999961853027,5.900000095367432,9700.0,5.524874210357666
2020-06-02,6.010000228881836,6.0,6.0,6.0,7600.0,5.618516445159912
2020-06-03,6.099999904632568,6.039999961853027,6.099999904632568,6.079999923706055,6200.0,5.693429470062256
2020-06-04,6.199999809265137,6.03000020980835,6.199999809265137,6.059999942779541,5600.0,5.67470121383667
2020-06-05,6.900000095367432,6.25,6.25,6.900000095367432,26300.0,6.461294174194336
2020-06-08,7.440000057220459,7.110000133514404,7.110000133514404,7.440000057220459,18300.0,6.966960430145264
2020-06-09,7.050000190734863,6.949999809265137,7.0,6.989999771118164,21900.0,6.545571327209473
2020-06-10,7.099999904632568,6.619999885559082,7.099999904632568,6.769999980926514,28200.0,6.339559078216553
2020-06-11,6.329999923706055,5.940000057220459,6.25,5.96999979019165,45900.0,5.590423107147217
2020-06-12,6.5,6.010000228881836,6.010000228881836,6.309999942779541,13600.0,5.908805847167969
2020-06-15,6.369999885559082,6.039999961853027,6.25,6.340000152587891,6100.0,5.936898708343506
2020-06-16,6.650000095367432,6.53000020980835,6.650000095367432,6.539999961853027,8400.0,6.12418270111084
2020-06-17,6.599999904632568,6.519999980926514,6.599999904632568,6.519999980926514,500.0,6.105453968048096
2020-06-18,6.570000171661377,6.429999828338623,6.429999828338623,6.46999979019165,4700.0,6.058633804321289
2020-06-19,6.579999923706055,6.369999885559082,6.429999828338623,6.420000076293945,7000.0,6.011812686920166
2020-06-22,6.329999923706055,6.300000190734863,6.329999923706055,6.309999942779541,2300.0,5.908805847167969
2020-06-23,6.519999980926514,6.46999979019165,6.519999980926514,6.480000019073486,21600.0,6.067997455596924
2020-06-24,6.559999942779541,6.230000019073486,6.559999942779541,6.269999980926514,6400.0,5.871349811553955
2020-06-25,6.230000019073486,6.199999809265137,6.21999979019165,6.199999809265137,4300.0,5.805799961090088
2020-06-26,6.159999847412109,6.050000190734863,6.159999847412109,6.050000190734863,4100.0,5.665337085723877
2020-06-29,6.099999904632568,5.949999809265137,6.0,6.050000190734863,6900.0,5.7663679122924805
2020-06-30,6.119999885559082,6.050000190734863,6.079999923706055,6.119999885559082,14100.0,5.833086013793945
2020-07-02,6.300000190734863,6.170000076293945,6.199999809265137,6.21999979019165,3100.0,5.9283976554870605
2020-07-03,6.260000228881836,6.199999809265137,6.199999809265137,6.260000228881836,1300.0,5.966523170471191
2020-07-06,6.329999923706055,6.230000019073486,6.320000171661377,6.230000019073486,13700.0,5.937929153442383
2020-07-07,6.309999942779541,6.179999828338623,6.309999942779541,6.179999828338623,3700.0,5.890273094177246
2020-07-08,6.21999979019165,6.099999904632568,6.21999979019165,6.099999904632568,32200.0,5.814023494720459
2020-07-09,6.099999904632568,6.019999980926514,6.099999904632568,6.019999980926514,11100.0,5.73777437210083
2020-07-10,6.090000152587891,6.0,6.0,6.070000171661377,4100.0,5.785430431365967
2020-07-13,6.119999885559082,6.059999942779541,6.070000171661377,6.079999923706055,5200.0,5.794960975646973
2020-07-14,6.28000020980835,5.960000038146973,5.960000038146973,6.28000020980835,7100.0,5.985585689544678
2020-07-15,6.380000114440918,6.349999904632568,6.349999904632568,6.369999885559082,11000.0,6.071365833282471
2020-07-16,6.349999904632568,6.329999923706055,6.349999904632568,6.349999904632568,3000.0,6.052303314208984
2020-07-17,6.320000171661377,6.320000171661377,6.320000171661377,6.320000171661377,500.0,6.023709774017334
2020-07-20,6.300000190734863,6.260000228881836,6.289999961853027,6.260000228881836,9900.0,5.966523170471191
2020-07-21,6.429999828338623,6.260000228881836,6.260000228881836,6.429999828338623,9600.0,6.1285529136657715
2020-07-22,6.380000114440918,6.349999904632568,6.349999904632568,6.369999885559082,6800.0,6.071365833282471
2020-07-23,6.460000038146973,6.380000114440918,6.400000095367432,6.409999847412109,3200.0,6.109490871429443
2020-07-24,6.460000038146973,6.389999866485596,6.440000057220459,6.389999866485596,1100.0,6.090427875518799
2020-07-27,6.429999828338623,6.309999942779541,6.309999942779541,6.429999828338623,7800.0,6.1285529136657715
2020-07-28,6.460000038146973,6.420000076293945,6.420000076293945,6.429999828338623,1100.0,6.1285529136657715
2020-07-29,6.46999979019165,6.400000095367432,6.429999828338623,6.46999979019165,32100.0,6.166677951812744
2020-07-30,6.440000057220459,6.420000076293945,6.420000076293945,6.440000057220459,300.0,6.1380839347839355
2020-07-31,6.369999885559082,6.309999942779541,6.329999923706055,6.360000133514404,900.0,6.061834335327148
2020-08-04,6.599999904632568,6.400000095367432,6.400000095367432,6.599999904632568,4400.0,6.290583610534668
2020-08-05,6.639999866485596,6.579999923706055,6.630000114440918,6.579999923706055,2500.0,6.271520614624023
2020-08-06,6.739999771118164,6.599999904632568,6.599999904632568,6.739999771118164,4000.0,6.4240193367004395
2020-08-07,6.760000228881836,6.690000057220459,6.739999771118164,6.710000038146973,6800.0,6.395426273345947
2020-08-10,6.880000114440918,6.800000190734863,6.809999942779541,6.880000114440918,1700.0,6.5574564933776855
2020-08-11,7.099999904632568,6.940000057220459,7.099999904632568,6.940000057220459,11600.0,6.614643096923828
2020-08-12,7.079999923706055,7.0,7.0,7.079999923706055,7500.0,6.748080253601074
2020-08-13,7.090000152587891,6.989999771118164,7.090000152587891,7.019999980926514,9400.0,6.690892696380615
2020-08-14,7.059999942779541,6.909999847412109,6.909999847412109,7.059999942779541,500.0,6.72901725769043
2020-08-17,7.099999904632568,7.039999961853027,7.059999942779541,7.099999904632568,1600.0,6.767142295837402
2020-08-18,7.099999904632568,6.96999979019165,6.96999979019165,7.070000171661377,500.0,6.738548755645752
2020-08-19,7.119999885559082,7.079999923706055,7.099999904632568,7.079999923706055,2800.0,6.748080253601074
2020-08-20,7.039999961853027,6.989999771118164,6.989999771118164,7.039999961853027,1300.0,6.709955215454102
2020-08-21,7.070000171661377,6.980000019073486,7.070000171661377,6.980000019073486,3000.0,6.652768135070801
2020-08-24,7.059999942779541,7.050000190734863,7.050000190734863,7.059999942779541,2400.0,6.72901725769043
2020-08-25,7.079999923706055,6.960000038146973,7.079999923706055,6.96999979019165,5600.0,6.6432366371154785
2020-08-26,6.980000019073486,6.840000152587891,6.980000019073486,6.880000114440918,12800.0,6.5574564933776855
2020-08-27,6.900000095367432,6.849999904632568,6.849999904632568,6.869999885559082,2700.0,6.547924995422363
2020-08-28,7.019999980926514,6.880000114440918,7.019999980926514,6.900000095367432,1600.0,6.576519012451172
2020-08-31,6.900000095367432,6.760000228881836,6.900000095367432,6.760000228881836,3300.0,6.443082332611084
2020-09-01,6.829999923706055,6.730000019073486,6.730000019073486,6.820000171661377,18000.0,6.500269889831543
2020-09-02,6.820000171661377,6.809999942779541,6.809999942779541,6.820000171661377,6900.0,6.500269889831543
2020-09-03,6.800000190734863,6.710000038146973,6.800000190734863,6.71999979019165,600.0,6.404956817626953
2020-09-04,6.690000057220459,6.570000171661377,6.690000057220459,6.619999885559082,9700.0,6.309645652770996
2020-09-08,6.619999885559082,6.460000038146973,6.619999885559082,6.510000228881836,11600.0,6.204802513122559
2020-09-09,6.619999885559082,6.579999923706055,6.579999923706055,6.590000152587891,3100.0,6.2810516357421875
2020-09-10,6.570000171661377,6.46999979019165,6.570000171661377,6.46999979019165,2100.0,6.166677951812744
2020-09-11,6.489999771118164,6.429999828338623,6.489999771118164,6.440000057220459,6000.0,6.1380839347839355
2020-09-14,6.429999828338623,6.400000095367432,6.420000076293945,6.400000095367432,1000.0,6.099959373474121
2020-09-15,6.5,6.46999979019165,6.46999979019165,6.5,2300.0,6.1952714920043945
2020-09-16,6.579999923706055,6.5,6.579999923706055,6.510000228881836,3500.0,6.204802513122559
2020-09-17,6.539999961853027,6.489999771118164,6.489999771118164,6.539999961853027,5400.0,6.233396053314209
2020-09-18,6.610000133514404,6.440000057220459,6.610000133514404,6.440000057220459,4900.0,6.1380839347839355
2020-09-21,6.300000190734863,6.150000095367432,6.300000190734863,6.179999828338623,22500.0,5.890273094177246
2020-09-22,6.179999828338623,6.179999828338623,6.179999828338623,6.179999828338623,0.0,5.890273094177246
2020-09-23,6.25,6.099999904632568,6.25,6.099999904632568,800.0,5.814023494720459
2020-09-24,6.139999866485596,6.010000228881836,6.050000190734863,6.099999904632568,2500.0,5.814023494720459
2020-09-25,6.159999847412109,6.070000171661377,6.070000171661377,6.159999847412109,1800.0,5.87121057510376
2020-09-28,6.329999923706055,6.179999828338623,6.329999923706055,6.239999771118164,5100.0,5.947460174560547
2020-09-29,6.159999847412109,6.079999923706055,6.130000114440918,6.159999847412109,3700.0,5.972670078277588
2020-09-30,6.190000057220459,5.960000038146973,6.019999980926514,5.960000038146973,2500.0,5.778752326965332
2020-10-01,6.010000228881836,5.949999809265137,5.949999809265137,5.989999771118164,11600.0,5.807839393615723
2020-10-02,5.96999979019165,5.820000171661377,5.820000171661377,5.96999979019165,5300.0,5.788447380065918
2020-10-05,6.130000114440918,6.050000190734863,6.050000190734863,6.130000114440918,10400.0,5.943582057952881
2020-10-06,6.25,6.010000228881836,6.25,6.059999942779541,8700.0,5.875710964202881
2020-10-07,6.070000171661377,6.03000020980835,6.050000190734863,6.059999942779541,2200.0,5.875710964202881
2020-10-08,6.150000095367432,6.150000095367432,6.150000095367432,6.150000095367432,200.0,5.9629740715026855
2020-10-09,6.309999942779541,6.199999809265137,6.210000038146973,6.25,2500.0,6.059933185577393
2020-10-13,6.199999809265137,6.199999809265137,6.199999809265137,6.199999809265137,100.0,6.011453151702881
2020-10-14,6.179999828338623,6.110000133514404,6.110000133514404,6.130000114440918,1000.0,5.943582057952881
2020-10-15,6.159999847412109,6.039999961853027,6.099999904632568,6.159999847412109,5100.0,5.972670078277588
2020-10-16,6.130000114440918,6.099999904632568,6.130000114440918,6.110000133514404,1800.0,5.924190998077393
2020-10-19,6.190000057220459,6.139999866485596,6.190000057220459,6.139999866485596,2300.0,5.953278064727783
2020-10-20,6.190000057220459,6.119999885559082,6.130000114440918,6.190000057220459,2300.0,6.001757621765137
2020-10-21,6.139999866485596,6.050000190734863,6.050000190734863,6.110000133514404,16700.0,5.924190998077393
2020-10-22,6.25,6.199999809265137,6.199999809265137,6.25,8600.0,6.059933185577393
2020-10-23,6.230000019073486,6.159999847412109,6.230000019073486,6.190000057220459,2500.0,6.001757621765137
2020-10-26,6.070000171661377,5.989999771118164,6.070000171661377,5.989999771118164,4400.0,5.807839393615723
2020-10-27,6.0,5.980000019073486,6.0,5.989999771118164,5100.0,5.807839393615723
2020-10-28,5.880000114440918,5.829999923706055,5.849999904632568,5.840000152587891,9000.0,5.6624016761779785
2020-10-29,5.809999942779541,5.699999809265137,5.800000190734863,5.789999961853027,11400.0,5.613922119140625
2020-10-30,5.75,5.690000057220459,5.75,5.739999771118164,5100.0,5.565442085266113
2020-11-02,5.820000171661377,5.739999771118164,5.789999961853027,5.800000190734863,4200.0,5.623618125915527
2020-11-03,5.889999866485596,5.869999885559082,5.880000114440918,5.889999866485596,26000.0,5.710880756378174
2020-11-04,6.0,5.889999866485596,5.949999809265137,5.889999866485596,14900.0,5.710880756378174
2020-11-05,6.010000228881836,5.920000076293945,6.010000228881836,5.920000076293945,18600.0,5.739968299865723
2020-11-06,5.860000133514404,5.730000019073486,5.860000133514404,5.730000019073486,14500.0,5.555746555328369
2020-11-09,6.139999866485596,5.989999771118164,6.110000133514404,6.139999866485596,16700.0,5.953278064727783
2020-11-10,6.309999942779541,6.139999866485596,6.139999866485596,6.309999942779541,45900.0,6.118107795715332
2020-11-11,6.429999828338623,6.349999904632568,6.349999904632568,6.400000095367432,3900.0,6.205371379852295
2020-11-12,6.320000171661377,6.099999904632568,6.320000171661377,6.099999904632568,17700.0,5.914494514465332
2020-11-13,6.260000228881836,6.170000076293945,6.260000228881836,6.170000076293945,2700.0,5.982365608215332
2020-11-16,6.369999885559082,6.28000020980835,6.28000020980835,6.369999885559082,4300.0,6.176283359527588
2020-11-17,6.429999828338623,6.329999923706055,6.349999904632568,6.429999828338623,28300.0,6.234458923339844
2020-11-18,6.590000152587891,6.440000057220459,6.440000057220459,6.519999980926514,12200.0,6.32172155380249
2020-11-19,6.510000228881836,6.429999828338623,6.510000228881836,6.5,7900.0,6.302330493927002
2020-11-20,6.539999961853027,6.46999979019165,6.5,6.539999961853027,3000.0,6.341113567352295
2020-11-23,6.800000190734863,6.550000190734863,6.550000190734863,6.789999961853027,12100.0,6.583510875701904
2020-11-24,7.079999923706055,6.849999904632568,6.849999904632568,7.059999942779541,12700.0,6.845300197601318
2020-11-25,7.159999847412109,6.989999771118164,7.159999847412109,7.039999961853027,18800.0,6.825908660888672
2020-11-26,7.0,6.960000038146973,7.0,6.960000038146973,2400.0,6.748341083526611
2020-11-27,7.050000190734863,6.960000038146973,7.050000190734863,6.960000038146973,2000.0,6.748341083526611
2020-11-30,6.949999809265137,6.579999923706055,6.949999809265137,6.78000020980835,19700.0,6.57381534576416
2020-12-01,7.010000228881836,6.789999961853027,7.010000228881836,6.809999942779541,6700.0,6.602902412414551
2020-12-02,6.949999809265137,6.849999904632568,6.849999904632568,6.949999809265137,8400.0,6.738644599914551
2020-12-03,6.989999771118164,6.909999847412109,6.909999847412109,6.989999771118164,11300.0,6.777429103851318
2020-12-04,7.190000057220459,7.039999961853027,7.039999961853027,7.190000057220459,17800.0,6.971347332000732
2020-12-07,7.230000019073486,7.099999904632568,7.230000019073486,7.150000095367432,65000.0,6.932563304901123
2020-12-08,7.210000038146973,7.150000095367432,7.199999809265137,7.150000095367432,4100.0,6.932563304901123
2020-12-09,7.28000020980835,7.099999904632568,7.210000038146973,7.099999904632568,13700.0,6.8840837478637695
2020-12-10,7.340000152587891,7.050000190734863,7.050000190734863,7.340000152587891,19400.0,7.116785049438477
2020-12-11,7.340000152587891,7.269999980926514,7.340000152587891,7.309999942779541,15900.0,7.087697505950928
2020-12-14,7.400000095367432,7.239999771118164,7.380000114440918,7.239999771118164,44000.0,7.019826412200928
2020-12-15,7.25,7.139999866485596,7.139999866485596,7.21999979019165,7100.0,7.000434398651123
2020-12-16,7.150000095367432,7.099999904632568,7.150000095367432,7.119999885559082,11800.0,6.903475761413574
2020-12-17,7.090000152587891,7.050000190734863,7.059999942779541,7.090000152587891,16000.0,6.874388217926025
2020-12-18,7.110000133514404,7.0,7.090000152587891,7.0,17900.0,6.7871246337890625
2020-12-21,6.940000057220459,6.78000020980835,6.940000057220459,6.889999866485596,26200.0,6.680469989776611
2020-12-22,6.980000019073486,6.809999942779541,6.980000019073486,6.809999942779541,15900.0,6.602902412414551
2020-12-23,6.889999866485596,6.849999904632568,6.889999866485596,6.860000133514404,2100.0,6.651381969451904
2020-12-24,6.900000095367432,6.900000095367432,6.900000095367432,6.900000095367432,500.0,6.6901655197143555
2020-12-29,6.900000095367432,6.789999961853027,6.900000095367432,6.800000190734863,29200.0,6.593206882476807
2020-12-30,6.800000190734863,6.75,6.75,6.75,4800.0,6.632510662078857
2020-12-31,6.789999961853027,6.75,6.789999961853027,6.75,4700.0,6.632510662078857
2021-01-04,6.840000152587891,6.710000038146973,6.840000152587891,6.730000019073486,2600.0,6.612858772277832
2021-01-05,7.079999923706055,6.849999904632568,6.849999904632568,7.059999942779541,3700.0,6.937114715576172
2021-01-06,7.159999847412109,7.059999942779541,7.090000152587891,7.059999942779541,6100.0,6.937114715576172
2021-01-07,7.21999979019165,7.179999828338623,7.179999828338623,7.21999979019165,1100.0,7.094329357147217
2021-01-08,7.360000133514404,7.170000076293945,7.360000133514404,7.199999809265137,14900.0,7.07467794418335
2021-01-11,7.239999771118164,7.150000095367432,7.21999979019165,7.239999771118164,1700.0,7.1139817237854
2021-01-12,7.349999904632568,7.199999809265137,7.199999809265137,7.349999904632568,17200.0,7.222066879272461
2021-01-13,7.349999904632568,7.289999961853027,7.349999904632568,7.300000190734863,12000.0,7.172937393188477
2021-01-14,7.46999979019165,7.300000190734863,7.300000190734863,7.449999809265137,45900.0,7.320326328277588
2021-01-15,7.460000038146973,7.320000171661377,7.400000095367432,7.449999809265137,7700.0,7.320326328277588
2021-01-18,7.349999904632568,7.260000228881836,7.260000228881836,7.329999923706055,10800.0,7.2024149894714355
2021-01-19,7.559999942779541,7.380000114440918,7.380000114440918,7.559999942779541,29900.0,7.428411483764648
2021-01-20,7.590000152587891,7.5,7.590000152587891,7.53000020980835,24500.0,7.398934364318848
2021-01-21,7.519999980926514,7.369999885559082,7.5,7.409999847412109,22000.0,7.281022548675537
2021-01-22,7.389999866485596,7.289999961853027,7.389999866485596,7.360000133514404,16700.0,7.231893062591553
2021-01-25,7.369999885559082,7.309999942779541,7.349999904632568,7.369999885559082,4200.0,7.241718769073486
2021-01-26,7.400000095367432,7.210000038146973,7.400000095367432,7.25,8200.0,7.123807907104492
2021-01-27,7.230000019073486,7.099999904632568,7.179999828338623,7.150000095367432,171100.0,7.025548458099365
2021-01-28,7.170000076293945,7.139999866485596,7.150000095367432,7.139999866485596,4900.0,7.015722274780273
2021-01-29,7.639999866485596,6.96999979019165,7.639999866485596,7.03000020980835,13500.0,6.907637119293213
2021-02-01,7.130000114440918,6.96999979019165,6.96999979019165,7.099999904632568,19000.0,6.9764180183410645
2021-02-02,7.25,7.150000095367432,7.199999809265137,7.159999847412109,9500.0,7.035373687744141
2021-02-03,7.329999923706055,7.110000133514404,7.110000133514404,7.320000171661377,1500.0,7.192589282989502
2021-02-04,7.400000095367432,7.289999961853027,7.309999942779541,7.389999866485596,38800.0,7.261370658874512
2021-02-05,7.449999809265137,7.409999847412109,7.409999847412109,7.440000057220459,5600.0,7.310500621795654
2021-02-08,7.559999942779541,7.46999979019165,7.46999979019165,7.53000020980835,4300.0,7.398934364318848
2021-02-09,7.650000095367432,7.449999809265137,7.650000095367432,7.519999980926514,7300.0,7.389108180999756
2021-02-10,7.570000171661377,7.480000019073486,7.480000019073486,7.559999942779541,19600.0,7.428411483764648
2021-02-11,7.710000038146973,7.579999923706055,7.579999923706055,7.650000095367432,6600.0,7.516845703125
2021-02-12,7.699999809265137,7.610000133514404,7.610000133514404,7.670000076293945,5000.0,7.536497116088867
2021-02-16,7.829999923706055,7.71999979019165,7.71999979019165,7.800000190734863,11900.0,7.664234638214111
2021-02-17,7.769999980926514,7.650000095367432,7.670000076293945,7.71999979019165,18900.0,7.585626602172852
2021-02-18,7.679999828338623,7.619999885559082,7.650000095367432,7.650000095367432,5100.0,7.516845703125
2021-02-19,7.679999828338623,7.659999847412109,7.659999847412109,7.679999828338623,2900.0,7.546322822570801
2021-02-22,7.800000190734863,7.690000057220459,7.78000020980835,7.789999961853027,15000.0,7.6544084548950195
2021-02-23,7.840000152587891,7.53000020980835,7.840000152587891,7.760000228881836,22000.0,7.6249308586120605
2021-02-24,7.909999847412109,7.71999979019165,7.71999979019165,7.909999847412109,31600.0,7.772319793701172
2021-02-25,8.0,7.78000020980835,7.809999942779541,7.840000152587891,25500.0,7.703538417816162
2021-02-26,7.769999980926514,7.679999828338623,7.75,7.699999809265137,3900.0,7.565974712371826
2021-03-01,7.860000133514404,7.789999961853027,7.789999961853027,7.860000133514404,1100.0,7.7231903076171875
2021-03-02,7.949999809265137,7.75,7.949999809265137,7.75,3900.0,7.615104675292969
2021-03-03,7.900000095367432,7.78000020980835,7.78000020980835,7.880000114440918,4800.0,7.742842197418213
2021-03-04,8.079999923706055,7.880000114440918,7.989999771118164,8.0,18200.0,7.860753059387207
2021-03-05,8.109999656677246,7.980000019073486,8.079999923706055,8.100000381469727,32100.0,7.959012985229492
2021-03-08,8.149999618530273,8.09000015258789,8.130000114440918,8.109999656677246,5400.0,7.968837738037109
2021-03-09,8.260000228881836,8.100000381469727,8.260000228881836,8.15999984741211,18200.0,8.01796817779541
2021-03-10,8.399999618530273,8.25,8.25,8.380000114440918,24000.0,8.234138488769531
2021-03-11,8.75,8.449999809265137,8.449999809265137,8.680000305175781,12300.0,8.528918266296387
2021-03-12,8.819999694824219,8.680000305175781,8.819999694824219,8.699999809265137,10800.0,8.548568725585938
2021-03-15,8.859999656677246,8.630000114440918,8.859999656677246,8.630000114440918,13200.0,8.479787826538086
2021-03-16,8.710000038146973,8.4399995803833,8.710000038146973,8.4399995803833,8100.0,8.293094635009766
2021-03-17,8.569999694824219,7.800000190734863,8.300000190734863,8.550000190734863,25700.0,8.401180267333984
2021-03-18,8.449999809265137,8.229999542236328,8.449999809265137,8.270000457763672,31900.0,8.126054763793945
2021-03-19,8.430000305175781,8.270000457763672,8.270000457763672,8.420000076293945,2000.0,8.273443222045898
2021-03-22,8.399999618530273,8.359999656677246,8.399999618530273,8.359999656677246,2900.0,8.214486122131348
2021-03-23,8.300000190734863,8.199999809265137,8.300000190734863,8.199999809265137,5800.0,8.057271957397461
2021-03-24,8.34000015258789,8.199999809265137,8.199999809265137,8.25,6500.0,8.106401443481445
2021-03-25,8.25,8.079999923706055,8.119999885559082,8.25,16900.0,8.106401443481445
2021-03-26,8.399999618530273,8.279999732971191,8.399999618530273,8.289999961853027,7500.0,8.145706176757812
2021-03-29,8.399999618530273,8.239999771118164,8.399999618530273,8.289999961853027,4900.0,8.145706176757812
2021-03-30,8.149999618530273,8.100000381469727,8.100000381469727,8.140000343322754,4600.0,8.075270652770996
2021-03-31,8.140000343322754,8.09000015258789,8.140000343322754,8.125,4900.0,8.060389518737793
2021-04-01,8.270000457763672,8.140000343322754,8.140000343322754,8.270000457763672,2700.0,8.20423698425293
2021-04-05,8.300000190734863,8.1899995803833,8.300000190734863,8.1899995803833,5400.0,8.124872207641602
2021-04-06,8.25,8.229999542236328,8.229999542236328,8.239999771118164,10000.0,8.174474716186523
2021-04-07,8.289999961853027,8.270000457763672,8.279999732971191,8.270000457763672,13300.0,8.20423698425293
2021-04-08,8.25,8.170000076293945,8.199999809265137,8.25,7100.0,8.184394836425781
2021-04-09,8.25,8.079999923706055,8.079999923706055,8.1899995803833,2600.0,8.124872207641602
2021-04-12,8.229999542236328,8.15999984741211,8.15999984741211,8.210000038146973,10800.0,8.144713401794434
2021-04-13,8.289999961853027,8.149999618530273,8.289999961853027,8.149999618530273,10600.0,8.085189819335938
2021-04-14,8.300000190734863,8.239999771118164,8.25,8.239999771118164,6400.0,8.174474716186523
2021-04-15,8.25,8.199999809265137,8.25,8.229999542236328,11800.0,8.16455364227295
2021-04-16,8.255000114440918,8.1899995803833,8.255000114440918,8.220000267028809,2700.0,8.154634475708008
2021-04-19,8.279999732971191,8.130000114440918,8.130000114440918,8.239999771118164,5000.0,8.174474716186523
2021-04-20,8.239999771118164,8.09000015258789,8.239999771118164,8.15999984741211,13300.0,8.095110893249512
2021-04-21,8.15999984741211,8.140000343322754,8.149999618530273,8.15999984741211,9400.0,8.095110893249512
2021-04-22,8.149999618530273,8.109999656677246,8.149999618530273,8.109999656677246,1500.0,8.04550838470459
2021-04-23,8.170000076293945,8.100000381469727,8.100000381469727,8.170000076293945,1300.0,8.10503101348877
2021-04-26,8.289999961853027,8.199999809265137,8.199999809265137,8.289999961853027,10400.0,8.224077224731445
2021-04-27,8.359999656677246,8.279999732971191,8.279999732971191,8.359999656677246,5200.0,8.293519973754883
2021-04-28,8.470000267028809,8.399999618530273,8.470000267028809,8.4399995803833,2900.0,8.372883796691895
2021-04-29,8.5600004196167,8.449999809265137,8.449999809265137,8.510000228881836,16700.0,8.442327499389648
2021-04-30,8.529999732971191,8.520000457763672,8.520000457763672,8.520000457763672,3200.0,8.452248573303223
2021-05-03,8.579999923706055,8.550000190734863,8.550000190734863,8.569999694824219,7100.0,8.501850128173828
2021-05-04,8.609999656677246,8.569999694824219,8.600000381469727,8.609999656677246,16100.0,8.541532516479492
2021-05-05,8.720000267028809,8.640000343322754,8.699999809265137,8.6850004196167,10600.0,8.615936279296875
2021-05-06,8.649999618530273,8.529999732971191,8.640000343322754,8.640000343322754,40500.0,8.571293830871582
2021-05-07,8.649999618530273,8.470000267028809,8.470000267028809,8.649999618530273,26100.0,8.58121395111084
2021-05-10,8.770000457763672,8.640000343322754,8.640000343322754,8.670000076293945,10000.0,8.601055145263672
2021-05-11,8.609999656677246,8.470000267028809,8.470000267028809,8.609999656677246,7300.0,8.541532516479492
2021-05-12,8.710000038146973,8.529999732971191,8.710000038146973,8.5600004196167,16400.0,8.491930961608887
2021-05-13,8.5600004196167,8.5,8.5600004196167,8.550000190734863,16000.0,8.482009887695312
2021-05-14,8.619999885559082,8.574999809265137,8.619999885559082,8.59000015258789,4900.0,8.52169132232666
2021-05-17,8.729999542236328,8.640000343322754,8.640000343322754,8.729999542236328,7700.0,8.660577774047852
2021-05-18,8.75,8.6899995803833,8.739999771118164,8.75,3000.0,8.680418968200684
2021-05-19,8.680000305175781,8.5600004196167,8.680000305175781,8.649999618530273,4900.0,8.58121395111084
2021-05-20,8.630000114440918,8.569999694824219,8.569999694824219,8.630000114440918,1700.0,8.561373710632324
2021-05-21,8.680000305175781,8.630000114440918,8.680000305175781,8.680000305175781,700.0,8.610976219177246
2021-05-25,8.75,8.600000381469727,8.75,8.609999656677246,3000.0,8.541532516479492
2021-05-26,8.6899995803833,8.680000305175781,8.6899995803833,8.680000305175781,600.0,8.610976219177246
2021-05-27,8.739999771118164,8.680000305175781,8.680000305175781,8.720000267028809,6100.0,8.650657653808594
2021-05-28,8.770000457763672,8.760000228881836,8.760000228881836,8.760000228881836,3300.0,8.690340042114258
2021-05-31,8.890000343322754,8.75,8.890000343322754,8.75,5100.0,8.680418968200684
2021-06-01,9.0,8.760000228881836,8.760000228881836,8.970000267028809,7500.0,8.898670196533203
2021-06-02,9.09000015258789,9.09000015258789,9.09000015258789,9.09000015258789,700.0,9.017715454101562
2021-06-03,9.1899995803833,9.029999732971191,9.1899995803833,9.130000114440918,10400.0,9.057397842407227
2021-06-04,9.229999542236328,9.130000114440918,9.130000114440918,9.229999542236328,1700.0,9.156601905822754
2021-06-07,9.270000457763672,9.220000267028809,9.239999771118164,9.260000228881836,18800.0,9.18636417388916
2021-06-08,9.329999923706055,9.109999656677246,9.109999656677246,9.319999694824219,5200.0,9.245885848999023
2021-06-09,9.34000015258789,9.289999961853027,9.319999694824219,9.329999923706055,4000.0,9.255806922912598
2021-06-10,9.380000114440918,9.380000114440918,9.380000114440918,9.380000114440918,1100.0,9.30540943145752
2021-06-11,9.460000038146973,9.25,9.25,9.4399995803833,3400.0,9.3649320602417
2021-06-14,9.510000228881836,9.380000114440918,9.479999542236328,9.380000114440918,4200.0,9.30540943145752
2021-06-15,9.460000038146973,9.420000076293945,9.4399995803833,9.460000038146973,4100.0,9.384773254394531
2021-06-16,9.510000228881836,9.390000343322754,9.510000228881836,9.4399995803833,21700.0,9.3649320602417
2021-06-17,9.5,9.1899995803833,9.5,9.25,16100.0,9.176443099975586
2021-06-18,9.239999771118164,9.140000343322754,9.180000305175781,9.180000305175781,4900.0,9.107000350952148
2021-06-21,9.260000228881836,9.210000038146973,9.210000038146973,9.260000228881836,3800.0,9.18636417388916
2021-06-22,9.270000457763672,9.1899995803833,9.25,9.270000457763672,4400.0,9.196284294128418
2021-06-23,9.359999656677246,9.300000190734863,9.329999923706055,9.350000381469727,48200.0,9.27564811706543
2021-06-24,9.300000190734863,9.25,9.300000190734863,9.289999961853027,2800.0,9.216124534606934
2021-06-25,9.279999732971191,9.260000228881836,9.260000228881836,9.279999732971191,15200.0,9.206204414367676
2021-06-28,9.399999618530273,9.15999984741211,9.399999618530273,9.180000305175781,5800.0,9.107000350952148
2021-06-29,9.199999809265137,9.109999656677246,9.109999656677246,9.15999984741211,4500.0,9.15999984741211
2021-06-30,9.260000228881836,9.1899995803833,9.1899995803833,9.239999771118164,3500.0,9.239999771118164
2021-07-02,9.390000343322754,9.220000267028809,9.390000343322754,9.3100004196167,6800.0,9.3100004196167
2021-07-05,9.300000190734863,9.300000190734863,9.300000190734863,9.300000190734863,1100.0,9.300000190734863
2021-07-06,9.300000190734863,9.15999984741211,9.300000190734863,9.15999984741211,15700.0,9.15999984741211
2021-07-07,9.149999618530273,9.09000015258789,9.149999618530273,9.130000114440918,22200.0,9.130000114440918
2021-07-08,9.09000015258789,9.020000457763672,9.09000015258789,9.050000190734863,9300.0,9.050000190734863
2021-07-09,9.199999809265137,9.0600004196167,9.0600004196167,9.199999809265137,5400.0,9.199999809265137
2021-07-12,9.270000457763672,9.140000343322754,9.270000457763672,9.220000267028809,3900.0,9.220000267028809
2021-07-13,9.1899995803833,9.130000114440918,9.130000114440918,9.1899995803833,2100.0,9.1899995803833
2021-07-14,9.1899995803833,9.069999694824219,9.1899995803833,9.069999694824219,2800.0,9.069999694824219
2021-07-15,9.100000381469727,9.029999732971191,9.029999732971191,9.050000190734863,2300.0,9.050000190734863
2021-07-16,9.100000381469727,8.9399995803833,9.100000381469727,8.949999809265137,12600.0,8.949999809265137
2021-07-19,8.789999961853027,8.670000076293945,8.729999542236328,8.720000267028809,10300.0,8.720000267028809
2021-07-20,8.819999694824219,8.760000228881836,8.789999961853027,8.779999732971191,14800.0,8.779999732971191
2021-07-21,8.960000038146973,8.890000343322754,8.890000343322754,8.930000305175781,4000.0,8.930000305175781
2021-07-22,9.0600004196167,8.899999618530273,9.0600004196167,8.899999618530273,1900.0,8.899999618530273
2021-07-23,8.9399995803833,8.880000114440918,8.880000114440918,8.9399995803833,4900.0,8.9399995803833
2021-07-26,9.010000228881836,8.9399995803833,8.9399995803833,8.979999542236328,3900.0,8.979999542236328
2021-07-27,8.960000038146973,8.9399995803833,8.960000038146973,8.9399995803833,1300.0,8.9399995803833
2021-07-28,9.0,8.970000267028809,8.970000267028809,9.0,18800.0,9.0
2021-07-29,9.069999694824219,9.010000228881836,9.020000457763672,9.050000190734863,50300.0,9.050000190734863
2021-07-30,9.050000190734863,9.0,9.050000190734863,9.050000190734863,2500.0,9.050000190734863
2021-08-03,9.130000114440918,9.020000457763672,9.020000457763672,9.09000015258789,36800.0,9.09000015258789
2021-08-04,9.010000228881836,9.010000228881836,9.010000228881836,9.010000228881836,1500.0,9.010000228881836
2021-08-05,9.079999923706055,8.850000381469727,8.850000381469727,9.0,2800.0,9.0
2021-08-06,9.03499984741211,8.989999771118164,9.0,9.03499984741211,23300.0,9.03499984741211
2021-08-09,8.930000305175781,8.930000305175781,8.930000305175781,8.930000305175781,1400.0,8.930000305175781
2021-08-10,9.020000457763672,8.970000267028809,8.979999542236328,9.020000457763672,5500.0,9.020000457763672
2021-08-11,9.079999923706055,9.029999732971191,9.0600004196167,9.079999923706055,4800.0,9.079999923706055
2021-08-12,9.020000457763672,9.0,9.020000457763672,9.0,1200.0,9.0
2021-08-13,9.140000343322754,8.930000305175781,9.140000343322754,8.930000305175781,13500.0,8.930000305175781
2021-08-16,8.880000114440918,8.75,8.75,8.869999885559082,3500.0,8.869999885559082
2021-08-17,8.800000190734863,8.739999771118164,8.800000190734863,8.779999732971191,1500.0,8.779999732971191
2021-08-18,8.800000190734863,8.739999771118164,8.739999771118164,8.770000457763672,4800.0,8.770000457763672
2021-08-19,8.729999542236328,8.539999961853027,8.729999542236328,8.59000015258789,22300.0,8.59000015258789
2021-08-20,8.65999984741211,8.640000343322754,8.640000343322754,8.640000343322754,3000.0,8.640000343322754
2021-08-23,8.770000457763672,8.670000076293945,8.670000076293945,8.75,4800.0,8.75
2021-08-24,8.90999984741211,8.795000076293945,8.795000076293945,8.899999618530273,1100.0,8.899999618530273
2021-08-25,8.960000038146973,8.90999984741211,8.90999984741211,8.960000038146973,1300.0,8.960000038146973
2021-08-26,8.880000114440918,8.880000114440918,8.880000114440918,8.880000114440918,16700.0,8.880000114440918
2021-08-27,8.989999771118164,8.880000114440918,8.880000114440918,8.979999542236328,146700.0,8.979999542236328
2021-08-30,8.960000038146973,8.949999809265137,8.949999809265137,8.960000038146973,6000.0,8.960000038146973
2021-08-31,8.949999809265137,8.9399995803833,8.949999809265137,8.9399995803833,300.0,8.9399995803833
2021-09-01,8.949999809265137,8.789999961853027,8.789999961853027,8.949999809265137,4100.0,8.949999809265137
2021-09-02,9.0,8.960000038146973,9.0,9.0,2300.0,9.0
2021-09-03,9.010000228881836,8.979999542236328,9.010000228881836,9.0,1600.0,9.0
2021-09-07,9.020000457763672,8.899999618530273,9.0,9.020000457763672,10300.0,9.020000457763672
2021-09-08,9.109999656677246,9.039999961853027,9.0600004196167,9.0600004196167,8500.0,9.0600004196167
2021-09-09,9.0600004196167,9.0,9.0600004196167,9.029999732971191,9600.0,9.029999732971191
2021-09-10,9.069999694824219,9.050000190734863,9.050000190734863,9.050000190734863,4700.0,9.050000190734863
2021-09-13,9.25,9.130000114440918,9.15999984741211,9.210000038146973,12600.0,9.210000038146973
2021-09-14,9.220000267028809,9.140000343322754,9.199999809265137,9.1899995803833,2500.0,9.1899995803833
2021-09-15,9.34000015258789,9.15999984741211,9.15999984741211,9.3100004196167,7000.0,9.3100004196167
2021-09-16,9.40999984741211,9.170000076293945,9.170000076293945,9.359999656677246,4200.0,9.359999656677246
2021-09-17,9.399999618530273,9.270000457763672,9.399999618530273,9.300000190734863,4200.0,9.300000190734863
2021-09-20,9.140000343322754,8.9399995803833,9.100000381469727,9.0,8000.0,9.0
2021-09-21,9.069999694824219,9.010000228881836,9.010000228881836,9.039999961853027,3300.0,9.039999961853027
2021-09-22,9.130000114440918,9.130000114440918,9.130000114440918,9.130000114440918,100.0,9.130000114440918
2021-09-23,9.289999961853027,9.180000305175781,9.180000305175781,9.239999771118164,3700.0,9.239999771118164
2021-09-24,9.300000190734863,9.199999809265137,9.199999809265137,9.300000190734863,6300.0,9.300000190734863
2021-09-27,9.470000267028809,9.300000190734863,9.300000190734863,9.449999809265137,11400.0,9.449999809265137
2021-09-28,9.369999885559082,9.279999732971191,9.359999656677246,9.279999732971191,18600.0,9.279999732971191
2021-09-29,9.359999656677246,9.210000038146973,9.210000038146973,9.329999923706055,5700.0,9.329999923706055
2021-09-30,9.3100004196167,9.270000457763672,9.270000457763672,9.279999732971191,4000.0,9.279999732971191
2021-10-01,9.380000114440918,9.279999732971191,9.279999732971191,9.350000381469727,2000.0,9.350000381469727
2021-10-04,9.449999809265137,9.319999694824219,9.449999809265137,9.319999694824219,4500.0,9.319999694824219
2021-10-05,9.420000076293945,9.34000015258789,9.399999618530273,9.420000076293945,6400.0,9.420000076293945
2021-10-06,9.34000015258789,9.279999732971191,9.279999732971191,9.329999923706055,2600.0,9.329999923706055
2021-10-07,9.470000267028809,9.40999984741211,9.470000267028809,9.420000076293945,6900.0,9.420000076293945
2021-10-08,9.5600004196167,9.529999732971191,9.529999732971191,9.5600004196167,3100.0,9.5600004196167
2021-10-12,10.0,9.529999732971191,10.0,9.529999732971191,10300.0,9.529999732971191
2021-10-13,9.600000381469727,9.420000076293945,9.600000381469727,9.550000190734863,5700.0,9.550000190734863
2021-10-14,10.34000015258789,9.630000114440918,10.34000015258789,9.75,9000.0,9.75
2021-10-15,9.869999885559082,9.789999961853027,9.869999885559082,9.819999694824219,6900.0,9.819999694824219
2021-10-18,9.960000038146973,9.720000267028809,9.960000038146973,9.760000228881836,5100.0,9.760000228881836
2021-10-19,9.899999618530273,9.760000228881836,9.899999618530273,9.760000228881836,3800.0,9.760000228881836
2021-10-20,9.819999694824219,9.75,9.819999694824219,9.8100004196167,22900.0,9.8100004196167
2021-10-21,9.760000228881836,9.720000267028809,9.75,9.739999771118164,4800.0,9.739999771118164
2021-10-22,9.75,9.710000038146973,9.75,9.739999771118164,13900.0,9.739999771118164
2021-10-25,9.770000457763672,9.739999771118164,9.770000457763672,9.739999771118164,7500.0,9.739999771118164
