Date,High,Low,Open,Close,Volume,Adj Close
2000-01-03,4.0625,3.984375,4.007812976837158,4.015625,1220000.0,4.015625
2000-01-04,3.984375,3.625,3.953125,3.65625,4204000.0,3.65625
2000-01-05,3.8125,3.6875,3.75,3.765625,3565200.0,3.765625
2000-01-06,3.78125,3.71875,3.765625,3.75,2865200.0,3.75
2000-01-07,3.96875,3.6875,3.757812976837158,3.953125,2336000.0,3.953125
2000-01-10,4.109375,3.921875,3.953125,4.09375,620400.0,4.09375
2000-01-11,4.453125,4.09375,4.109375,4.4375,2500800.0,4.4375
2000-01-12,4.4375,4.296875,4.34375,4.375,1569600.0,4.375
2000-01-13,4.4375,4.3125,4.421875,4.4375,1152400.0,4.4375
2000-01-14,4.546875,4.3125,4.390625,4.421875,1019600.0,4.421875
2000-01-18,4.40625,4.28125,4.390625,4.28125,3671600.0,4.28125
2000-01-19,4.296875,4.1875,4.289062976837158,4.21875,2106800.0,4.21875
2000-01-20,4.21875,3.96875,4.1875,4.125,1270400.0,4.125
2000-01-21,4.171875,4.070312976837158,4.125,4.09375,461600.0,4.09375
2000-01-24,4.109375,4.0,4.09375,4.015625,758400.0,4.015625
2000-01-25,4.03125,3.765625,4.007812976837158,3.78125,5472800.0,3.78125
2000-01-26,4.125,3.796875,3.84375,3.984375,2132400.0,3.984375
2000-01-27,4.0,3.90625,3.96875,3.90625,740400.0,3.90625
2000-01-28,4.21875,3.890625,4.015625,4.0,723600.0,4.0
2000-01-31,3.9375,3.65625,3.914062976837158,3.765625,1909200.0,3.765625
2000-02-01,4.15625,3.734375,3.84375,4.0625,1814000.0,4.0625
2000-02-02,4.15625,3.9375,3.992187976837158,4.109375,1836000.0,4.109375
2000-02-03,4.375,4.125,4.171875,4.375,1960400.0,4.375
2000-02-04,4.484375,4.3125,4.320312976837158,4.421875,1971200.0,4.421875
2000-02-07,4.5,4.4375,4.46875,4.484375,1440400.0,4.484375
2000-02-08,4.8125,4.46875,4.5,4.71875,1374400.0,4.71875
2000-02-09,4.640625,4.484375,4.59375,4.484375,709600.0,4.484375
2000-02-10,4.5625,4.4375,4.5625,4.5,1322000.0,4.5
2000-02-11,4.5625,4.46875,4.5,4.492187976837158,762000.0,4.492187976837158
2000-02-14,4.625,4.46875,4.484375,4.578125,912400.0,4.578125
2000-02-15,4.71875,4.484375,4.53125,4.53125,1932800.0,4.53125
2000-02-16,5.1875,4.53125,4.625,5.0625,1170000.0,5.0625
2000-02-17,5.25,4.9375,4.96875,5.15625,1514000.0,5.15625
2000-02-18,5.234375,4.875,5.21875,4.96875,1434800.0,4.96875
2000-02-22,5.09375,4.96875,4.96875,5.09375,845200.0,5.09375
2000-02-23,5.8125,5.03125,5.03125,5.75,1756800.0,5.75
2000-02-24,6.25,5.625,5.765625,6.078125,1912400.0,6.078125
2000-02-25,7.609375,5.9375,6.015625,7.046875,7387600.0,7.046875
2000-02-28,7.21875,6.75,7.015625,7.140625,4328400.0,7.140625
2000-02-29,7.5,6.953125,7.09375,7.390625,4144800.0,7.390625
2000-03-01,7.484375,7.082030773162842,7.375,7.28125,2490800.0,7.28125
2000-03-02,7.25,7.03125,7.179687976837158,7.171875,1358400.0,7.171875
2000-03-03,7.25,7.125,7.125,7.25,830800.0,7.25
2000-03-06,7.3125,7.03125,7.171875,7.09375,3761200.0,7.09375
2000-03-07,7.015625,6.75,7.0,6.921875,2091200.0,6.921875
2000-03-08,7.03125,6.40625,6.796875,7.0,1628800.0,7.0
2000-03-09,7.15625,6.875,6.9375,7.125,1281600.0,7.125
2000-03-10,7.46875,6.90625,7.0625,6.984375,2014000.0,6.984375
2000-03-13,6.9375,6.625,6.929687976837158,6.625,855200.0,6.625
2000-03-14,6.8125,6.1875,6.625,6.390625,1654000.0,6.390625
2000-03-15,6.90625,6.28125,6.390625,6.671875,1332800.0,6.671875
2000-03-16,7.046875,6.6875,6.820312976837158,7.046875,1070000.0,7.046875
2000-03-17,7.09375,6.234375,6.945312976837158,6.453125,702800.0,6.453125
2000-03-20,6.90625,6.28125,6.40625,6.59375,1115600.0,6.59375
2000-03-21,6.765625,6.484375,6.59375,6.765625,796800.0,6.765625
2000-03-22,6.8125,6.53125,6.78125,6.765625,984400.0,6.765625
2000-03-23,6.8125,6.703125,6.75,6.765625,429200.0,6.765625
2000-03-24,6.796875,6.6875,6.742187976837158,6.71875,794000.0,6.71875
2000-03-27,6.78125,6.59375,6.625,6.695312976837158,1518000.0,6.695312976837158
2000-03-28,6.71875,6.53125,6.6875,6.546875,1005200.0,6.546875
2000-03-29,6.546875,6.375,6.5,6.375,781200.0,6.375
2000-03-30,6.390625,5.4375,6.390625,5.5,574400.0,5.5
2000-03-31,5.9375,5.125,5.75,5.828125,1414800.0,5.828125
2000-04-03,5.84375,5.46875,5.84375,5.734375,414400.0,5.734375
2000-04-04,5.78125,5.421875,5.78125,5.5,503200.0,5.5
2000-04-05,5.75,5.40625,5.46875,5.546875,950400.0,5.546875
2000-04-06,5.921875,5.53125,5.53125,5.921875,258800.0,5.921875
2000-04-07,5.953125,5.515625,5.875,5.734375,282800.0,5.734375
2000-04-10,5.96875,5.484375,5.78125,5.484375,336000.0,5.484375
2000-04-11,5.59375,5.28125,5.484375,5.328125,418400.0,5.328125
2000-04-12,5.5,5.3125,5.4375,5.4375,944000.0,5.4375
2000-04-13,6.15625,5.3125,5.46875,5.5625,1354800.0,5.5625
2000-04-14,6.125,5.53125,5.5625,5.921875,1571200.0,5.921875
2000-04-17,6.34375,5.875,5.875,6.34375,2034000.0,6.34375
2000-04-18,6.3125,6.171875,6.25,6.203125,1342400.0,6.203125
2000-04-19,6.296875,6.15625,6.21875,6.15625,1090800.0,6.15625
2000-04-20,6.453125,6.15625,6.15625,6.4375,1204800.0,6.4375
2000-04-24,6.25,6.171875,6.21875,6.21875,614000.0,6.21875
2000-04-25,6.625,6.21875,6.21875,6.234375,1476400.0,6.234375
2000-04-26,6.34375,6.1875,6.1875,6.3125,582800.0,6.3125
2000-04-27,6.34375,6.125,6.1875,6.34375,393200.0,6.34375
2000-04-28,6.5625,6.28125,6.28125,6.5625,1351200.0,6.5625
2000-05-01,7.4375,6.84375,7.34375,7.03125,2441600.0,7.03125
2000-05-02,7.015625,6.609375,7.007812976837158,6.640625,420000.0,6.640625
2000-05-03,6.703125,6.15625,6.695312976837158,6.328125,726800.0,6.328125
2000-05-04,6.40625,6.265625,6.265625,6.375,330400.0,6.375
2000-05-05,6.828125,6.3125,6.34375,6.46875,590000.0,6.46875
2000-05-08,6.78125,6.46875,6.46875,6.75,281600.0,6.75
2000-05-09,6.757812976837158,6.40625,6.75,6.71875,418000.0,6.71875
2000-05-10,6.734375,6.34375,6.734375,6.453125,546000.0,6.453125
2000-05-11,6.765625,6.4375,6.5,6.734375,677600.0,6.734375
2000-05-12,6.78125,6.625,6.671875,6.6875,472400.0,6.6875
2000-05-15,6.875,6.53125,6.570312976837158,6.84375,660400.0,6.84375
2000-05-16,6.921875,6.75,6.75,6.90625,450000.0,6.90625
2000-05-17,6.859375,6.65625,6.78125,6.6875,601600.0,6.6875
2000-05-18,6.6875,6.40625,6.6875,6.484375,1360400.0,6.484375
2000-05-19,6.53125,6.25,6.3125,6.5,641600.0,6.5
2000-05-22,6.5,6.1875,6.5,6.3125,792000.0,6.3125
2000-05-23,6.40625,6.25,6.296875,6.3125,909600.0,6.3125
2000-05-24,6.453125,6.25,6.3125,6.375,400800.0,6.375
2000-05-25,6.4375,6.25,6.429687976837158,6.25,374800.0,6.25
2000-05-26,6.5,6.03125,6.25,6.0625,554000.0,6.0625
2000-05-30,6.21875,5.875,5.90625,6.1875,457200.0,6.1875
2000-05-31,6.390625,6.09375,6.1875,6.203125,539600.0,6.203125
2000-06-01,6.296875,5.8125,5.8125,6.125,1314000.0,6.125
2000-06-02,6.421875,6.125,6.125,6.34375,1023600.0,6.34375
2000-06-05,6.3125,5.90625,6.3125,6.0,961200.0,6.0
2000-06-06,6.4375,5.90625,5.9375,6.40625,952400.0,6.40625
2000-06-07,6.515625,6.296875,6.453125,6.515625,1326800.0,6.515625
2000-06-08,6.53125,6.1875,6.515625,6.203125,471200.0,6.203125
2000-06-09,6.25,5.96875,6.25,6.125,2187600.0,6.125
2000-06-12,6.21875,5.625,6.21875,5.625,1516400.0,5.625
2000-06-13,5.890625,5.734375,5.859375,5.84375,1870400.0,5.84375
2000-06-14,5.984375,5.84375,5.90625,5.953125,1384000.0,5.953125
2000-06-15,6.0,5.796875,5.9375,5.921875,1548400.0,5.921875
2000-06-16,5.96875,5.703125,5.796875,5.890625,2506400.0,5.890625
2000-06-19,5.921875,5.84375,5.90625,5.875,1150800.0,5.875
2000-06-20,5.894530773162842,5.734375,5.859375,5.765625,256400.0,5.765625
2000-06-21,5.875,5.625,5.703125,5.84375,472800.0,5.84375
2000-06-22,5.8125,5.59375,5.75,5.609375,669200.0,5.609375
2000-06-23,5.6875,5.53125,5.625,5.609375,858800.0,5.609375
2000-06-26,5.859375,5.53125,5.578125,5.78125,782000.0,5.78125
2000-06-27,5.777344226837158,5.640625,5.765625,5.640625,2342000.0,5.640625
2000-06-28,5.671875,5.46875,5.640625,5.484375,3856400.0,5.484375
2000-06-29,5.53125,5.4375,5.46875,5.5,3847600.0,5.5
2000-06-30,5.75,5.46875,5.46875,5.71875,5700800.0,5.71875
2000-07-03,5.75,5.46875,5.53125,5.6875,436000.0,5.6875
2000-07-05,5.71875,5.4375,5.5625,5.46875,905600.0,5.46875
2000-07-06,5.59375,5.453125,5.484375,5.53125,1499600.0,5.53125
2000-07-07,5.5625,5.421875,5.53125,5.5,1243600.0,5.5
2000-07-10,5.5,5.328125,5.421875,5.359375,1328400.0,5.359375
2000-07-11,5.46875,5.359375,5.40625,5.375,399200.0,5.375
2000-07-12,5.46875,5.265625,5.46875,5.34375,494000.0,5.34375
2000-07-13,5.34375,5.25,5.328125,5.296875,822400.0,5.296875
2000-07-14,5.449219226837158,5.125,5.25,5.25,1355600.0,5.25
2000-07-17,5.53125,5.15625,5.296875,5.296875,1546800.0,5.296875
2000-07-18,5.875,5.3125,5.359375,5.671875,3486400.0,5.671875
2000-07-19,5.6875,5.46875,5.6875,5.53125,566400.0,5.53125
2000-07-20,5.65625,5.53125,5.625,5.59375,429200.0,5.59375
2000-07-21,5.625,5.203125,5.625,5.25,482000.0,5.25
2000-07-24,5.9375,5.421875,5.421875,5.90625,1972000.0,5.90625
2000-07-25,6.03125,5.625,6.015625,5.6875,2123200.0,5.6875
2000-07-26,6.25,5.65625,5.6875,6.015625,841600.0,6.015625
2000-07-27,6.046875,5.71875,6.0,5.875,803600.0,5.875
2000-07-28,6.09375,5.84375,5.945312976837158,5.875,663200.0,5.875
2000-07-31,6.09375,5.6875,5.859375,6.0625,496000.0,6.0625
2000-08-01,6.296875,5.796875,6.015625,6.296875,716400.0,6.296875
2000-08-02,6.359375,6.0625,6.25,6.140625,488000.0,6.140625
2000-08-03,6.515625,6.0625,6.1875,6.3125,682400.0,6.3125
2000-08-04,6.625,6.09375,6.3125,6.375,527600.0,6.375
2000-08-07,6.515625,6.25,6.3125,6.5,488400.0,6.5
2000-08-08,6.484375,6.3125,6.4375,6.375,2885200.0,6.375
2000-08-09,6.484375,6.34375,6.34375,6.40625,1374400.0,6.40625
2000-08-10,6.46875,6.3125,6.40625,6.375,518000.0,6.375
2000-08-11,6.6875,6.375,6.375,6.6875,699200.0,6.6875
2000-08-14,6.78125,6.46875,6.5,6.671875,456000.0,6.671875
2000-08-15,6.8125,6.65625,6.679687976837158,6.75,580400.0,6.75
2000-08-16,6.890625,6.671875,6.6875,6.765625,1786000.0,6.765625
2000-08-17,6.859375,6.734375,6.75,6.796875,622000.0,6.796875
2000-08-18,6.84375,6.65625,6.6875,6.828125,2058800.0,6.828125
2000-08-21,7.0625,6.828125,6.828125,6.90625,792400.0,6.90625
2000-08-22,6.96875,6.875,6.875,6.875,80000.0,6.875
2000-08-23,6.96875,6.828125,6.96875,6.953125,392800.0,6.953125
2000-08-24,6.953125,6.84375,6.953125,6.859375,812000.0,6.859375
2000-08-25,6.890625,6.582030773162842,6.890625,6.78125,628800.0,6.78125
2000-08-28,6.734375,6.40625,6.703125,6.546875,363200.0,6.546875
2000-08-29,6.875,6.53125,6.53125,6.734375,804400.0,6.734375
2000-08-30,6.890625,6.609375,6.804687976837158,6.8125,274400.0,6.8125
2000-08-31,6.796875,6.5,6.78125,6.53125,900800.0,6.53125
2000-09-01,6.75,6.4375,6.53125,6.75,336400.0,6.75
2000-09-05,6.742187976837158,6.359375,6.734375,6.359375,374400.0,6.359375
2000-09-06,6.75,6.359375,6.359375,6.359375,745200.0,6.359375
2000-09-07,6.640625,6.328125,6.40625,6.484375,415600.0,6.484375
2000-09-08,6.640625,6.359375,6.5,6.46875,438800.0,6.46875
2000-09-11,6.78125,6.25,6.492187976837158,6.609375,835200.0,6.609375
2000-09-12,6.742187976837158,6.53125,6.742187976837158,6.59375,612800.0,6.59375
2000-09-13,6.84375,6.5,6.609375,6.6875,790800.0,6.6875
2000-09-14,6.875,6.5625,6.734375,6.671875,793600.0,6.671875
2000-09-15,6.5625,6.328125,6.375,6.46875,1656400.0,6.46875
2000-09-18,6.609375,6.3125,6.484375,6.578125,1975200.0,6.578125
2000-09-19,6.640625,6.3125,6.5625,6.4375,1799200.0,6.4375
2000-09-20,6.53125,6.328125,6.4375,6.40625,1907200.0,6.40625
2000-09-21,6.5625,6.328125,6.414062976837158,6.40625,287600.0,6.40625
2000-09-22,6.53125,6.328125,6.390625,6.4375,1068800.0,6.4375
2000-09-25,6.46875,6.0,6.421875,6.125,1248800.0,6.125
2000-09-26,6.296875,5.875,6.140625,6.265625,1220800.0,6.265625
2000-09-27,6.34375,6.0625,6.203125,6.28125,2184800.0,6.28125
2000-09-28,7.0,6.25,6.28125,6.875,2209600.0,6.875
2000-09-29,6.875,6.671875,6.859375,6.6875,1693200.0,6.6875
2000-10-02,6.6875,6.046875,6.671875,6.109375,2006800.0,6.109375
2000-10-03,6.375,5.875,6.21875,6.046875,4321200.0,6.046875
2000-10-04,6.125,5.859375,6.125,5.921875,2648400.0,5.921875
2000-10-05,6.1875,5.902344226837158,5.941405773162842,6.09375,532800.0,6.09375
2000-10-06,6.140625,5.84375,6.109375,5.859375,3104000.0,5.859375
2000-10-09,5.890625,5.390625,5.84375,5.40625,1360000.0,5.40625
2000-10-10,5.515625,5.375,5.4375,5.453125,1490400.0,5.453125
2000-10-11,5.515625,5.28125,5.46875,5.4375,1756800.0,5.4375
2000-10-12,5.578125,5.421875,5.453125,5.5625,1771200.0,5.5625
2000-10-13,5.65625,5.03125,5.578125,5.53125,1702800.0,5.53125
2000-10-16,6.1875,5.4375,5.4375,6.15625,1977600.0,6.15625
2000-10-17,6.109375,5.84375,6.101562976837158,5.84375,1433200.0,5.84375
2000-10-18,6.03125,5.8125,5.84375,5.96875,1263600.0,5.96875
2000-10-19,6.546875,5.96875,5.96875,6.53125,1470800.0,6.53125
2000-10-20,6.792969226837158,6.453125,6.5,6.734375,2233600.0,6.734375
2000-10-23,6.796875,6.65625,6.734375,6.671875,1324400.0,6.671875
2000-10-24,6.65625,6.03125,6.65625,6.203125,1402400.0,6.203125
2000-10-25,6.296875,6.15625,6.1875,6.265625,637600.0,6.265625
2000-10-26,6.328125,6.140625,6.28125,6.3125,653200.0,6.3125
2000-10-27,6.328125,6.203125,6.328125,6.234375,817600.0,6.234375
2000-10-30,6.203125,6.09375,6.203125,6.109375,382400.0,6.109375
2000-10-31,6.125,5.90625,6.09375,6.0,861600.0,6.0
2000-11-01,6.0625,5.9375,6.050780773162842,5.953125,784400.0,5.953125
2000-11-02,6.125,5.9375,5.980469226837158,6.113280773162842,1412000.0,6.113280773162842
2000-11-03,6.140625,6.015625,6.109375,6.109375,570800.0,6.109375
2000-11-06,6.46875,6.03125,6.03125,6.25,358000.0,6.25
2000-11-07,6.46875,6.3125,6.34375,6.46875,737600.0,6.46875
2000-11-08,6.714844226837158,6.390625,6.390625,6.390625,780000.0,6.390625
2000-11-09,6.46875,6.140625,6.425780773162842,6.28125,603600.0,6.28125
2000-11-10,6.28125,6.078125,6.25,6.25,725600.0,6.25
2000-11-13,6.40625,5.75,6.09375,6.40625,1266800.0,6.40625
2000-11-14,6.40625,5.796875,6.328125,5.796875,945200.0,5.796875
2000-11-15,6.28125,5.890625,5.90625,6.046875,764800.0,6.046875
2000-11-16,6.046875,5.5625,6.03125,5.578125,418400.0,5.578125
2000-11-17,6.1875,5.671875,5.75,6.109375,985600.0,6.109375
2000-11-20,6.046875,5.65625,6.03125,5.734375,852000.0,5.734375
2000-11-21,5.78125,5.65625,5.71875,5.75,791200.0,5.75
2000-11-22,5.796875,5.609375,5.78125,5.609375,454400.0,5.609375
2000-11-24,5.96875,5.6875,5.734375,5.71875,473200.0,5.71875
2000-11-27,6.0625,5.78125,5.957030773162842,5.78125,625600.0,5.78125
2000-11-28,5.859375,5.484375,5.859375,5.484375,1244800.0,5.484375
2000-11-29,5.515625,5.1875,5.484375,5.265625,1020400.0,5.265625
2000-11-30,5.8125,5.328125,5.34375,5.6875,1200000.0,5.6875
2000-12-01,5.828125,5.515625,5.6875,5.78125,742800.0,5.78125
2000-12-04,5.78125,5.453125,5.78125,5.5625,973600.0,5.5625
2000-12-05,5.6875,5.328125,5.578125,5.4375,1113600.0,5.4375
2000-12-06,5.78125,5.296875,5.421875,5.296875,1740400.0,5.296875
2000-12-07,5.6875,5.359375,5.371094226837158,5.53125,1904400.0,5.53125
2000-12-08,5.59375,5.28125,5.5625,5.390625,2768400.0,5.390625
2000-12-11,5.53125,5.140625,5.375,5.15625,2099200.0,5.15625
2000-12-12,5.15625,5.03125,5.09375,5.15625,2526000.0,5.15625
2000-12-13,5.40625,5.140625,5.1875,5.390625,1326800.0,5.390625
2000-12-14,5.78125,5.28125,5.292969226837158,5.625,1600800.0,5.625
2000-12-15,5.578125,5.21875,5.570312976837158,5.21875,1814400.0,5.21875
2000-12-18,5.421875,5.265625,5.296875,5.28125,547200.0,5.28125
2000-12-19,5.390625,5.25,5.28125,5.28125,344000.0,5.28125
2000-12-20,5.3125,5.125,5.3125,5.140625,709600.0,5.140625
2000-12-21,5.421875,5.09375,5.125,5.28125,718800.0,5.28125
2000-12-22,5.5,5.328125,5.40625,5.390625,383600.0,5.390625
2000-12-26,5.609375,5.40625,5.4375,5.546875,758800.0,5.546875
2000-12-27,6.0,5.40625,5.515625,5.984375,1110800.0,5.984375
2000-12-28,6.28125,5.890625,5.890625,6.0625,811600.0,6.0625
2000-12-29,6.125,5.453125,6.109375,5.5,1278800.0,5.5
2001-01-02,5.875,5.46875,5.625,5.5625,612000.0,5.5625
2001-01-03,6.1875,5.390625,5.5625,6.15625,818400.0,6.15625
2001-01-04,6.125,5.46875,6.109375,5.5625,1038400.0,5.5625
2001-01-05,5.59375,5.28125,5.53125,5.296875,1274800.0,5.296875
2001-01-08,5.4375,5.265625,5.296875,5.3125,958800.0,5.3125
2001-01-09,5.703125,5.34375,5.34375,5.421875,548000.0,5.421875
2001-01-10,5.75,5.398437976837158,5.40625,5.6875,969200.0,5.6875
2001-01-11,5.828125,5.59375,5.625,5.660155773162842,513600.0,5.660155773162842
2001-01-12,5.875,5.515625,5.609375,5.75,420400.0,5.75
2001-01-16,6.15625,5.613280773162842,5.8125,5.953125,1159600.0,5.953125
2001-01-17,6.15625,5.765625,5.9375,5.765625,522400.0,5.765625
2001-01-18,6.015625,5.65625,5.769530773162842,5.921875,344000.0,5.921875
2001-01-19,6.375,5.84375,5.859375,6.21875,1604800.0,6.21875
2001-01-22,6.375,6.0,6.234375,6.015625,586400.0,6.015625
2001-01-23,6.125,5.921875,6.0,6.125,604800.0,6.125
2001-01-24,6.25,5.578125,6.0625,5.609375,1228000.0,5.609375
2001-01-25,5.734375,5.59375,5.6875,5.6875,684800.0,5.6875
2001-01-26,5.75,5.125,5.703125,5.296875,2771200.0,5.296875
2001-01-29,5.5,5.09375,5.40625,5.4375,933200.0,5.4375
2001-01-30,5.625,5.40625,5.410155773162842,5.59375,688400.0,5.59375
2001-01-31,5.6875,5.484375,5.65625,5.546875,757200.0,5.546875
2001-02-01,5.75,5.484375,5.5,5.703125,762400.0,5.703125
2001-02-02,5.75,5.5625,5.703125,5.625,908400.0,5.625
2001-02-05,5.625,5.4375,5.625,5.546875,734000.0,5.546875
2001-02-06,5.734375,5.4375,5.59375,5.515625,780000.0,5.515625
2001-02-07,5.6875,5.5,5.5,5.671875,1548400.0,5.671875
2001-02-08,5.734375,5.625,5.65625,5.703125,951200.0,5.703125
2001-02-09,5.71875,5.65625,5.671875,5.703125,1775600.0,5.703125
2001-02-12,5.78125,5.640625,5.652344226837158,5.6875,584000.0,5.6875
2001-02-13,6.046875,5.6875,5.78125,5.96875,1630400.0,5.96875
2001-02-14,5.984375,5.828125,5.984375,5.890625,1084400.0,5.890625
2001-02-15,6.046875,5.875,5.875,6.0,966400.0,6.0
2001-02-16,5.96875,5.90625,5.96875,5.921875,745600.0,5.921875
2001-02-20,6.140625,6.015625,6.019530773162842,6.125,838800.0,6.125
2001-02-21,6.125,5.90625,6.125,5.953125,1073200.0,5.953125
2001-02-22,5.96875,5.75,5.921875,5.75,1277200.0,5.75
2001-02-23,5.890625,5.625,5.71875,5.8125,1323600.0,5.8125
2001-02-26,6.042969226837158,5.738280773162842,5.828125,6.015625,719600.0,6.015625
2001-02-27,6.015625,5.9375,6.003905773162842,5.953125,513600.0,5.953125
2001-02-28,6.0,5.703125,6.0,5.890625,609600.0,5.890625
2001-03-01,6.0,5.515625,5.8125,5.980469226837158,1151600.0,5.980469226837158
2001-03-02,6.03125,5.78125,5.8125,6.0,699600.0,6.0
2001-03-05,6.015625,5.90625,6.0,5.953125,543200.0,5.953125
2001-03-06,6.015625,5.9375,5.953125,6.015625,426400.0,6.015625
2001-03-07,6.046875,5.890625,6.015625,6.015625,432400.0,6.015625
2001-03-08,6.03125,5.667969226837158,5.984375,5.75,1343600.0,5.75
2001-03-09,5.8125,5.59375,5.730469226837158,5.65625,212000.0,5.65625
2001-03-12,5.78125,5.421875,5.6875,5.5625,1492400.0,5.5625
2001-03-13,5.640625,5.53125,5.546875,5.5625,593200.0,5.5625
2001-03-14,5.671875,5.4375,5.53125,5.5,447600.0,5.5
2001-03-15,5.71875,5.410155773162842,5.460937976837158,5.4375,947600.0,5.4375
2001-03-16,5.515625,5.410155773162842,5.421875,5.46875,1413200.0,5.46875
2001-03-19,5.515625,5.171875,5.4375,5.328125,2272000.0,5.328125
2001-03-20,5.46875,5.25,5.28125,5.375,1105600.0,5.375
2001-03-21,5.421875,5.09375,5.28125,5.125,2192000.0,5.125
2001-03-22,5.09375,4.28125,4.941405773162842,5.015625,4732400.0,5.015625
2001-03-23,5.390625,5.128905773162842,5.128905773162842,5.3125,1217600.0,5.3125
2001-03-26,5.703125,5.328125,5.335937976837158,5.515625,656400.0,5.515625
2001-03-27,5.515625,5.203125,5.5,5.328125,445200.0,5.328125
2001-03-28,5.3125,4.96875,5.3125,5.0,840800.0,5.0
2001-03-29,5.4375,5.015625,5.015625,5.234375,530400.0,5.234375
2001-03-30,5.5625,5.0625,5.28125,5.484375,1074800.0,5.484375
2001-04-02,5.453125,4.796875,5.4375,4.859375,1258800.0,4.859375
2001-04-03,4.984375,4.78125,4.839844226837158,4.78125,982000.0,4.78125
2001-04-04,5.0625,4.78125,4.78125,5.046875,381600.0,5.046875
2001-04-05,5.40625,5.03125,5.0625,5.390625,1289600.0,5.390625
2001-04-06,5.40625,5.15625,5.316405773162842,5.25,1200800.0,5.25
2001-04-09,5.324999809265137,5.237500190734863,5.237500190734863,5.300000190734863,388400.0,5.300000190734863
2001-04-10,5.480000019073486,5.324999809265137,5.335000038146973,5.40749979019165,776000.0,5.40749979019165
2001-04-11,5.400000095367432,5.142499923706055,5.375,5.152500152587891,811600.0,5.152500152587891
2001-04-12,5.527500152587891,5.212500095367432,5.212500095367432,5.514999866485596,1277600.0,5.514999866485596
2001-04-16,5.849999904632568,5.320000171661377,5.387499809265137,5.777500152587891,2028400.0,5.777500152587891
2001-04-17,6.050000190734863,5.622499942779541,5.637499809265137,6.050000190734863,2293600.0,6.050000190734863
2001-04-18,6.387499809265137,6.0,6.037499904632568,6.385000228881836,2522000.0,6.385000228881836
2001-04-19,6.369999885559082,6.199999809265137,6.369999885559082,6.255000114440918,1216400.0,6.255000114440918
2001-04-20,6.275000095367432,6.127500057220459,6.235000133514404,6.25,1464800.0,6.25
2001-04-23,6.222499847412109,6.137499809265137,6.179999828338623,6.222499847412109,357600.0,6.222499847412109
2001-04-24,6.192500114440918,6.102499961853027,6.192500114440918,6.150000095367432,704000.0,6.150000095367432
2001-04-25,6.497499942779541,6.137499809265137,6.137499809265137,6.449999809265137,1362800.0,6.449999809265137
2001-04-26,6.699999809265137,6.400000095367432,6.432499885559082,6.637499809265137,1476800.0,6.637499809265137
2001-04-27,6.787499904632568,6.599999904632568,6.642499923706055,6.715000152587891,2284800.0,6.715000152587891
2001-04-30,6.934999942779541,6.742499828338623,6.742499828338623,6.777500152587891,1122800.0,6.777500152587891
2001-05-01,6.787499904632568,6.412499904632568,6.752500057220459,6.75,1867600.0,6.75
2001-05-02,6.824999809265137,6.552499771118164,6.710000038146973,6.807499885559082,807600.0,6.807499885559082
2001-05-03,6.804999828338623,6.512499809265137,6.804999828338623,6.684999942779541,778000.0,6.684999942779541
2001-05-04,6.837500095367432,6.480000019073486,6.497499942779541,6.75,561600.0,6.75
2001-05-07,6.824999809265137,6.599999904632568,6.755000114440918,6.637499809265137,2218400.0,6.637499809265137
2001-05-08,6.800000190734863,6.637499809265137,6.637499809265137,6.787499904632568,1295200.0,6.787499904632568
2001-05-09,6.925000190734863,6.567500114440918,6.707499980926514,6.737500190734863,710400.0,6.737500190734863
2001-05-10,6.875,6.612500190734863,6.800000190734863,6.614999771118164,501200.0,6.614999771118164
2001-05-11,6.75,6.577499866485596,6.6875,6.577499866485596,898800.0,6.577499866485596
2001-05-14,6.612500190734863,6.492499828338623,6.534999847412109,6.492499828338623,1545200.0,6.492499828338623
2001-05-15,6.867499828338623,6.492499828338623,6.59499979019165,6.860000133514404,925200.0,6.860000133514404
2001-05-16,7.144999980926514,6.465000152587891,6.637499809265137,6.952499866485596,1475600.0,6.952499866485596
2001-05-17,7.172500133514404,6.897500038146973,6.914999961853027,7.039999961853027,959600.0,7.039999961853027
2001-05-18,7.402500152587891,7.014999866485596,7.017499923706055,7.362500190734863,1260800.0,7.362500190734863
2001-05-21,7.492499828338623,7.199999809265137,7.199999809265137,7.442500114440918,1416400.0,7.442500114440918
2001-05-22,8.095000267028809,7.449999809265137,7.489999771118164,7.75,1935600.0,7.75
2001-05-23,7.739999771118164,7.349999904632568,7.737500190734863,7.364999771118164,1083600.0,7.364999771118164
2001-05-24,7.552499771118164,7.315000057220459,7.497499942779541,7.489999771118164,848800.0,7.489999771118164
2001-05-25,7.519999980926514,7.440000057220459,7.502500057220459,7.440000057220459,648800.0,7.440000057220459
2001-05-29,7.5625,7.302499771118164,7.440000057220459,7.302499771118164,1168000.0,7.302499771118164
2001-05-30,7.442500114440918,7.172500133514404,7.302499771118164,7.425000190734863,3165600.0,7.425000190734863
2001-05-31,7.574999809265137,7.25,7.337500095367432,7.4375,906400.0,7.4375
2001-06-01,7.434999942779541,7.072500228881836,7.434999942779541,7.162499904632568,1231200.0,7.162499904632568
2001-06-04,7.362500190734863,7.037499904632568,7.175000190734863,7.300000190734863,1620800.0,7.300000190734863
2001-06-05,7.545000076293945,7.227499961853027,7.244999885559082,7.542500019073486,2306400.0,7.542500019073486
2001-06-06,7.625,7.445000171661377,7.487500190734863,7.525000095367432,2609200.0,7.525000095367432
2001-06-07,7.525000095367432,7.320000171661377,7.400000095367432,7.397500038146973,887600.0,7.397500038146973
2001-06-08,7.554999828338623,7.34499979019165,7.497499942779541,7.385000228881836,1914800.0,7.385000228881836
2001-06-11,7.414999961853027,7.152500152587891,7.387499809265137,7.25,781200.0,7.25
2001-06-12,7.462500095367432,6.820000171661377,7.275000095367432,7.412499904632568,835600.0,7.412499904632568
2001-06-13,7.46999979019165,7.257500171661377,7.372499942779541,7.337500095367432,561200.0,7.337500095367432
2001-06-14,7.34499979019165,7.03249979019165,7.340000152587891,7.107500076293945,449200.0,7.107500076293945
2001-06-15,7.474999904632568,7.054999828338623,7.340000152587891,7.079999923706055,771200.0,7.079999923706055
2001-06-18,7.262499809265137,6.987500190734863,7.102499961853027,6.989999771118164,732400.0,6.989999771118164
2001-06-19,7.175000190734863,6.972499847412109,6.987500190734863,7.072500228881836,787600.0,7.072500228881836
2001-06-20,7.287499904632568,7.039999961853027,7.042500019073486,7.242499828338623,615600.0,7.242499828338623
2001-06-21,7.244999885559082,6.96750020980835,7.204999923706055,7.122499942779541,1386800.0,7.122499942779541
2001-06-22,7.237500190734863,6.96750020980835,7.119999885559082,6.96999979019165,719600.0,6.96999979019165
2001-06-25,7.224999904632568,6.945000171661377,6.945000171661377,7.070000171661377,524000.0,7.070000171661377
2001-06-26,7.487500190734863,7.002500057220459,7.002500057220459,7.289999961853027,794000.0,7.289999961853027
2001-06-27,7.349999904632568,7.065000057220459,7.275000095367432,7.324999809265137,479200.0,7.324999809265137
2001-06-28,7.775000095367432,7.3125,7.322500228881836,7.625,1002000.0,7.625
2001-06-29,7.8125,7.585000038146973,7.587500095367432,7.8125,1730800.0,7.8125
2001-07-02,7.724999904632568,7.46750020980835,7.6875,7.522500038146973,1670400.0,7.522500038146973
2001-07-03,7.587500095367432,7.337500095367432,7.587500095367432,7.340000152587891,368000.0,7.340000152587891
2001-07-05,7.337500095367432,7.139999866485596,7.300000190734863,7.252500057220459,774000.0,7.252500057220459
2001-07-06,7.202499866485596,6.96999979019165,7.202499866485596,6.972499847412109,593600.0,6.972499847412109
2001-07-09,7.162499904632568,6.994999885559082,6.994999885559082,7.142499923706055,515600.0,7.142499923706055
2001-07-10,7.222499847412109,7.034999847412109,7.147500038146973,7.074999809265137,612000.0,7.074999809265137
2001-07-11,7.057499885559082,6.590000152587891,7.012499809265137,6.59499979019165,1978000.0,6.59499979019165
2001-07-12,6.862500190734863,6.362500190734863,6.557499885559082,6.775000095367432,1132400.0,6.775000095367432
2001-07-13,6.872499942779541,6.4375,6.710000038146973,6.802499771118164,1498800.0,6.802499771118164
2001-07-16,6.809999942779541,6.287499904632568,6.809999942779541,6.349999904632568,2085200.0,6.349999904632568
2001-07-17,6.375,5.974999904632568,6.059999942779541,6.137499809265137,9133600.0,6.137499809265137
2001-07-18,5.962500095367432,5.537499904632568,5.735000133514404,5.912499904632568,10775200.0,5.912499904632568
2001-07-19,6.212500095367432,5.9375,5.9375,6.059999942779541,6036000.0,6.059999942779541
2001-07-20,6.489999771118164,5.762499809265137,5.772500038146973,6.440000057220459,2166800.0,6.440000057220459
2001-07-23,6.392499923706055,6.224999904632568,6.275000095367432,6.232500076293945,922800.0,6.232500076293945
2001-07-24,6.260000228881836,6.159999847412109,6.244999885559082,6.212500095367432,1404800.0,6.212500095367432
2001-07-25,6.232500076293945,5.9375,6.232500076293945,6.014999866485596,1242400.0,6.014999866485596
2001-07-26,6.09250020980835,5.849999904632568,6.037499904632568,6.0,1252400.0,6.0
2001-07-27,6.074999809265137,5.922500133514404,6.017499923706055,6.012499809265137,1462400.0,6.012499809265137
2001-07-30,6.125,5.775000095367432,6.037499904632568,5.862500190734863,545600.0,5.862500190734863
2001-07-31,6.102499961853027,5.827499866485596,5.875,6.102499961853027,970400.0,6.102499961853027
2001-08-01,6.125,5.942500114440918,6.0,6.125,532400.0,6.125
2001-08-02,6.087500095367432,5.664999961853027,6.057499885559082,6.002500057220459,843600.0,6.002500057220459
2001-08-03,6.324999809265137,5.882500171661377,5.949999809265137,6.21750020980835,1206400.0,6.21750020980835
2001-08-06,6.170000076293945,5.960000038146973,6.147500038146973,5.982500076293945,558000.0,5.982500076293945
2001-08-07,6.1875,5.912499904632568,5.977499961853027,5.974999904632568,369600.0,5.974999904632568
2001-08-08,6.117499828338623,5.762499809265137,6.112500190734863,5.784999847412109,385200.0,5.784999847412109
2001-08-09,5.925000190734863,5.75,5.855000019073486,5.8125,1251600.0,5.8125
2001-08-10,5.90500020980835,5.732500076293945,5.804999828338623,5.829999923706055,597600.0,5.829999923706055
2001-08-13,5.917500019073486,5.800000190734863,5.877500057220459,5.849999904632568,388000.0,5.849999904632568
2001-08-14,5.929999828338623,5.762499809265137,5.875,5.78249979019165,1196000.0,5.78249979019165
2001-08-15,5.900000095367432,5.755000114440918,5.78249979019165,5.807499885559082,1456800.0,5.807499885559082
2001-08-16,5.807499885559082,5.752500057220459,5.807499885559082,5.78000020980835,941200.0,5.78000020980835
2001-08-17,5.78000020980835,5.667500019073486,5.78000020980835,5.744999885559082,1177200.0,5.744999885559082
2001-08-20,5.8125,5.637499809265137,5.710000038146973,5.809999942779541,1468400.0,5.809999942779541
2001-08-21,5.909999847412109,5.732500076293945,5.817500114440918,5.880000114440918,1994000.0,5.880000114440918
2001-08-22,5.982500076293945,5.857500076293945,5.857500076293945,5.96999979019165,1386000.0,5.96999979019165
2001-08-23,6.087500095367432,5.942500114440918,5.942500114440918,6.087500095367432,1794800.0,6.087500095367432
2001-08-24,6.25,6.037499904632568,6.039999961853027,6.21750020980835,1655600.0,6.21750020980835
2001-08-27,6.264999866485596,6.162499904632568,6.257500171661377,6.224999904632568,1808400.0,6.224999904632568
2001-08-28,6.215000152587891,5.985000133514404,6.215000152587891,6.037499904632568,535200.0,6.037499904632568
2001-08-29,6.099999904632568,6.042500019073486,6.067500114440918,6.070000171661377,1192400.0,6.070000171661377
2001-08-30,6.114999771118164,6.002500057220459,6.059999942779541,6.025000095367432,1174000.0,6.025000095367432
2001-08-31,6.114999771118164,6.014999866485596,6.077499866485596,6.047500133514404,1096000.0,6.047500133514404
2001-09-04,6.112500190734863,5.892499923706055,6.0625,5.894999980926514,848400.0,5.894999980926514
2001-09-05,6.005000114440918,5.822500228881836,5.822500228881836,5.962500095367432,594400.0,5.962500095367432
2001-09-06,6.025000095367432,5.724999904632568,6.012499809265137,5.809999942779541,364000.0,5.809999942779541
2001-09-07,5.8125,5.5625,5.8125,5.605000019073486,1199200.0,5.605000019073486
2001-09-10,5.675000190734863,5.554999828338623,5.630000114440918,5.642499923706055,1113600.0,5.642499923706055
2001-09-17,5.605000019073486,5.40749979019165,5.5,5.452499866485596,573600.0,5.452499866485596
2001-09-18,5.650000095367432,5.387499809265137,5.5,5.545000076293945,651200.0,5.545000076293945
2001-09-19,5.650000095367432,5.199999809265137,5.650000095367432,5.53249979019165,1130000.0,5.53249979019165
2001-09-20,5.554999828338623,5.387499809265137,5.462500095367432,5.442500114440918,403200.0,5.442500114440918
2001-09-21,5.6875,5.050000190734863,5.182499885559082,5.262499809265137,1402400.0,5.262499809265137
2001-09-24,5.637499809265137,5.300000190734863,5.300000190734863,5.449999809265137,552400.0,5.449999809265137
2001-09-25,5.75,5.482500076293945,5.482500076293945,5.672500133514404,888000.0,5.672500133514404
2001-09-26,5.787499904632568,5.612500190734863,5.652500152587891,5.735000133514404,400400.0,5.735000133514404
2001-09-27,5.987500190734863,5.702499866485596,5.849999904632568,5.947500228881836,886000.0,5.947500228881836
2001-09-28,6.190000057220459,5.699999809265137,5.987500190734863,5.84250020980835,1608000.0,5.84250020980835
2001-10-01,5.942500114440918,5.777500152587891,5.840000152587891,5.942500114440918,638400.0,5.942500114440918
2001-10-02,6.25,5.837500095367432,5.855000019073486,6.132500171661377,1026000.0,6.132500171661377
2001-10-03,6.324999809265137,5.96999979019165,5.997499942779541,6.085000038146973,536000.0,6.085000038146973
2001-10-04,6.260000228881836,5.90500020980835,6.114999771118164,5.962500095367432,1087200.0,5.962500095367432
2001-10-05,6.0625,5.702499866485596,5.9375,6.059999942779541,937600.0,6.059999942779541
2001-10-08,6.034999847412109,5.78000020980835,6.034999847412109,5.855000019073486,474400.0,5.855000019073486
2001-10-09,5.987500190734863,5.78000020980835,5.787499904632568,5.940000057220459,592000.0,5.940000057220459
2001-10-10,6.177499771118164,5.9375,6.175000190734863,6.172500133514404,1319200.0,6.172500133514404
2001-10-11,6.239999771118164,6.037499904632568,6.122499942779541,6.037499904632568,2288400.0,6.037499904632568
2001-10-12,6.059999942779541,5.724999904632568,6.050000190734863,5.949999809265137,2923200.0,5.949999809265137
2001-10-15,6.224999904632568,5.59499979019165,5.920000076293945,5.775000095367432,9752000.0,5.775000095367432
2001-10-16,5.862500190734863,5.662499904632568,5.664999961853027,5.852499961853027,5002000.0,5.852499961853027
2001-10-17,5.989999771118164,5.815000057220459,5.96750020980835,5.962500095367432,2434400.0,5.962500095367432
2001-10-18,5.949999809265137,5.802499771118164,5.912499904632568,5.877500057220459,1894800.0,5.877500057220459
2001-10-19,6.002500057220459,5.837500095367432,5.902500152587891,5.9375,3310800.0,5.9375
2001-10-22,6.072500228881836,5.824999809265137,5.925000190734863,6.037499904632568,1759200.0,6.037499904632568
2001-10-23,6.25,5.987500190734863,5.987500190734863,6.034999847412109,1134800.0,6.034999847412109
2001-10-24,6.1875,5.989999771118164,5.989999771118164,6.0625,752400.0,6.0625
2001-10-25,6.332499980926514,6.022500038146973,6.110000133514404,6.3125,438000.0,6.3125
2001-10-26,6.697500228881836,6.252500057220459,6.3125,6.647500038146973,1562800.0,6.647500038146973
2001-10-29,6.675000190734863,6.449999809265137,6.550000190734863,6.550000190734863,948000.0,6.550000190734863
2001-10-30,6.525000095367432,6.179999828338623,6.525000095367432,6.295000076293945,519600.0,6.295000076293945
2001-10-31,6.512499809265137,6.287499904632568,6.400000095367432,6.300000190734863,340000.0,6.300000190734863
2001-11-01,6.637499809265137,6.272500038146973,6.300000190734863,6.630000114440918,320800.0,6.630000114440918
2001-11-02,6.75,6.525000095367432,6.525000095367432,6.565000057220459,965200.0,6.565000057220459
2001-11-05,6.622499942779541,6.300000190734863,6.5625,6.554999828338623,315200.0,6.554999828338623
2001-11-06,6.630000114440918,6.40500020980835,6.559999942779541,6.625,426400.0,6.625
2001-11-07,6.777500152587891,6.552499771118164,6.572500228881836,6.75,731200.0,6.75
2001-11-08,6.767499923706055,6.317500114440918,6.679999828338623,6.440000057220459,527600.0,6.440000057220459
2001-11-09,6.792500019073486,6.3125,6.550000190734863,6.65500020980835,1156400.0,6.65500020980835
2001-11-12,6.795000076293945,6.349999904632568,6.75,6.769999980926514,492400.0,6.769999980926514
2001-11-13,6.822500228881836,6.59250020980835,6.662499904632568,6.777500152587891,688400.0,6.777500152587891
2001-11-14,6.925000190734863,6.727499961853027,6.764999866485596,6.862500190734863,1148800.0,6.862500190734863
2001-11-15,7.072500228881836,6.775000095367432,6.777500152587891,7.005000114440918,1105600.0,7.005000114440918
2001-11-16,6.994999885559082,6.71999979019165,6.989999771118164,6.75,459200.0,6.75
2001-11-19,6.997499942779541,6.702499866485596,6.715000152587891,6.75,726000.0,6.75
2001-11-20,6.885000228881836,6.732500076293945,6.800000190734863,6.777500152587891,770000.0,6.777500152587891
2001-11-21,6.897500038146973,6.704999923706055,6.704999923706055,6.8125,546800.0,6.8125
2001-11-23,6.860000133514404,6.715000152587891,6.787499904632568,6.804999828338623,328000.0,6.804999828338623
2001-11-26,6.992499828338623,6.815000057220459,6.815000057220459,6.992499828338623,1188800.0,6.992499828338623
2001-11-27,6.992499828338623,6.875,6.914999961853027,6.925000190734863,235200.0,6.925000190734863
2001-11-28,7.125,6.900000095367432,6.900000095367432,6.987500190734863,1012400.0,6.987500190734863
2001-11-29,7.287499904632568,6.949999809265137,6.949999809265137,7.287499904632568,916000.0,7.287499904632568
2001-11-30,7.322500228881836,7.172500133514404,7.322500228881836,7.25,2307600.0,7.25
2001-12-03,7.202499866485596,6.949999809265137,7.199999809265137,7.119999885559082,3167600.0,7.119999885559082
2001-12-04,7.377500057220459,7.097499847412109,7.122499942779541,7.377500057220459,3538400.0,7.377500057220459
2001-12-05,7.5,7.199999809265137,7.375,7.275000095367432,610000.0,7.275000095367432
2001-12-06,7.349999904632568,7.202499866485596,7.212500095367432,7.300000190734863,990800.0,7.300000190734863
2001-12-07,7.462500095367432,7.260000228881836,7.260000228881836,7.462500095367432,1194400.0,7.462500095367432
2001-12-10,7.465000152587891,7.182499885559082,7.440000057220459,7.252500057220459,905200.0,7.252500057220459
2001-12-11,7.349999904632568,7.182499885559082,7.275000095367432,7.182499885559082,1441600.0,7.182499885559082
2001-12-12,7.309999942779541,7.125,7.307499885559082,7.175000190734863,578000.0,7.175000190734863
2001-12-13,7.272500038146973,7.102499961853027,7.144999980926514,7.110000133514404,266400.0,7.110000133514404
2001-12-14,7.337500095367432,7.039999961853027,7.074999809265137,7.275000095367432,642400.0,7.275000095367432
2001-12-17,7.474999904632568,7.224999904632568,7.224999904632568,7.465000152587891,527600.0,7.465000152587891
2001-12-18,7.462500095367432,7.362500190734863,7.377500057220459,7.389999866485596,525200.0,7.389999866485596
2001-12-19,7.457499980926514,7.335000038146973,7.454999923706055,7.375,724800.0,7.375
2001-12-20,7.387499809265137,7.102499961853027,7.3125,7.150000095367432,845200.0,7.150000095367432
2001-12-21,7.324999809265137,7.087500095367432,7.184999942779541,7.199999809265137,1313200.0,7.199999809265137
2001-12-24,7.3125,7.097499847412109,7.202499866485596,7.112500190734863,393200.0,7.112500190734863
2001-12-26,7.375,7.112500190734863,7.112500190734863,7.289999961853027,494400.0,7.289999961853027
2001-12-27,7.457499980926514,7.170000076293945,7.292500019073486,7.447500228881836,290800.0,7.447500228881836
2001-12-28,7.375,7.15500020980835,7.347499847412109,7.177499771118164,662000.0,7.177499771118164
2001-12-31,7.337500095367432,7.052499771118164,7.25,7.127500057220459,1004800.0,7.127500057220459
2002-01-02,7.324999809265137,6.8125,7.297500133514404,6.980000019073486,905200.0,6.980000019073486
2002-01-03,7.159999847412109,6.912499904632568,7.022500038146973,7.139999866485596,445200.0,7.139999866485596
2002-01-04,7.227499961853027,6.675000190734863,7.164999961853027,6.695000171661377,893600.0,6.695000171661377
2002-01-07,6.787499904632568,6.505000114440918,6.712500095367432,6.539999961853027,956800.0,6.539999961853027
2002-01-08,6.737500190734863,6.449999809265137,6.514999866485596,6.59499979019165,714400.0,6.59499979019165
2002-01-09,6.625,6.432499885559082,6.597499847412109,6.440000057220459,683200.0,6.440000057220459
2002-01-10,6.684999942779541,6.422500133514404,6.527500152587891,6.679999828338623,540000.0,6.679999828338623
2002-01-11,6.775000095367432,6.517499923706055,6.75,6.552499771118164,508800.0,6.552499771118164
2002-01-14,6.732500076293945,6.465000152587891,6.662499904632568,6.534999847412109,296000.0,6.534999847412109
2002-01-15,6.5,6.3125,6.5,6.422500133514404,783200.0,6.422500133514404
2002-01-16,6.507500171661377,6.262499809265137,6.427499771118164,6.355000019073486,495200.0,6.355000019073486
2002-01-17,6.462500095367432,6.25,6.425000190734863,6.375,536800.0,6.375
2002-01-18,6.559999942779541,6.195000171661377,6.417500019073486,6.239999771118164,588000.0,6.239999771118164
2002-01-22,6.412499904632568,6.1875,6.1875,6.284999847412109,867600.0,6.284999847412109
2002-01-23,6.429999828338623,6.137499809265137,6.284999847412109,6.309999942779541,537600.0,6.309999942779541
2002-01-24,6.385000228881836,6.052499771118164,6.375,6.070000171661377,2008400.0,6.070000171661377
2002-01-25,6.164999961853027,6.0,6.087500095367432,6.142499923706055,1614400.0,6.142499923706055
2002-01-28,6.449999809265137,6.139999866485596,6.190000057220459,6.300000190734863,2570800.0,6.300000190734863
2002-01-29,6.369999885559082,6.215000152587891,6.327499866485596,6.364999771118164,1341200.0,6.364999771118164
2002-01-30,6.349999904632568,6.137499809265137,6.307499885559082,6.300000190734863,672800.0,6.300000190734863
2002-01-31,6.375,6.28249979019165,6.28249979019165,6.355000019073486,919600.0,6.355000019073486
2002-02-01,6.40749979019165,6.3125,6.360000133514404,6.324999809265137,638400.0,6.324999809265137
2002-02-04,6.417500019073486,6.287499904632568,6.335000038146973,6.309999942779541,669200.0,6.309999942779541
2002-02-05,6.492499828338623,6.284999847412109,6.287499904632568,6.492499828338623,532400.0,6.492499828338623
2002-02-06,6.565000057220459,6.3125,6.492499828338623,6.367499828338623,1114000.0,6.367499828338623
2002-02-07,6.420000076293945,6.3125,6.40749979019165,6.362500190734863,1168000.0,6.362500190734863
2002-02-08,6.505000114440918,6.355000019073486,6.420000076293945,6.5,780800.0,6.5
2002-02-11,6.607500076293945,6.465000152587891,6.465000152587891,6.537499904632568,921200.0,6.537499904632568
2002-02-12,6.677499771118164,6.512499809265137,6.512499809265137,6.65749979019165,1243600.0,6.65749979019165
2002-02-13,6.769999980926514,6.582499980926514,6.667500019073486,6.699999809265137,1407200.0,6.699999809265137
2002-02-14,6.722499847412109,6.625,6.722499847412109,6.699999809265137,1178000.0,6.699999809265137
2002-02-15,6.730000019073486,6.59250020980835,6.652500152587891,6.632500171661377,2212400.0,6.632500171661377
2002-02-19,6.662499904632568,6.519999980926514,6.612500190734863,6.59499979019165,995200.0,6.59499979019165
2002-02-20,6.662499904632568,6.527500152587891,6.59250020980835,6.635000228881836,1736400.0,6.635000228881836
2002-02-21,6.952499866485596,6.614999771118164,6.625,6.667500019073486,884400.0,6.667500019073486
2002-02-22,6.667500019073486,6.534999847412109,6.667500019073486,6.537499904632568,957200.0,6.537499904632568
2002-02-25,6.752500057220459,6.357500076293945,6.522500038146973,6.492499828338623,1541600.0,6.492499828338623
2002-02-26,6.619999885559082,6.445000171661377,6.46999979019165,6.512499809265137,913600.0,6.512499809265137
2002-02-27,6.574999809265137,6.525000095367432,6.565000057220459,6.542500019073486,522000.0,6.542500019073486
2002-02-28,6.635000228881836,6.417500019073486,6.557499885559082,6.519999980926514,1898800.0,6.519999980926514
2002-03-01,6.787499904632568,6.472499847412109,6.5625,6.525000095367432,1097600.0,6.525000095367432
2002-03-04,6.71999979019165,6.5,6.5,6.517499923706055,1119200.0,6.517499923706055
2002-03-05,6.852499961853027,6.525000095367432,6.554999828338623,6.737500190734863,1702800.0,6.737500190734863
2002-03-06,6.889999866485596,6.574999809265137,6.764999866485596,6.84250020980835,1323200.0,6.84250020980835
2002-03-07,7.0625,6.764999866485596,6.775000095367432,6.807499885559082,495600.0,6.807499885559082
2002-03-08,6.949999809265137,6.78249979019165,6.827499866485596,6.875,277600.0,6.875
2002-03-11,6.96750020980835,6.820000171661377,6.837500095367432,6.962500095367432,367600.0,6.962500095367432
2002-03-12,7.057499885559082,6.767499923706055,6.909999847412109,6.949999809265137,853600.0,6.949999809265137
2002-03-13,7.099999904632568,6.925000190734863,6.925000190734863,7.019999980926514,454000.0,7.019999980926514
2002-03-14,7.0,6.894999980926514,7.0,6.952499866485596,846000.0,6.952499866485596
2002-03-15,7.072500228881836,6.927499771118164,6.927499771118164,7.014999866485596,1261600.0,7.014999866485596
2002-03-18,7.074999809265137,6.987500190734863,6.997499942779541,7.025000095367432,876400.0,7.025000095367432
2002-03-19,7.079999923706055,6.989999771118164,7.022500038146973,7.002500057220459,1284800.0,7.002500057220459
2002-03-20,6.987500190734863,6.822500228881836,6.987500190734863,6.855000019073486,1426000.0,6.855000019073486
2002-03-21,7.112500190734863,6.847499847412109,6.849999904632568,7.039999961853027,564000.0,7.039999961853027
2002-03-22,7.0625,6.954999923706055,7.059999942779541,6.977499961853027,767200.0,6.977499961853027
2002-03-25,6.997499942779541,6.777500152587891,6.949999809265137,6.817500114440918,829200.0,6.817500114440918
2002-03-26,6.902500152587891,6.527500152587891,6.787499904632568,6.672500133514404,808800.0,6.672500133514404
2002-03-27,6.827499866485596,6.627500057220459,6.627500057220459,6.760000228881836,1020400.0,6.760000228881836
2002-03-28,6.829999923706055,6.672500133514404,6.710000038146973,6.710000038146973,704800.0,6.710000038146973
2002-04-01,6.974999904632568,6.582499980926514,6.747499942779541,6.909999847412109,1113600.0,6.909999847412109
2002-04-02,6.917500019073486,6.800000190734863,6.900000095367432,6.862500190734863,754000.0,6.862500190734863
2002-04-03,6.934999942779541,6.864999771118164,6.922500133514404,6.925000190734863,1482400.0,6.925000190734863
2002-04-04,6.997499942779541,6.650000095367432,6.880000114440918,6.71750020980835,1188400.0,6.71750020980835
2002-04-05,6.807499885559082,6.677499771118164,6.744999885559082,6.802499771118164,1024800.0,6.802499771118164
2002-04-08,6.847499847412109,6.699999809265137,6.710000038146973,6.772500038146973,1041600.0,6.772500038146973
2002-04-09,6.962500095367432,6.762499809265137,6.762499809265137,6.855000019073486,1964800.0,6.855000019073486
2002-04-10,6.985000133514404,6.849999904632568,6.849999904632568,6.947500228881836,693600.0,6.947500228881836
2002-04-11,6.9375,6.887499809265137,6.900000095367432,6.887499809265137,1402800.0,6.887499809265137
2002-04-12,7.337500095367432,6.887499809265137,6.925000190734863,7.1875,2090000.0,7.1875
2002-04-15,7.287499904632568,7.175000190734863,7.212500095367432,7.224999904632568,955600.0,7.224999904632568
2002-04-16,7.4375,7.210000038146973,7.25,7.4375,886000.0,7.4375
2002-04-17,7.452499866485596,7.315000057220459,7.449999809265137,7.315000057220459,2298800.0,7.315000057220459
2002-04-18,7.4375,7.287499904632568,7.315000057220459,7.4375,652400.0,7.4375
2002-04-19,7.457499980926514,7.337500095367432,7.452499866485596,7.367499828338623,498800.0,7.367499828338623
2002-04-22,7.434999942779541,7.177499771118164,7.315000057220459,7.207499980926514,808800.0,7.207499980926514
2002-04-23,7.25,7.150000095367432,7.190000057220459,7.212500095367432,312400.0,7.212500095367432
2002-04-24,7.295000076293945,7.03000020980835,7.244999885559082,7.03000020980835,782000.0,7.03000020980835
2002-04-25,7.150000095367432,6.952499866485596,7.027500152587891,7.042500019073486,674800.0,7.042500019073486
2002-04-26,7.142499923706055,6.96999979019165,6.96999979019165,7.067500114440918,355200.0,7.067500114440918
2002-04-29,7.087500095367432,6.974999904632568,7.052499771118164,7.047500133514404,388800.0,7.047500133514404
2002-04-30,7.147500038146973,6.940000057220459,7.09499979019165,7.119999885559082,784400.0,7.119999885559082
2002-05-01,7.25,6.909999847412109,7.147500038146973,7.099999904632568,799200.0,7.099999904632568
2002-05-02,7.199999809265137,6.900000095367432,7.097499847412109,7.142499923706055,750800.0,7.142499923706055
2002-05-03,7.199999809265137,6.837500095367432,7.199999809265137,7.167500019073486,1766000.0,7.167500019073486
2002-05-06,7.237500190734863,6.867499828338623,7.150000095367432,6.867499828338623,999200.0,6.867499828338623
2002-05-07,6.962500095367432,6.557499885559082,6.862500190734863,6.71750020980835,710800.0,6.71750020980835
2002-05-08,7.119999885559082,6.599999904632568,6.599999904632568,7.107500076293945,396000.0,7.107500076293945
2002-05-09,7.175000190734863,6.809999942779541,6.989999771118164,6.835000038146973,374400.0,6.835000038146973
2002-05-10,7.0,6.5,6.974999904632568,6.690000057220459,667200.0,6.690000057220459
2002-05-13,7.0625,6.5,6.679999828338623,6.974999904632568,1754800.0,6.974999904632568
2002-05-14,7.375,6.987500190734863,7.010000228881836,7.262499809265137,1891600.0,7.262499809265137
2002-05-15,7.329999923706055,7.172500133514404,7.300000190734863,7.264999866485596,922000.0,7.264999866485596
2002-05-16,7.40500020980835,7.164999961853027,7.25,7.302499771118164,1813600.0,7.302499771118164
2002-05-17,7.502500057220459,7.315000057220459,7.315000057220459,7.480000019073486,1454800.0,7.480000019073486
2002-05-20,7.487500190734863,7.269999980926514,7.487500190734863,7.287499904632568,620000.0,7.287499904632568
2002-05-21,7.599999904632568,7.322500228881836,7.322500228881836,7.400000095367432,2944800.0,7.400000095367432
2002-05-22,7.647500038146973,7.400000095367432,7.400000095367432,7.647500038146973,1510400.0,7.647500038146973
2002-05-23,8.154999732971191,7.519999980926514,7.5625,8.132499694824219,1528000.0,8.132499694824219
2002-05-24,8.092499732971191,7.724999904632568,7.925000190734863,7.775000095367432,1091200.0,7.775000095367432
2002-05-28,7.934999942779541,7.675000190734863,7.872499942779541,7.934999942779541,624800.0,7.934999942779541
2002-05-29,7.887499809265137,7.727499961853027,7.760000228881836,7.877500057220459,668000.0,7.877500057220459
2002-05-30,7.900000095367432,7.692500114440918,7.767499923706055,7.824999809265137,1149200.0,7.824999809265137
2002-05-31,8.0625,7.824999809265137,7.824999809265137,7.900000095367432,868800.0,7.900000095367432
2002-06-03,8.0,7.735000133514404,7.880000114440918,7.735000133514404,1910400.0,7.735000133514404
2002-06-04,7.84250020980835,7.514999866485596,7.724999904632568,7.650000095367432,540800.0,7.650000095367432
2002-06-05,7.71750020980835,7.477499961853027,7.652500152587891,7.659999847412109,1195600.0,7.659999847412109
2002-06-06,7.724999904632568,7.417500019073486,7.650000095367432,7.417500019073486,717600.0,7.417500019073486
2002-06-07,7.409999847412109,7.067500114440918,7.409999847412109,7.275000095367432,954400.0,7.275000095367432
2002-06-10,7.355000019073486,7.199999809265137,7.272500038146973,7.199999809265137,792800.0,7.199999809265137
2002-06-11,7.375,6.965000152587891,7.1875,7.03000020980835,1038000.0,7.03000020980835
2002-06-12,7.112500190734863,6.800000190734863,7.014999866485596,6.802499771118164,1182800.0,6.802499771118164
2002-06-13,7.177499771118164,6.78249979019165,6.795000076293945,7.014999866485596,1596400.0,7.014999866485596
2002-06-14,7.159999847412109,6.8125,6.927499771118164,7.057499885559082,1125200.0,7.057499885559082
2002-06-17,7.505000114440918,7.039999961853027,7.125,7.400000095367432,754800.0,7.400000095367432
2002-06-18,7.432499885559082,7.275000095367432,7.360000133514404,7.352499961853027,411600.0,7.352499961853027
2002-06-19,7.4375,7.070000171661377,7.337500095367432,7.099999904632568,586800.0,7.099999904632568
2002-06-20,7.130000114440918,6.602499961853027,7.130000114440918,6.707499980926514,1284400.0,6.707499980926514
2002-06-21,6.847499847412109,6.587500095367432,6.809999942779541,6.71999979019165,1195600.0,6.71999979019165
2002-06-24,6.667500019073486,6.150000095367432,6.642499923706055,6.492499828338623,2274800.0,6.492499828338623
2002-06-25,6.572500228881836,6.340000152587891,6.4375,6.429999828338623,2977600.0,6.429999828338623
2002-06-26,6.539999961853027,6.25,6.355000019073486,6.5,814000.0,6.5
2002-06-27,6.5625,6.362500190734863,6.5625,6.507500171661377,877200.0,6.507500171661377
2002-06-28,6.550000190734863,6.355000019073486,6.389999866485596,6.447500228881836,1810000.0,6.447500228881836
2002-07-01,6.505000114440918,6.275000095367432,6.460000038146973,6.300000190734863,1070800.0,6.300000190734863
2002-07-02,6.362500190734863,6.114999771118164,6.275000095367432,6.242499828338623,888400.0,6.242499828338623
2002-07-03,6.360000133514404,6.112500190734863,6.137499809265137,6.272500038146973,871600.0,6.272500038146973
2002-07-05,6.542500019073486,6.207499980926514,6.242499828338623,6.512499809265137,404800.0,6.512499809265137
2002-07-08,6.5,6.227499961853027,6.402500152587891,6.28000020980835,344000.0,6.28000020980835
2002-07-09,6.46750020980835,6.184999942779541,6.28249979019165,6.284999847412109,515600.0,6.284999847412109
2002-07-10,6.349999904632568,6.195000171661377,6.237500190734863,6.199999809265137,1168800.0,6.199999809265137
2002-07-11,6.264999866485596,5.96750020980835,6.192500114440918,5.994999885559082,1948800.0,5.994999885559082
2002-07-12,6.292500019073486,5.949999809265137,6.0,6.099999904632568,884800.0,6.099999904632568
2002-07-15,6.724999904632568,6.199999809265137,6.199999809265137,6.704999923706055,2430400.0,6.704999923706055
2002-07-16,7.5625,6.602499961853027,6.675000190734863,7.239999771118164,5128000.0,7.239999771118164
2002-07-17,7.40500020980835,7.179999828338623,7.357500076293945,7.199999809265137,1293600.0,7.199999809265137
2002-07-18,7.324999809265137,7.125,7.322500228881836,7.1875,968400.0,7.1875
2002-07-19,7.177499771118164,6.900000095367432,7.152500152587891,6.900000095367432,1094000.0,6.900000095367432
2002-07-22,7.139999866485596,6.764999866485596,7.025000095367432,6.925000190734863,1312800.0,6.925000190734863
2002-07-23,7.269999980926514,6.887499809265137,6.927499771118164,7.090000152587891,4259200.0,7.090000152587891
2002-07-24,7.422500133514404,6.6875,7.007500171661377,7.287499904632568,1406400.0,7.287499904632568
2002-07-25,7.677499771118164,7.192500114440918,7.25,7.335000038146973,1324000.0,7.335000038146973
2002-07-26,7.489999771118164,7.125,7.489999771118164,7.260000228881836,950800.0,7.260000228881836
2002-07-29,7.427499771118164,7.150000095367432,7.349999904632568,7.25,1364000.0,7.25
2002-07-30,7.425000190734863,7.125,7.317500114440918,7.25,1405200.0,7.25
2002-07-31,7.4375,7.179999828338623,7.179999828338623,7.3125,1798800.0,7.3125
2002-08-01,7.5,7.300000190734863,7.412499904632568,7.387499809265137,1268400.0,7.387499809265137
2002-08-02,7.425000190734863,7.102499961853027,7.364999771118164,7.102499961853027,1198800.0,7.102499961853027
2002-08-05,7.28249979019165,6.827499866485596,7.105000019073486,6.829999923706055,873600.0,6.829999923706055
2002-08-06,7.122499942779541,6.827499866485596,6.829999923706055,6.925000190734863,1439600.0,6.925000190734863
2002-08-07,7.112500190734863,6.577499866485596,7.059999942779541,6.797500133514404,1515600.0,6.797500133514404
2002-08-08,6.925000190734863,6.755000114440918,6.784999847412109,6.855000019073486,1659200.0,6.855000019073486
2002-08-09,7.387499809265137,6.802499771118164,6.917500019073486,7.099999904632568,1573200.0,7.099999904632568
2002-08-12,7.237500190734863,6.987500190734863,7.227499961853027,7.102499961853027,369200.0,7.102499961853027
2002-08-13,7.204999923706055,6.962500095367432,7.202499866485596,7.005000114440918,640400.0,7.005000114440918
2002-08-14,7.425000190734863,7.002500057220459,7.002500057220459,7.389999866485596,874400.0,7.389999866485596
2002-08-15,7.622499942779541,7.362500190734863,7.425000190734863,7.599999904632568,1592800.0,7.599999904632568
2002-08-16,7.735000133514404,7.427499771118164,7.547500133514404,7.607500076293945,816000.0,7.607500076293945
2002-08-19,7.987500190734863,7.355000019073486,7.587500095367432,7.512499809265137,1596400.0,7.512499809265137
2002-08-20,7.737500190734863,7.462500095367432,7.525000095367432,7.505000114440918,1670000.0,7.505000114440918
2002-08-21,7.647500038146973,7.414999961853027,7.5,7.539999961853027,1126000.0,7.539999961853027
2002-08-22,7.662499904632568,7.46999979019165,7.572500228881836,7.647500038146973,915200.0,7.647500038146973
2002-08-23,7.662499904632568,7.289999961853027,7.662499904632568,7.289999961853027,576800.0,7.289999961853027
2002-08-26,7.567500114440918,7.202499866485596,7.287499904632568,7.567500114440918,889600.0,7.567500114440918
2002-08-27,7.599999904632568,7.230000019073486,7.550000190734863,7.230000019073486,904000.0,7.230000019073486
2002-08-28,7.375,7.0625,7.230000019073486,7.135000228881836,787200.0,7.135000228881836
2002-08-29,7.372499942779541,7.012499809265137,7.014999866485596,7.315000057220459,533600.0,7.315000057220459
2002-08-30,7.382500171661377,7.192500114440918,7.25,7.272500038146973,626800.0,7.272500038146973
2002-09-03,7.352499961853027,7.037499904632568,7.3125,7.112500190734863,728400.0,7.112500190734863
2002-09-04,7.4375,7.125,7.127500057220459,7.295000076293945,1127200.0,7.295000076293945
2002-09-05,7.485000133514404,7.287499904632568,7.362500190734863,7.300000190734863,553200.0,7.300000190734863
2002-09-06,7.550000190734863,7.28000020980835,7.46750020980835,7.497499942779541,405200.0,7.497499942779541
2002-09-09,7.650000095367432,7.307499885559082,7.512499809265137,7.625,669600.0,7.625
2002-09-10,7.795000076293945,7.539999961853027,7.590000152587891,7.775000095367432,836800.0,7.775000095367432
2002-09-11,7.925000190734863,7.667500019073486,7.667500019073486,7.722499847412109,432000.0,7.722499847412109
2002-09-12,7.75,7.382500171661377,7.737500190734863,7.449999809265137,696400.0,7.449999809265137
2002-09-13,7.664999961853027,7.375,7.375,7.577499866485596,679200.0,7.577499866485596
2002-09-16,7.837500095367432,7.502500057220459,7.512499809265137,7.807499885559082,680000.0,7.807499885559082
2002-09-17,7.925000190734863,7.769999980926514,7.897500038146973,7.824999809265137,1044800.0,7.824999809265137
2002-09-18,7.9375,7.762499809265137,7.824999809265137,7.889999866485596,786400.0,7.889999866485596
2002-09-19,8.0,7.800000190734863,7.897500038146973,7.862500190734863,1686000.0,7.862500190734863
2002-09-20,7.887499809265137,7.639999866485596,7.837500095367432,7.677499771118164,1754800.0,7.677499771118164
2002-09-23,7.699999809265137,7.375,7.627500057220459,7.605000019073486,776400.0,7.605000019073486
2002-09-24,7.762499809265137,7.525000095367432,7.525000095367432,7.744999885559082,830000.0,7.744999885559082
2002-09-25,7.792500019073486,7.690000057220459,7.755000114440918,7.744999885559082,1370400.0,7.744999885559082
2002-09-26,7.777500152587891,7.632500171661377,7.744999885559082,7.75,1008800.0,7.75
2002-09-27,7.775000095367432,7.512499809265137,7.724999904632568,7.625,671600.0,7.625
2002-09-30,7.78249979019165,7.494999885559082,7.570000171661377,7.735000133514404,893200.0,7.735000133514404
2002-10-01,7.960000038146973,7.577499866485596,7.75,7.872499942779541,1440400.0,7.872499942779541
2002-10-02,7.900000095367432,7.764999866485596,7.827499866485596,7.835000038146973,958800.0,7.835000038146973
2002-10-03,7.987500190734863,7.78000020980835,7.795000076293945,7.922500133514404,1172000.0,7.922500133514404
2002-10-04,7.945000171661377,7.775000095367432,7.860000133514404,7.869999885559082,749200.0,7.869999885559082
2002-10-07,7.96999979019165,7.672500133514404,7.925000190734863,7.817500114440918,1156400.0,7.817500114440918
2002-10-08,7.917500019073486,7.6875,7.877500057220459,7.71999979019165,1284000.0,7.71999979019165
2002-10-09,7.75,7.429999828338623,7.75,7.462500095367432,1298400.0,7.462500095367432
2002-10-10,7.53000020980835,7.322500228881836,7.53000020980835,7.360000133514404,1275200.0,7.360000133514404
2002-10-11,7.599999904632568,7.34250020980835,7.375,7.5,974800.0,7.5
2002-10-14,7.875,7.4375,7.4375,7.712500095367432,654400.0,7.712500095367432
2002-10-15,7.872499942779541,7.637499809265137,7.724999904632568,7.739999771118164,1404400.0,7.739999771118164
2002-10-16,8.0,7.502500057220459,7.737500190734863,7.605000019073486,834800.0,7.605000019073486
2002-10-17,7.775000095367432,7.605000019073486,7.647500038146973,7.775000095367432,564000.0,7.775000095367432
2002-10-18,7.772500038146973,7.599999904632568,7.75,7.75,466400.0,7.75
2002-10-21,7.974999904632568,7.675000190734863,7.675000190734863,7.875,1634800.0,7.875
2002-10-22,8.25,7.824999809265137,7.885000228881836,8.012499809265137,2004000.0,8.012499809265137
2002-10-23,8.40250015258789,7.849999904632568,7.96750020980835,8.28499984741211,1564400.0,8.28499984741211
2002-10-24,8.369999885559082,8.0,8.300000190734863,8.137499809265137,1236400.0,8.137499809265137
2002-10-25,8.697500228881836,8.125,8.149999618530273,8.694999694824219,2184800.0,8.694999694824219
2002-10-28,8.875,8.517499923706055,8.824999809265137,8.732500076293945,3372400.0,8.732500076293945
2002-10-29,8.805000305175781,8.637499809265137,8.727499961853027,8.725000381469727,1313200.0,8.725000381469727
2002-10-30,8.875,8.649999618530273,8.712499618530273,8.857500076293945,886800.0,8.857500076293945
2002-10-31,8.875,8.574999809265137,8.875,8.625,1642800.0,8.625
2002-11-01,8.725000381469727,8.425000190734863,8.637499809265137,8.617500305175781,1414400.0,8.617500305175781
2002-11-04,8.875,8.600000381469727,8.600000381469727,8.774999618530273,1636000.0,8.774999618530273
2002-11-05,8.875,8.587499618530273,8.75,8.8725004196167,1817200.0,8.8725004196167
2002-11-06,9.0625,8.850000381469727,8.850000381469727,9.015000343322754,2405600.0,9.015000343322754
2002-11-07,9.055000305175781,8.907500267028809,8.979999542236328,8.944999694824219,712800.0,8.944999694824219
2002-11-08,8.9399995803833,8.359999656677246,8.9375,8.817500114440918,1370000.0,8.817500114440918
2002-11-11,8.9375,8.7524995803833,8.779999732971191,8.859999656677246,948400.0,8.859999656677246
2002-11-12,9.262499809265137,8.779999732971191,8.864999771118164,9.0625,2008400.0,9.0625
2002-11-13,9.1875,8.962499618530273,9.149999618530273,9.032500267028809,1448800.0,9.032500267028809
2002-11-14,9.162500381469727,8.96500015258789,8.96500015258789,9.137499809265137,882400.0,9.137499809265137
2002-11-15,9.260000228881836,8.96500015258789,9.125,9.119999885559082,672800.0,9.119999885559082
2002-11-18,9.25,8.875,9.125,8.975000381469727,1211200.0,8.975000381469727
2002-11-19,8.862500190734863,8.550000190734863,8.77750015258789,8.675000190734863,1320400.0,8.675000190734863
2002-11-20,8.850000381469727,8.625,8.662500381469727,8.800000190734863,515200.0,8.800000190734863
2002-11-21,9.100000381469727,8.75,8.75,9.010000228881836,2070000.0,9.010000228881836
2002-11-22,9.1225004196167,8.850000381469727,8.975000381469727,9.057499885559082,557200.0,9.057499885559082
2002-11-25,9.1225004196167,8.892499923706055,9.1225004196167,9.0625,968000.0,9.0625
2002-11-26,9.112500190734863,7.824999809265137,9.0600004196167,7.997499942779541,4092400.0,7.997499942779541
2002-11-27,8.1875,7.837500095367432,8.0,8.0,1500000.0,8.0
2002-11-29,8.0,7.804999828338623,7.992499828338623,7.827499866485596,468000.0,7.827499866485596
2002-12-02,8.015000343322754,7.802499771118164,7.925000190734863,7.974999904632568,1876000.0,7.974999904632568
2002-12-03,8.09000015258789,7.914999961853027,8.0,7.980000019073486,1466000.0,7.980000019073486
2002-12-04,8.225000381469727,7.732500076293945,7.954999923706055,8.0625,1377200.0,8.0625
2002-12-05,8.09749984741211,7.75,8.074999809265137,7.934999942779541,466800.0,7.934999942779541
2002-12-06,8.050000190734863,7.824999809265137,7.962500095367432,8.047499656677246,831200.0,8.047499656677246
2002-12-09,8.072500228881836,7.8125,8.072500228881836,7.815000057220459,734000.0,7.815000057220459
2002-12-10,8.074999809265137,7.8125,7.815000057220459,8.037500381469727,1256400.0,8.037500381469727
2002-12-11,8.324999809265137,7.957499980926514,8.0,8.22249984741211,1844800.0,8.22249984741211
2002-12-12,8.272500038146973,8.104999542236328,8.1899995803833,8.22249984741211,953600.0,8.22249984741211
2002-12-13,8.212499618530273,7.987500190734863,8.1899995803833,8.1875,881200.0,8.1875
2002-12-16,8.305000305175781,8.069999694824219,8.15250015258789,8.147500038146973,954800.0,8.147500038146973
2002-12-17,8.1875,8.022500038146973,8.0649995803833,8.037500381469727,706400.0,8.037500381469727
2002-12-18,8.162500381469727,7.9375,8.050000190734863,7.940000057220459,838400.0,7.940000057220459
2002-12-19,8.119999885559082,7.897500038146973,7.9375,7.962500095367432,1259200.0,7.962500095367432
2002-12-20,8.302499771118164,8.0,8.0,8.282500267028809,2578000.0,8.282500267028809
2002-12-23,8.324999809265137,8.142499923706055,8.199999809265137,8.302499771118164,864000.0,8.302499771118164
2002-12-24,8.307499885559082,8.1875,8.210000038146973,8.2475004196167,214800.0,8.2475004196167
2002-12-26,8.369999885559082,8.15999984741211,8.225000381469727,8.270000457763672,834000.0,8.270000457763672
2002-12-27,8.25,8.112500190734863,8.25,8.180000305175781,606400.0,8.180000305175781
2002-12-30,8.217499732971191,8.087499618530273,8.100000381469727,8.1875,572800.0,8.1875
2002-12-31,8.369999885559082,8.039999961853027,8.199999809265137,8.212499618530273,1345600.0,8.212499618530273
2003-01-02,8.425000190734863,8.1899995803833,8.28499984741211,8.359999656677246,1376800.0,8.359999656677246
2003-01-03,8.382499694824219,8.232500076293945,8.359999656677246,8.244999885559082,752400.0,8.244999885559082
2003-01-06,8.350000381469727,8.140000343322754,8.202500343322754,8.194999694824219,498000.0,8.194999694824219
2003-01-07,8.225000381469727,7.909999847412109,8.125,8.015000343322754,1536800.0,8.015000343322754
2003-01-08,8.125,7.949999809265137,7.96750020980835,8.039999961853027,717600.0,8.039999961853027
2003-01-09,8.4375,7.827499866485596,7.840000152587891,8.287500381469727,1055200.0,8.287500381469727
2003-01-10,8.369999885559082,8.085000038146973,8.302499771118164,8.272500038146973,654800.0,8.272500038146973
2003-01-13,8.375,8.100000381469727,8.237500190734863,8.232500076293945,474400.0,8.232500076293945
2003-01-14,8.552499771118164,8.1899995803833,8.1899995803833,8.524999618530273,1055200.0,8.524999618530273
2003-01-15,8.649999618530273,8.217499732971191,8.524999618530273,8.27750015258789,1205600.0,8.27750015258789
2003-01-16,8.53499984741211,8.270000457763672,8.270000457763672,8.427499771118164,386000.0,8.427499771118164
2003-01-17,8.604999542236328,8.407500267028809,8.420000076293945,8.5649995803833,451200.0,8.5649995803833
2003-01-21,8.710000038146973,8.375,8.602499961853027,8.432499885559082,434400.0,8.432499885559082
2003-01-22,8.550000190734863,8.345000267028809,8.417499542236328,8.510000228881836,474000.0,8.510000228881836
2003-01-23,8.569999694824219,8.412500381469727,8.547499656677246,8.482500076293945,509200.0,8.482500076293945
2003-01-24,8.489999771118164,8.042499542236328,8.489999771118164,8.242500305175781,780800.0,8.242500305175781
2003-01-27,8.255000114440918,8.012499809265137,8.225000381469727,8.149999618530273,1353600.0,8.149999618530273
2003-01-28,8.52750015258789,8.149999618530273,8.149999618530273,8.425000190734863,1371600.0,8.425000190734863
2003-01-29,8.640000343322754,8.342499732971191,8.47249984741211,8.602499961853027,706000.0,8.602499961853027
2003-01-30,8.5625,8.300000190734863,8.53499984741211,8.329999923706055,1365200.0,8.329999923706055
2003-01-31,8.710000038146973,8.305000305175781,8.305000305175781,8.654999732971191,1040800.0,8.654999732971191
2003-02-03,8.829999923706055,8.4375,8.642499923706055,8.710000038146973,1405200.0,8.710000038146973
2003-02-04,8.744999885559082,8.287500381469727,8.707500457763672,8.494999885559082,1028400.0,8.494999885559082
2003-02-05,8.574999809265137,8.420000076293945,8.46500015258789,8.449999809265137,1246800.0,8.449999809265137
2003-02-06,8.612500190734863,8.425000190734863,8.444999694824219,8.567500114440918,788000.0,8.567500114440918
2003-02-07,8.8125,8.557499885559082,8.557499885559082,8.6899995803833,1188400.0,8.6899995803833
2003-02-10,8.869999885559082,8.567500114440918,8.664999961853027,8.822500228881836,978400.0,8.822500228881836
2003-02-11,8.962499618530273,8.787500381469727,8.787500381469727,8.912500381469727,1022800.0,8.912500381469727
2003-02-12,9.082500457763672,8.779999732971191,8.890000343322754,8.8125,1297600.0,8.8125
2003-02-13,8.927499771118164,8.725000381469727,8.792499542236328,8.899999618530273,1496000.0,8.899999618530273
2003-02-14,9.037500381469727,8.837499618530273,8.875,9.0024995803833,1025200.0,9.0024995803833
2003-02-18,9.262499809265137,8.925000190734863,8.975000381469727,9.2475004196167,1382400.0,9.2475004196167
2003-02-19,9.484999656677246,9.167499542236328,9.167499542236328,9.425000190734863,1108800.0,9.425000190734863
2003-02-20,9.399999618530273,9.052499771118164,9.354999542236328,9.125,1706400.0,9.125
2003-02-21,9.295000076293945,9.085000038146973,9.125,9.220000267028809,1248000.0,9.220000267028809
2003-02-24,9.257499694824219,8.952500343322754,9.167499542236328,8.994999885559082,1110000.0,8.994999885559082
2003-02-25,9.050000190734863,8.75,9.0,8.994999885559082,859200.0,8.994999885559082
2003-02-26,9.162500381469727,8.8774995803833,8.927499771118164,9.082500457763672,749200.0,9.082500457763672
2003-02-27,9.229999542236328,9.029999732971191,9.114999771118164,9.085000038146973,892000.0,9.085000038146973
2003-02-28,9.225000381469727,9.09000015258789,9.140000343322754,9.114999771118164,525200.0,9.114999771118164
2003-03-03,9.300000190734863,9.132499694824219,9.2524995803833,9.199999809265137,660000.0,9.199999809265137
2003-03-04,9.342499732971191,9.109999656677246,9.125,9.194999694824219,679200.0,9.194999694824219
2003-03-05,9.25,9.024999618530273,9.234999656677246,9.069999694824219,1068800.0,9.069999694824219
2003-03-06,9.102499961853027,8.942500114440918,9.102499961853027,8.989999771118164,1545600.0,8.989999771118164
2003-03-07,9.0024995803833,8.8725004196167,8.947500228881836,9.0024995803833,1500400.0,9.0024995803833
2003-03-10,9.03499984741211,8.9375,8.9375,9.012499809265137,796000.0,9.012499809265137
2003-03-11,9.0,8.927499771118164,9.0,8.962499618530273,959600.0,8.962499618530273
2003-03-12,8.987500190734863,8.792499542236328,8.962499618530273,8.869999885559082,1057200.0,8.869999885559082
2003-03-13,9.0,8.857500076293945,8.857500076293945,9.0,872400.0,9.0
2003-03-14,9.012499809265137,8.9399995803833,9.012499809265137,8.954999923706055,738000.0,8.954999923706055
2003-03-17,9.142499923706055,8.864999771118164,8.9399995803833,9.0625,1220000.0,9.0625
2003-03-18,9.085000038146973,8.925000190734863,9.085000038146973,9.007499694824219,720400.0,9.007499694824219
2003-03-19,9.180000305175781,8.9375,9.03499984741211,9.167499542236328,829200.0,9.167499542236328
2003-03-20,9.104999542236328,8.887499809265137,9.0625,8.912500381469727,762400.0,8.912500381469727
2003-03-21,9.012499809265137,8.850000381469727,8.989999771118164,8.922499656677246,1267200.0,8.922499656677246
2003-03-24,8.987500190734863,8.795000076293945,8.899999618530273,8.962499618530273,488400.0,8.962499618530273
2003-03-25,9.132499694824219,8.882499694824219,8.9375,9.117500305175781,1027200.0,9.117500305175781
2003-03-26,9.25,8.890000343322754,9.147500038146973,8.944999694824219,563600.0,8.944999694824219
2003-03-27,9.145000457763672,8.897500038146973,8.962499618530273,9.0,465600.0,9.0
2003-03-28,9.057499885559082,8.90999984741211,8.9975004196167,8.942500114440918,964800.0,8.942500114440918
2003-03-31,8.802499771118164,8.587499618530273,8.800000190734863,8.742500305175781,2016400.0,8.742500305175781
2003-04-01,8.925000190734863,8.5625,8.802499771118164,8.637499809265137,1707600.0,8.637499809265137
2003-04-02,8.737500190734863,8.032500267028809,8.662500381469727,8.354999542236328,2330400.0,8.354999542236328
2003-04-03,8.467499732971191,8.3125,8.352499961853027,8.385000228881836,1602400.0,8.385000228881836
2003-04-04,8.569999694824219,8.375,8.407500267028809,8.427499771118164,692000.0,8.427499771118164
2003-04-07,8.837499618530273,8.524999618530273,8.550000190734863,8.602499961853027,1746000.0,8.602499961853027
2003-04-08,8.725000381469727,8.577500343322754,8.607500076293945,8.637499809265137,1256000.0,8.637499809265137
2003-04-09,8.875,8.582500457763672,8.680000305175781,8.587499618530273,1272400.0,8.587499618530273
2003-04-10,8.587499618530273,8.414999961853027,8.587499618530273,8.444999694824219,804000.0,8.444999694824219
2003-04-11,8.537500381469727,8.3149995803833,8.444999694824219,8.34000015258789,782800.0,8.34000015258789
2003-04-14,8.547499656677246,8.0,8.3125,8.359999656677246,1662000.0,8.359999656677246
2003-04-15,8.399999618530273,8.164999961853027,8.327500343322754,8.350000381469727,2251600.0,8.350000381469727
2003-04-16,8.422499656677246,8.175000190734863,8.417499542236328,8.289999961853027,1497600.0,8.289999961853027
2003-04-17,8.635000228881836,8.182499885559082,8.362500190734863,8.567500114440918,2538000.0,8.567500114440918
2003-04-21,8.84000015258789,8.02750015258789,8.25,8.8125,5253600.0,8.8125
2003-04-22,9.3100004196167,8.677499771118164,8.7524995803833,9.069999694824219,2224000.0,9.069999694824219
2003-04-23,9.149999618530273,8.77750015258789,9.107500076293945,9.032500267028809,1118400.0,9.032500267028809
2003-04-24,9.082500457763672,8.842499732971191,9.0,9.082500457763672,1178000.0,9.082500457763672
2003-04-25,9.085000038146973,8.957500457763672,9.085000038146973,9.047499656677246,575600.0,9.047499656677246
2003-04-28,9.079999923706055,8.927499771118164,9.024999618530273,9.045000076293945,1098400.0,9.045000076293945
2003-04-29,9.359999656677246,9.0,9.0,9.357500076293945,1236400.0,9.357500076293945
2003-04-30,9.757499694824219,9.364999771118164,9.385000228881836,9.75,2957200.0,9.75
2003-05-01,9.774999618530273,9.359999656677246,9.75,9.3725004196167,2383600.0,9.3725004196167
2003-05-02,9.662500381469727,9.380000114440918,9.425000190734863,9.567500114440918,1564400.0,9.567500114440918
2003-05-05,9.71500015258789,9.547499656677246,9.675000190734863,9.5649995803833,654000.0,9.5649995803833
2003-05-06,9.707500457763672,9.567500114440918,9.635000228881836,9.702500343322754,772400.0,9.702500343322754
2003-05-07,9.552499771118164,9.109999656677246,9.552499771118164,9.199999809265137,2148400.0,9.199999809265137
2003-05-08,9.494999885559082,9.125,9.194999694824219,9.225000381469727,936000.0,9.225000381469727
2003-05-09,9.162500381469727,8.885000228881836,8.887499809265137,9.079999923706055,2106800.0,9.079999923706055
2003-05-12,9.09749984741211,8.607500076293945,9.050000190734863,8.875,3607600.0,8.875
2003-05-13,9.087499618530273,8.7475004196167,8.75,8.96500015258789,1086000.0,8.96500015258789
2003-05-14,9.142499923706055,8.954999923706055,9.022500038146973,9.087499618530273,966400.0,9.087499618530273
2003-05-15,9.25,8.9975004196167,9.077500343322754,9.092499732971191,748800.0,9.092499732971191
2003-05-16,9.147500038146973,8.9375,9.077500343322754,8.962499618530273,650400.0,8.962499618530273
2003-05-19,9.022500038146973,8.7475004196167,8.887499809265137,8.7475004196167,966800.0,8.7475004196167
2003-05-20,8.84749984741211,8.702500343322754,8.84749984741211,8.75,774000.0,8.75
2003-05-21,8.770000457763672,8.6899995803833,8.75,8.744999885559082,659600.0,8.744999885559082
2003-05-22,8.767499923706055,8.6850004196167,8.732500076293945,8.725000381469727,1068800.0,8.725000381469727
2003-05-23,8.792499542236328,8.699999809265137,8.75,8.699999809265137,1160800.0,8.699999809265137
2003-05-27,8.680000305175781,7.96750020980835,7.989999771118164,8.5600004196167,4741200.0,8.5600004196167
2003-05-28,9.0,8.667499542236328,8.702500343322754,8.942500114440918,1422000.0,8.942500114440918
2003-05-29,9.0,8.837499618530273,8.977499961853027,8.942500114440918,897600.0,8.942500114440918
2003-05-30,9.024999618530273,8.867500305175781,8.975000381469727,8.90999984741211,1005600.0,8.90999984741211
2003-06-02,9.042499542236328,8.800000190734863,8.97249984741211,8.8774995803833,663200.0,8.8774995803833
2003-06-03,9.02750015258789,8.850000381469727,8.9350004196167,8.9375,765200.0,8.9375
2003-06-04,9.007499694824219,8.822500228881836,8.867500305175781,8.942500114440918,1086000.0,8.942500114440918
2003-06-05,9.22249984741211,8.887499809265137,8.925000190734863,9.167499542236328,1198000.0,9.167499542236328
2003-06-06,9.332500457763672,9.032500267028809,9.244999885559082,9.03499984741211,994800.0,9.03499984741211
2003-06-09,9.100000381469727,8.734999656677246,9.100000381469727,8.824999809265137,1026400.0,8.824999809265137
2003-06-10,9.0,8.787500381469727,8.805000305175781,8.977499961853027,824400.0,8.977499961853027
2003-06-11,9.0625,8.875,8.944999694824219,9.052499771118164,866000.0,9.052499771118164
2003-06-12,9.125,8.97249984741211,9.102499961853027,9.007499694824219,706800.0,9.007499694824219
2003-06-13,9.1225004196167,8.944999694824219,9.050000190734863,9.0,630000.0,9.0
2003-06-16,9.260000228881836,9.0,9.0024995803833,9.25,1203200.0,9.25
2003-06-17,9.274999618530273,9.082500457763672,9.257499694824219,9.199999809265137,661200.0,9.199999809265137
2003-06-18,9.25,8.737500190734863,9.25,8.8725004196167,1382800.0,8.8725004196167
2003-06-19,8.9350004196167,8.595000267028809,8.774999618530273,8.734999656677246,1787600.0,8.734999656677246
2003-06-20,8.949999809265137,8.702500343322754,8.727499961853027,8.772500038146973,963600.0,8.772500038146973
2003-06-23,8.857500076293945,8.607500076293945,8.75,8.6850004196167,1228000.0,8.6850004196167
2003-06-24,8.819999694824219,8.579999923706055,8.625,8.582500457763672,1212800.0,8.582500457763672
2003-06-25,8.782500267028809,8.487500190734863,8.574999809265137,8.59000015258789,1530400.0,8.59000015258789
2003-06-26,8.770000457763672,8.545000076293945,8.65999984741211,8.712499618530273,831600.0,8.712499618530273
2003-06-27,8.824999809265137,8.505000114440918,8.649999618530273,8.539999961853027,1098000.0,8.539999961853027
2003-06-30,8.572500228881836,8.27750015258789,8.524999618530273,8.332500457763672,3805600.0,8.332500457763672
2003-07-01,8.725000381469727,8.350000381469727,8.350000381469727,8.72249984741211,2301200.0,8.72249984741211
2003-07-02,8.90250015258789,8.649999618530273,8.720000267028809,8.84749984741211,1356800.0,8.84749984741211
2003-07-03,8.899999618530273,8.720000267028809,8.867500305175781,8.75,506000.0,8.75
2003-07-07,8.912500381469727,8.6875,8.779999732971191,8.907500267028809,956000.0,8.907500267028809
2003-07-08,9.22249984741211,8.824999809265137,8.914999961853027,9.22249984741211,1071200.0,9.22249984741211
2003-07-09,9.244999885559082,9.045000076293945,9.225000381469727,9.182499885559082,1614000.0,9.182499885559082
2003-07-10,9.175000190734863,8.882499694824219,9.125,8.917499542236328,1390800.0,8.917499542236328
2003-07-11,9.067500114440918,8.882499694824219,8.882499694824219,9.037500381469727,1021600.0,9.037500381469727
2003-07-14,9.25,8.77750015258789,9.069999694824219,8.895000457763672,1167200.0,8.895000457763672
2003-07-15,8.920000076293945,8.397500038146973,8.920000076293945,8.614999771118164,2681600.0,8.614999771118164
2003-07-16,8.75,8.550000190734863,8.612500190734863,8.557499885559082,614400.0,8.557499885559082
2003-07-17,8.802499771118164,8.53499984741211,8.537500381469727,8.587499618530273,876000.0,8.587499618530273
2003-07-18,8.657500267028809,8.537500381469727,8.625,8.602499961853027,1194800.0,8.602499961853027
2003-07-21,10.494999885559082,8.987500190734863,9.077500343322754,10.085000038146973,12220400.0,10.085000038146973
2003-07-22,10.265000343322754,9.787500381469727,10.077500343322754,9.897500038146973,4337200.0,9.897500038146973
2003-07-23,9.984999656677246,9.762499809265137,9.96500015258789,9.912500381469727,1190000.0,9.912500381469727
2003-07-24,10.074999809265137,9.7524995803833,9.7524995803833,9.895000457763672,1532400.0,9.895000457763672
2003-07-25,10.050000190734863,9.807499885559082,9.977499961853027,9.875,1111200.0,9.875
2003-07-28,10.087499618530273,9.800000190734863,9.800000190734863,10.037500381469727,909600.0,10.037500381469727
2003-07-29,10.237500190734863,10.017499923706055,10.0625,10.167499542236328,1096800.0,10.167499542236328
2003-07-30,10.1899995803833,9.975000381469727,10.09749984741211,10.0600004196167,948800.0,10.0600004196167
2003-07-31,10.260000228881836,10.005000114440918,10.162500381469727,10.117500305175781,993600.0,10.117500305175781
2003-08-01,10.220000267028809,9.987500190734863,10.172499656677246,10.0,979600.0,10.0
2003-08-04,10.095000267028809,9.774999618530273,9.97249984741211,9.8774995803833,1006400.0,9.8774995803833
2003-08-05,9.927499771118164,9.607500076293945,9.927499771118164,9.75,1038000.0,9.75
2003-08-06,9.789999961853027,9.592499732971191,9.762499809265137,9.697500228881836,1253200.0,9.697500228881836
2003-08-07,9.850000381469727,9.614999771118164,9.77750015258789,9.649999618530273,1511200.0,9.649999618530273
2003-08-08,9.772500038146973,9.635000228881836,9.675000190734863,9.729999542236328,1161600.0,9.729999542236328
2003-08-11,9.8100004196167,9.699999809265137,9.8100004196167,9.760000228881836,1147200.0,9.760000228881836
2003-08-12,9.8125,9.699999809265137,9.8125,9.7524995803833,705600.0,9.7524995803833
2003-08-13,10.0,9.75,9.762499809265137,9.899999618530273,1169600.0,9.899999618530273
2003-08-14,9.9375,9.824999809265137,9.9375,9.850000381469727,851200.0,9.850000381469727
2003-08-15,9.922499656677246,9.787500381469727,9.862500190734863,9.832500457763672,241200.0,9.832500457763672
2003-08-18,9.912500381469727,9.727499961853027,9.862500190734863,9.84000015258789,1456400.0,9.84000015258789
2003-08-19,10.390000343322754,9.890000343322754,9.904999732971191,10.354999542236328,2144400.0,10.354999542236328
2003-08-20,10.350000381469727,10.182499885559082,10.27750015258789,10.232500076293945,2370000.0,10.232500076293945
2003-08-21,10.864999771118164,10.227499961853027,10.229999542236328,10.725000381469727,2442800.0,10.725000381469727
2003-08-22,10.762499809265137,10.305000305175781,10.762499809265137,10.324999809265137,1073600.0,10.324999809265137
2003-08-25,10.5,10.21500015258789,10.227499961853027,10.4350004196167,904000.0,10.4350004196167
2003-08-26,10.427499771118164,10.260000228881836,10.412500381469727,10.397500038146973,653200.0,10.397500038146973
2003-08-27,10.5625,10.375,10.375,10.417499542236328,347200.0,10.417499542236328
2003-08-28,10.467499732971191,10.359999656677246,10.4375,10.404999732971191,914400.0,10.404999732971191
2003-08-29,10.4375,10.342499732971191,10.397500038146973,10.3774995803833,396000.0,10.3774995803833
2003-09-02,10.512499809265137,10.359999656677246,10.422499656677246,10.399999618530273,985200.0,10.399999618530273
2003-09-03,10.462499618530273,10.352499961853027,10.375,10.375,661200.0,10.375
2003-09-04,10.5024995803833,10.3725004196167,10.4375,10.4350004196167,546400.0,10.4350004196167
2003-09-05,10.444999694824219,10.352499961853027,10.352499961853027,10.399999618530273,830000.0,10.399999618530273
2003-09-08,10.654999732971191,10.367500305175781,10.3774995803833,10.649999618530273,588800.0,10.649999618530273
2003-09-09,10.710000038146973,10.537500381469727,10.602499961853027,10.587499618530273,1326800.0,10.587499618530273
2003-09-10,10.960000038146973,10.550000190734863,10.550000190734863,10.72249984741211,1501200.0,10.72249984741211
2003-09-11,10.875,10.692500114440918,10.767499923706055,10.869999885559082,1200800.0,10.869999885559082
2003-09-12,11.045000076293945,10.78499984741211,10.845000267028809,10.992500305175781,812000.0,10.992500305175781
2003-09-15,11.2475004196167,10.984999656677246,11.012499809265137,11.164999961853027,1212000.0,11.164999961853027
2003-09-16,11.227499961853027,11.102499961853027,11.125,11.1875,1005600.0,11.1875
2003-09-17,11.25,11.170000076293945,11.1850004196167,11.210000038146973,1057600.0,11.210000038146973
2003-09-18,11.342499732971191,11.140000343322754,11.1899995803833,11.297499656677246,1063600.0,11.297499656677246
2003-09-19,11.345000267028809,11.112500190734863,11.232500076293945,11.3100004196167,1488800.0,11.3100004196167
2003-09-22,11.3100004196167,11.067500114440918,11.267499923706055,11.22249984741211,671200.0,11.22249984741211
2003-09-23,11.404999732971191,11.082500457763672,11.09749984741211,11.404999732971191,520800.0,11.404999732971191
2003-09-24,11.427499771118164,11.194999694824219,11.427499771118164,11.242500305175781,529200.0,11.242500305175781
2003-09-25,11.292499542236328,10.904999732971191,11.262499809265137,10.952500343322754,898400.0,10.952500343322754
2003-09-26,11.022500038146973,10.7475004196167,10.932499885559082,10.760000228881836,2080800.0,10.760000228881836
2003-09-29,10.789999961853027,10.637499809265137,10.720000267028809,10.702500343322754,1342000.0,10.702500343322754
2003-09-30,10.78499984741211,10.602499961853027,10.675000190734863,10.637499809265137,1707200.0,10.637499809265137
2003-10-01,10.949999809265137,10.647500038146973,10.649999618530273,10.77750015258789,1690000.0,10.77750015258789
2003-10-02,10.8100004196167,10.732500076293945,10.760000228881836,10.779999732971191,2282400.0,10.779999732971191
2003-10-03,10.984999656677246,10.757499694824219,10.757499694824219,10.832500457763672,788800.0,10.832500457763672
2003-10-06,11.1875,10.802499771118164,10.875,11.177499771118164,1184000.0,11.177499771118164
2003-10-07,11.307499885559082,11.125,11.194999694824219,11.149999618530273,914800.0,11.149999618530273
2003-10-08,11.217499732971191,10.987500190734863,11.217499732971191,11.067500114440918,384000.0,11.067500114440918
2003-10-09,11.305000305175781,11.087499618530273,11.102499961853027,11.204999923706055,428000.0,11.204999923706055
2003-10-10,11.239999771118164,10.8149995803833,11.149999618530273,10.859999656677246,798800.0,10.859999656677246
2003-10-13,10.987500190734863,10.824999809265137,10.957500457763672,10.922499656677246,566400.0,10.922499656677246
2003-10-14,11.045000076293945,10.875,10.97249984741211,10.989999771118164,553200.0,10.989999771118164
2003-10-15,11.039999961853027,10.962499618530273,10.97249984741211,10.982500076293945,361200.0,10.982500076293945
2003-10-16,11.09749984741211,10.97249984741211,11.029999732971191,11.087499618530273,416000.0,11.087499618530273
2003-10-17,11.125,10.854999542236328,11.100000381469727,10.912500381469727,385600.0,10.912500381469727
2003-10-20,11.649999618530273,10.807499885559082,10.930000305175781,11.510000228881836,4432400.0,11.510000228881836
2003-10-21,11.670000076293945,11.244999885559082,11.625,11.517499923706055,1802800.0,11.517499923706055
2003-10-22,11.602499961853027,11.387499809265137,11.387499809265137,11.510000228881836,1845200.0,11.510000228881836
2003-10-23,11.574999809265137,11.40250015258789,11.412500381469727,11.574999809265137,1577600.0,11.574999809265137
2003-10-24,11.8125,11.462499618530273,11.550000190734863,11.77750015258789,1199600.0,11.77750015258789
2003-10-27,11.989999771118164,11.757499694824219,11.760000228881836,11.887499809265137,1984000.0,11.887499809265137
2003-10-28,11.9375,11.699999809265137,11.9375,11.864999771118164,858400.0,11.864999771118164
2003-10-29,12.0600004196167,11.737500190734863,11.852499961853027,11.920000076293945,700000.0,11.920000076293945
2003-10-30,12.170000076293945,11.864999771118164,12.107500076293945,11.920000076293945,714400.0,11.920000076293945
2003-10-31,11.90250015258789,11.657500267028809,11.864999771118164,11.824999809265137,623600.0,11.824999809265137
2003-11-03,11.992500305175781,11.8125,11.887499809265137,11.992500305175781,1415600.0,11.992500305175781
2003-11-04,12.012499809265137,11.8149995803833,11.97249984741211,11.850000381469727,832000.0,11.850000381469727
2003-11-05,12.017499923706055,11.824999809265137,11.832500457763672,11.992500305175781,630000.0,11.992500305175781
2003-11-06,12.095000267028809,11.882499694824219,12.012499809265137,12.082500457763672,613200.0,12.082500457763672
2003-11-07,12.279999732971191,12.022500038146973,12.107500076293945,12.137499809265137,608800.0,12.137499809265137
2003-11-10,12.3125,11.8125,12.192500114440918,12.0,1637200.0,12.0
2003-11-11,11.9975004196167,11.694999694824219,11.9975004196167,11.824999809265137,686400.0,11.824999809265137
2003-11-12,12.0,11.77750015258789,11.875,11.9975004196167,783200.0,11.9975004196167
2003-11-13,12.015000343322754,11.882499694824219,12.015000343322754,11.949999809265137,448400.0,11.949999809265137
2003-11-14,12.017499923706055,11.912500381469727,11.949999809265137,11.9375,572400.0,11.9375
2003-11-17,12.0024995803833,11.90999984741211,11.987500190734863,11.9375,690000.0,11.9375
2003-11-18,12.050000190734863,11.744999885559082,11.880000114440918,11.757499694824219,538400.0,11.757499694824219
2003-11-19,11.8774995803833,11.717499732971191,11.84000015258789,11.72249984741211,1039200.0,11.72249984741211
2003-11-20,11.925000190734863,11.647500038146973,11.694999694824219,11.925000190734863,774400.0,11.925000190734863
2003-11-21,12.109999656677246,11.770000457763672,12.017499923706055,12.109999656677246,2508400.0,12.109999656677246
2003-11-24,12.2524995803833,11.787500381469727,12.175000190734863,11.8725004196167,1115200.0,11.8725004196167
2003-11-25,12.0,11.837499618530273,11.989999771118164,11.854999542236328,771200.0,11.854999542236328
2003-11-26,11.930000305175781,11.800000190734863,11.864999771118164,11.819999694824219,457600.0,11.819999694824219
2003-11-28,11.887499809265137,11.795000076293945,11.795000076293945,11.837499618530273,710800.0,11.837499618530273
2003-12-01,11.967499732971191,11.805000305175781,11.914999961853027,11.850000381469727,1063200.0,11.850000381469727
2003-12-02,11.975000381469727,11.6899995803833,11.857500076293945,11.75,849600.0,11.75
2003-12-03,11.8100004196167,11.600000381469727,11.782500267028809,11.600000381469727,1117600.0,11.600000381469727
2003-12-04,11.8149995803833,11.585000038146973,11.637499809265137,11.657500267028809,930800.0,11.657500267028809
2003-12-05,11.842499732971191,11.600000381469727,11.6225004196167,11.6875,550000.0,11.6875
2003-12-08,11.800000190734863,11.529999732971191,11.600000381469727,11.550000190734863,768000.0,11.550000190734863
2003-12-09,11.662500381469727,11.375,11.537500381469727,11.5,943200.0,11.5
2003-12-10,11.524999618530273,11.40250015258789,11.510000228881836,11.40250015258789,638000.0,11.40250015258789
2003-12-11,11.5,11.3125,11.399999618530273,11.367500305175781,1243200.0,11.367500305175781
2003-12-12,11.577500343322754,11.397500038146973,11.399999618530273,11.510000228881836,803200.0,11.510000228881836
2003-12-15,11.755000114440918,11.542499542236328,11.547499656677246,11.649999618530273,1035200.0,11.649999618530273
2003-12-16,11.640000343322754,11.132499694824219,11.604999542236328,11.22249984741211,1258400.0,11.22249984741211
2003-12-17,11.442500114440918,11.02750015258789,11.242500305175781,11.442500114440918,670800.0,11.442500114440918
2003-12-18,11.487500190734863,11.25,11.407500267028809,11.3125,842800.0,11.3125
2003-12-19,11.324999809265137,11.204999923706055,11.274999618530273,11.300000190734863,848800.0,11.300000190734863
2003-12-22,11.5625,11.295000076293945,11.295000076293945,11.505000114440918,644400.0,11.505000114440918
2003-12-23,11.5625,11.395000457763672,11.550000190734863,11.557499885559082,448800.0,11.557499885559082
2003-12-24,11.727499961853027,11.52750015258789,11.5600004196167,11.699999809265137,344000.0,11.699999809265137
2003-12-26,11.770000457763672,11.619999885559082,11.625,11.630000114440918,308000.0,11.630000114440918
2003-12-29,12.100000381469727,11.845000267028809,11.899999618530273,12.100000381469727,974800.0,12.100000381469727
2003-12-30,12.109999656677246,11.702500343322754,12.109999656677246,11.827500343322754,957200.0,11.827500343322754
2003-12-31,11.850000381469727,11.5625,11.850000381469727,11.569999694824219,835600.0,11.569999694824219
2004-01-02,11.772500038146973,11.5625,11.637499809265137,11.744999885559082,455200.0,11.744999885559082
2004-01-05,11.837499618530273,11.662500381469727,11.8125,11.6875,616800.0,11.6875
2004-01-06,11.837499618530273,11.645000457763672,11.664999961853027,11.697500228881836,1386400.0,11.697500228881836
2004-01-07,11.787500381469727,11.664999961853027,11.725000381469727,11.725000381469727,598400.0,11.725000381469727
2004-01-08,11.774999618530273,11.635000228881836,11.645000457763672,11.75,540000.0,11.75
2004-01-09,11.770000457763672,11.6274995803833,11.630000114440918,11.704999923706055,376000.0,11.704999923706055
2004-01-12,11.75,11.324999809265137,11.637499809265137,11.4399995803833,2113600.0,11.4399995803833
2004-01-13,11.725000381469727,11.345000267028809,11.375,11.725000381469727,1169600.0,11.725000381469727
2004-01-14,11.704999923706055,11.5600004196167,11.585000038146973,11.6875,600800.0,11.6875
2004-01-15,11.6875,11.529999732971191,11.625,11.6875,562800.0,11.6875
2004-01-16,11.6899995803833,11.602499961853027,11.6875,11.6225004196167,685200.0,11.6225004196167
2004-01-20,11.692500114440918,11.552499771118164,11.552499771118164,11.6875,653600.0,11.6875
2004-01-21,11.725000381469727,11.642499923706055,11.647500038146973,11.699999809265137,446000.0,11.699999809265137
2004-01-22,11.8725004196167,11.625,11.720000267028809,11.702500343322754,434000.0,11.702500343322754
2004-01-23,11.949999809265137,11.675000190734863,11.675000190734863,11.949999809265137,432400.0,11.949999809265137
2004-01-26,12.742500305175781,11.9375,12.005000114440918,12.5,1417200.0,12.5
2004-01-27,12.522500038146973,12.350000381469727,12.3774995803833,12.3774995803833,969600.0,12.3774995803833
2004-01-28,12.40999984741211,12.21500015258789,12.359999656677246,12.2524995803833,610000.0,12.2524995803833
2004-01-29,12.332500457763672,12.137499809265137,12.199999809265137,12.262499809265137,726800.0,12.262499809265137
2004-01-30,12.3149995803833,12.130000114440918,12.1875,12.244999885559082,718800.0,12.244999885559082
2004-02-02,12.625,12.197500228881836,12.292499542236328,12.399999618530273,2255200.0,12.399999618530273
2004-02-03,12.592499732971191,12.272500038146973,12.369999885559082,12.524999618530273,1163600.0,12.524999618530273
2004-02-04,12.774999618530273,12.375,12.3774995803833,12.59000015258789,1320400.0,12.59000015258789
2004-02-05,12.744999885559082,12.545000076293945,12.587499618530273,12.725000381469727,607200.0,12.725000381469727
2004-02-06,12.987500190734863,12.637499809265137,12.640000343322754,12.982500076293945,716400.0,12.982500076293945
2004-02-09,12.97249984741211,12.699999809265137,12.800000190734863,12.774999618530273,812000.0,12.774999618530273
2004-02-10,13.09000015258789,12.662500381469727,12.757499694824219,13.039999961853027,884800.0,13.039999961853027
2004-02-11,13.25,12.927499771118164,12.942500114440918,13.25,748400.0,13.25
2004-02-12,13.25,12.917499542236328,12.9375,13.095000267028809,784400.0,13.095000267028809
2004-02-13,13.192500114440918,12.662500381469727,13.192500114440918,12.664999961853027,516400.0,12.664999961853027
2004-02-17,12.84749984741211,12.582500457763672,12.84749984741211,12.707500457763672,486400.0,12.707500457763672
2004-02-18,13.074999809265137,12.739999771118164,12.84749984741211,12.977499961853027,976800.0,12.977499961853027
2004-02-19,12.922499656677246,12.6274995803833,12.824999809265137,12.635000228881836,528400.0,12.635000228881836
2004-02-20,12.75,12.552499771118164,12.637499809265137,12.5649995803833,549600.0,12.5649995803833
2004-02-23,12.672499656677246,12.447500228881836,12.489999771118164,12.510000228881836,630800.0,12.510000228881836
2004-02-24,12.470000267028809,12.050000190734863,12.457500457763672,12.359999656677246,1202400.0,12.359999656677246
2004-02-25,12.602499961853027,12.337499618530273,12.337499618530273,12.5625,448400.0,12.5625
2004-02-26,12.845000267028809,12.550000190734863,12.612500190734863,12.77750015258789,449600.0,12.77750015258789
2004-02-27,12.767499923706055,12.637499809265137,12.662500381469727,12.767499923706055,1072000.0,12.767499923706055
2004-03-01,13.297499656677246,12.662500381469727,12.7524995803833,13.029999732971191,1659200.0,13.029999732971191
2004-03-02,13.1274995803833,12.727499961853027,12.949999809265137,12.734999656677246,655600.0,12.734999656677246
2004-03-03,12.8149995803833,12.637499809265137,12.71500015258789,12.757499694824219,553600.0,12.757499694824219
2004-03-04,12.78499984741211,12.6274995803833,12.729999542236328,12.774999618530273,436800.0,12.774999618530273
2004-03-05,12.772500038146973,12.4375,12.772500038146973,12.567500114440918,1232000.0,12.567500114440918
2004-03-08,12.612500190734863,12.3774995803833,12.489999771118164,12.449999809265137,480000.0,12.449999809265137
2004-03-09,12.8125,12.452500343322754,12.5,12.7524995803833,548800.0,12.7524995803833
2004-03-10,12.7475004196167,12.324999809265137,12.7475004196167,12.425000190734863,392800.0,12.425000190734863
2004-03-11,12.447500228881836,12.217499732971191,12.362500190734863,12.317500114440918,367200.0,12.317500114440918
2004-03-12,13.654999732971191,12.952500343322754,13.2475004196167,13.6274995803833,2742000.0,13.6274995803833
2004-03-15,14.03499984741211,13.4375,13.477499961853027,14.005000114440918,2620400.0,14.005000114440918
2004-03-16,14.0600004196167,13.71500015258789,13.9975004196167,14.024999618530273,2259200.0,14.024999618530273
2004-03-17,14.112500190734863,13.8725004196167,13.962499618530273,13.942500114440918,2708000.0,13.942500114440918
2004-03-18,13.949999809265137,13.492500305175781,13.944999694824219,13.7475004196167,944000.0,13.7475004196167
2004-03-19,13.952500343322754,13.6875,13.9350004196167,13.6899995803833,888800.0,13.6899995803833
2004-03-22,13.835000038146973,13.425000190734863,13.637499809265137,13.555000305175781,802000.0,13.555000305175781
2004-03-23,13.757499694824219,13.515000343322754,13.672499656677246,13.555000305175781,466400.0,13.555000305175781
2004-03-24,13.699999809265137,13.442500114440918,13.600000381469727,13.637499809265137,683200.0,13.637499809265137
2004-03-25,14.25,13.782500267028809,13.869999885559082,13.994999885559082,1542000.0,13.994999885559082
2004-03-26,14.180000305175781,13.617500305175781,14.017499923706055,13.744999885559082,2457600.0,13.744999885559082
2004-03-29,13.994999885559082,13.675000190734863,13.675000190734863,13.837499618530273,1223200.0,13.837499618530273
2004-03-30,14.182499885559082,13.720000267028809,13.720000267028809,13.994999885559082,638800.0,13.994999885559082
2004-03-31,14.392499923706055,13.954999923706055,14.055000305175781,14.217499732971191,1354800.0,14.217499732971191
2004-04-01,14.625,14.1875,14.1875,14.442500114440918,1043600.0,14.442500114440918
2004-04-02,14.914999961853027,14.614999771118164,14.625,14.887499809265137,960400.0,14.887499809265137
2004-04-05,14.984999656677246,14.657500267028809,14.875,14.837499618530273,667600.0,14.837499618530273
2004-04-06,14.960000038146973,14.670000076293945,14.677499771118164,14.805000305175781,590000.0,14.805000305175781
2004-04-07,14.862500190734863,14.65250015258789,14.742500305175781,14.742500305175781,749200.0,14.742500305175781
2004-04-08,14.992500305175781,14.717499732971191,14.717499732971191,14.960000038146973,1036400.0,14.960000038146973
2004-04-12,15.237500190734863,14.84749984741211,14.967499732971191,15.0600004196167,1044800.0,15.0600004196167
2004-04-13,15.177499771118164,14.5,14.987500190734863,14.52750015258789,1002400.0,14.52750015258789
2004-04-14,14.725000381469727,14.380000114440918,14.427499771118164,14.592499732971191,1582400.0,14.592499732971191
2004-04-15,14.84749984741211,14.522500038146973,14.595000267028809,14.8100004196167,861200.0,14.8100004196167
2004-04-16,15.47249984741211,14.822500228881836,14.850000381469727,15.427499771118164,1622000.0,15.427499771118164
2004-04-19,15.857500076293945,15.25,15.399999618530273,15.774999618530273,3025200.0,15.774999618530273
2004-04-20,15.8725004196167,15.350000381469727,15.8125,15.600000381469727,1898000.0,15.600000381469727
2004-04-21,15.90250015258789,15.397500038146973,15.444999694824219,15.515000343322754,2155600.0,15.515000343322754
2004-04-22,15.65999984741211,15.362500190734863,15.547499656677246,15.5,1166400.0,15.5
2004-04-23,15.5649995803833,15.125,15.545000076293945,15.324999809265137,686000.0,15.324999809265137
2004-04-26,15.532500267028809,15.050000190734863,15.225000381469727,15.335000038146973,844000.0,15.335000038146973
2004-04-27,15.492500305175781,15.145000457763672,15.329999923706055,15.4350004196167,838000.0,15.4350004196167
2004-04-28,15.637499809265137,15.130000114440918,15.412500381469727,15.15250015258789,1279600.0,15.15250015258789
2004-04-29,15.425000190734863,15.137499809265137,15.15250015258789,15.350000381469727,895200.0,15.350000381469727
2004-04-30,15.462499618530273,14.862500190734863,15.350000381469727,15.3149995803833,1806000.0,15.3149995803833
2004-05-03,15.6274995803833,15.112500190734863,15.147500038146973,15.557499885559082,1417200.0,15.557499885559082
2004-05-04,15.75,15.467499732971191,15.567500114440918,15.645000457763672,941200.0,15.645000457763672
2004-05-05,15.914999961853027,15.5,15.737500190734863,15.78499984741211,714800.0,15.78499984741211
2004-05-06,15.787500381469727,15.3774995803833,15.762499809265137,15.537500381469727,641200.0,15.537500381469727
2004-05-07,15.572500228881836,15.175000190734863,15.572500228881836,15.182499885559082,1086400.0,15.182499885559082
2004-05-10,15.087499618530273,14.712499618530273,14.975000381469727,14.90250015258789,1106400.0,14.90250015258789
2004-05-11,15.25,14.970000267028809,15.0,15.0625,780400.0,15.0625
2004-05-12,15.287500381469727,14.702500343322754,15.162500381469727,15.262499809265137,1030800.0,15.262499809265137
2004-05-13,15.572500228881836,15.145000457763672,15.145000457763672,15.475000381469727,1090000.0,15.475000381469727
2004-05-14,15.670000076293945,15.305000305175781,15.3774995803833,15.470000267028809,730800.0,15.470000267028809
2004-05-17,15.5,15.149999618530273,15.452500343322754,15.390000343322754,648000.0,15.390000343322754
2004-05-18,15.617500305175781,15.25,15.385000228881836,15.422499656677246,650000.0,15.422499656677246
2004-05-19,15.582500457763672,15.1875,15.337499618530273,15.2475004196167,1167200.0,15.2475004196167
2004-05-20,15.427499771118164,15.202500343322754,15.28499984741211,15.21500015258789,479600.0,15.21500015258789
2004-05-21,15.467499732971191,15.15250015258789,15.202500343322754,15.422499656677246,1033600.0,15.422499656677246
2004-05-24,15.475000381469727,14.885000228881836,15.279999732971191,14.904999732971191,1344000.0,14.904999732971191
2004-05-25,15.542499542236328,14.912500381469727,15.017499923706055,15.542499542236328,1550000.0,15.542499542236328
2004-05-26,16.49250030517578,15.577500343322754,15.577500343322754,16.43000030517578,3386800.0,16.43000030517578
2004-05-27,16.97249984741211,16.2450008392334,16.575000762939453,16.63249969482422,2727600.0,16.63249969482422
2004-05-28,16.697500228881836,16.415000915527344,16.549999237060547,16.434999465942383,1435200.0,16.434999465942383
2004-06-01,16.940000534057617,16.399999618530273,16.420000076293945,16.782499313354492,2063600.0,16.782499313354492
2004-06-02,17.204999923706055,16.637500762939453,16.75,16.905000686645508,1871600.0,16.905000686645508
2004-06-03,17.112499237060547,16.655000686645508,16.950000762939453,16.767499923706055,2174000.0,16.767499923706055
2004-06-04,16.872499465942383,16.559999465942383,16.709999084472656,16.622499465942383,1325600.0,16.622499465942383
2004-06-07,16.80500030517578,16.44499969482422,16.719999313354492,16.690000534057617,913200.0,16.690000534057617
2004-06-08,16.747499465942383,16.487499237060547,16.697500228881836,16.6200008392334,1242400.0,16.6200008392334
2004-06-09,16.72249984741211,16.299999237060547,16.610000610351562,16.38249969482422,1057200.0,16.38249969482422
2004-06-10,16.4375,16.125,16.342500686645508,16.332500457763672,1242000.0,16.332500457763672
2004-06-14,16.487499237060547,16.125,16.357500076293945,16.237499237060547,738800.0,16.237499237060547
2004-06-15,16.44499969482422,16.149999618530273,16.267499923706055,16.157499313354492,714800.0,16.157499313354492
2004-06-16,16.420000076293945,15.802499771118164,15.9399995803833,16.354999542236328,1446800.0,16.354999542236328
2004-06-17,16.36750030517578,15.904999732971191,16.36750030517578,15.914999961853027,1203600.0,15.914999961853027
2004-06-18,16.065000534057617,15.6225004196167,15.732500076293945,15.789999961853027,1282000.0,15.789999961853027
2004-06-21,16.014999389648438,15.75,15.805000305175781,15.800000190734863,909600.0,15.800000190734863
2004-06-22,15.897500038146973,15.505000114440918,15.7524995803833,15.662500381469727,1348000.0,15.662500381469727
2004-06-23,15.71500015258789,15.175000190734863,15.71500015258789,15.6899995803833,1735200.0,15.6899995803833
2004-06-24,15.822500228881836,15.350000381469727,15.72249984741211,15.404999732971191,966400.0,15.404999732971191
2004-06-25,15.537500381469727,15.287500381469727,15.449999809265137,15.537500381469727,1002800.0,15.537500381469727
2004-06-28,15.572500228881836,15.375,15.487500190734863,15.417499542236328,814800.0,15.417499542236328
2004-06-29,15.8149995803833,15.414999961853027,15.414999961853027,15.699999809265137,1014400.0,15.699999809265137
2004-06-30,15.897500038146973,15.59000015258789,15.725000381469727,15.734999656677246,772000.0,15.734999656677246
2004-07-01,16.110000610351562,15.84749984741211,16.024999618530273,15.895000457763672,872800.0,15.895000457763672
2004-07-02,16.125,15.682499885559082,15.9975004196167,15.697500228881836,605200.0,15.697500228881836
2004-07-06,15.875,15.324999809265137,15.862500190734863,15.380000114440918,984000.0,15.380000114440918
2004-07-07,15.524999618530273,14.875,15.524999618530273,14.917499542236328,2734800.0,14.917499542236328
2004-07-08,14.952500343322754,14.664999961853027,14.8725004196167,14.699999809265137,1466800.0,14.699999809265137
2004-07-09,14.925000190734863,14.494999885559082,14.782500267028809,14.517499923706055,1632800.0,14.517499923706055
2004-07-12,14.642499923706055,14.46500015258789,14.567500114440918,14.577500343322754,1015600.0,14.577500343322754
2004-07-13,14.670000076293945,14.467499732971191,14.492500305175781,14.529999732971191,1075600.0,14.529999732971191
2004-07-14,14.647500038146973,14.4375,14.5,14.542499542236328,892000.0,14.542499542236328
2004-07-15,14.65999984741211,14.454999923706055,14.617500305175781,14.5024995803833,960000.0,14.5024995803833
2004-07-16,14.682499885559082,14.02750015258789,14.462499618530273,14.0649995803833,1796000.0,14.0649995803833
2004-07-19,14.15250015258789,13.8125,14.15250015258789,13.97249984741211,1197600.0,13.97249984741211
2004-07-20,14.274999618530273,14.015000343322754,14.199999809265137,14.260000228881836,1631200.0,14.260000228881836
2004-07-21,14.362500190734863,13.692500114440918,14.34000015258789,13.789999961853027,1734000.0,13.789999961853027
2004-07-22,13.862500190734863,13.262499809265137,13.765000343322754,13.699999809265137,2449200.0,13.699999809265137
2004-07-23,13.75,12.9375,13.75,13.0625,2726000.0,13.0625
2004-07-26,13.112500190734863,12.289999961853027,13.020000457763672,12.5,2281200.0,12.5
2004-07-27,12.890000343322754,12.342499732971191,12.5625,12.78499984741211,3074800.0,12.78499984741211
2004-07-28,12.835000038146973,12.380000114440918,12.787500381469727,12.462499618530273,1626800.0,12.462499618530273
2004-07-29,12.617500305175781,12.292499542236328,12.447500228881836,12.524999618530273,1029200.0,12.524999618530273
2004-07-30,12.6850004196167,12.375,12.5625,12.59749984741211,1092800.0,12.59749984741211
2004-08-02,12.697500228881836,12.34000015258789,12.645000457763672,12.40999984741211,1028000.0,12.40999984741211
2004-08-03,12.40999984741211,12.140000343322754,12.3125,12.157500267028809,1555600.0,12.157500267028809
2004-08-04,12.25,11.875,12.22249984741211,12.052499771118164,1521600.0,12.052499771118164
2004-08-05,12.142499923706055,11.682499885559082,12.102499961853027,11.727499961853027,1773200.0,11.727499961853027
2004-08-06,11.819999694824219,11.479999542236328,11.800000190734863,11.53499984741211,1394000.0,11.53499984741211
2004-08-09,11.657500267028809,11.357500076293945,11.367500305175781,11.602499961853027,2343600.0,11.602499961853027
2004-08-10,11.962499618530273,11.585000038146973,11.59749984741211,11.904999732971191,1957200.0,11.904999732971191
2004-08-11,12.364999771118164,11.744999885559082,11.842499732971191,12.302499771118164,1900000.0,12.302499771118164
2004-08-12,12.34749984741211,12.125,12.274999618530273,12.125,1301200.0,12.125
2004-08-13,12.1899995803833,11.989999771118164,12.109999656677246,12.077500343322754,968400.0,12.077500343322754
2004-08-16,12.322500228881836,12.092499732971191,12.1850004196167,12.322500228881836,1074400.0,12.322500228881836
2004-08-17,12.484999656677246,12.322500228881836,12.322500228881836,12.329999923706055,597600.0,12.329999923706055
2004-08-18,12.417499542236328,12.117500305175781,12.414999961853027,12.345000267028809,983200.0,12.345000267028809
2004-08-19,12.545000076293945,12.265000343322754,12.265000343322754,12.454999923706055,881200.0,12.454999923706055
2004-08-20,12.5024995803833,12.399999618530273,12.5024995803833,12.5,338400.0,12.5
2004-08-23,12.595000267028809,12.40250015258789,12.579999923706055,12.462499618530273,512000.0,12.462499618530273
2004-08-24,12.47249984741211,12.202500343322754,12.4399995803833,12.270000457763672,448800.0,12.270000457763672
2004-08-25,12.577500343322754,12.237500190734863,12.375,12.512499809265137,682400.0,12.512499809265137
2004-08-26,12.4975004196167,12.15999984741211,12.47249984741211,12.212499618530273,685600.0,12.212499618530273
2004-08-27,12.350000381469727,12.135000228881836,12.237500190734863,12.244999885559082,882000.0,12.244999885559082
2004-08-30,12.34749984741211,12.042499542236328,12.227499961853027,12.042499542236328,651600.0,12.042499542236328
2004-08-31,12.1850004196167,11.962499618530273,12.085000038146973,12.177499771118164,948800.0,12.177499771118164
2004-09-01,12.292499542236328,12.109999656677246,12.229999542236328,12.267499923706055,562400.0,12.267499923706055
2004-09-02,12.279999732971191,12.180000305175781,12.237500190734863,12.25,510800.0,12.25
2004-09-03,12.4375,12.210000038146973,12.385000228881836,12.25,338000.0,12.25
2004-09-07,12.34749984741211,12.225000381469727,12.34000015258789,12.2475004196167,480400.0,12.2475004196167
2004-09-08,12.369999885559082,12.149999618530273,12.274999618530273,12.202500343322754,325200.0,12.202500343322754
2004-09-09,12.420000076293945,12.077500343322754,12.40250015258789,12.212499618530273,288000.0,12.212499618530273
2004-09-10,12.332500457763672,12.087499618530273,12.087499618530273,12.292499542236328,384000.0,12.292499542236328
2004-09-13,12.625,12.352499961853027,12.462499618530273,12.600000381469727,1047600.0,12.600000381469727
2004-09-14,12.649999618530273,12.475000381469727,12.600000381469727,12.529999732971191,706400.0,12.529999732971191
2004-09-15,12.547499656677246,12.352499961853027,12.524999618530273,12.4350004196167,883200.0,12.4350004196167
2004-09-16,12.539999961853027,12.3725004196167,12.3725004196167,12.460000038146973,699600.0,12.460000038146973
2004-09-17,12.6850004196167,12.407500267028809,12.475000381469727,12.470000267028809,1083200.0,12.470000267028809
2004-09-20,12.53499984741211,12.287500381469727,12.494999885559082,12.324999809265137,977600.0,12.324999809265137
2004-09-21,12.642499923706055,12.272500038146973,12.422499656677246,12.632499694824219,659600.0,12.632499694824219
2004-09-22,12.65250015258789,12.2475004196167,12.65250015258789,12.2475004196167,624800.0,12.2475004196167
2004-09-23,12.444999694824219,12.212499618530273,12.404999732971191,12.380000114440918,538800.0,12.380000114440918
2004-09-24,12.5649995803833,12.34749984741211,12.34749984741211,12.53499984741211,459200.0,12.53499984741211
2004-09-27,12.520000457763672,12.319999694824219,12.444999694824219,12.319999694824219,849200.0,12.319999694824219
2004-09-28,12.4375,12.140000343322754,12.430000305175781,12.157500267028809,1093200.0,12.157500267028809
2004-09-29,12.632499694824219,12.125,12.175000190734863,12.6225004196167,902400.0,12.6225004196167
2004-09-30,12.717499732971191,12.59000015258789,12.602499961853027,12.6850004196167,934800.0,12.6850004196167
2004-10-01,12.827500343322754,12.635000228881836,12.742500305175781,12.807499885559082,1220800.0,12.807499885559082
2004-10-04,13.180000305175781,12.845000267028809,12.867500305175781,13.1274995803833,1620800.0,13.1274995803833
2004-10-05,13.1875,12.7475004196167,13.100000381469727,12.979999542236328,1387600.0,12.979999542236328
2004-10-06,13.055000305175781,12.755000114440918,12.949999809265137,12.9375,431600.0,12.9375
2004-10-07,13.180000305175781,12.850000381469727,13.02750015258789,12.850000381469727,867600.0,12.850000381469727
2004-10-08,12.977499961853027,12.542499542236328,12.960000038146973,12.542499542236328,1353600.0,12.542499542236328
2004-10-11,12.727499961853027,12.162500381469727,12.587499618530273,12.267499923706055,1518400.0,12.267499923706055
2004-10-12,12.345000267028809,12.167499542236328,12.345000267028809,12.199999809265137,1258000.0,12.199999809265137
2004-10-13,12.3100004196167,11.9975004196167,12.270000457763672,12.0625,908000.0,12.0625
2004-10-14,12.362500190734863,11.960000038146973,12.0024995803833,12.015000343322754,1476800.0,12.015000343322754
2004-10-15,12.067500114440918,11.957500457763672,12.015000343322754,11.970000267028809,1476000.0,11.970000267028809
2004-10-18,12.2475004196167,11.892499923706055,11.957500457763672,12.020000457763672,614400.0,12.020000457763672
2004-10-19,12.112500190734863,11.869999885559082,12.005000114440918,11.869999885559082,1336000.0,11.869999885559082
2004-10-20,12.039999961853027,11.862500190734863,11.862500190734863,12.007499694824219,837200.0,12.007499694824219
2004-10-21,12.095000267028809,11.975000381469727,12.095000267028809,12.042499542236328,933600.0,12.042499542236328
2004-10-22,12.537500381469727,12.092499732971191,12.1225004196167,12.175000190734863,2475200.0,12.175000190734863
2004-10-25,12.09000015258789,11.845000267028809,12.010000228881836,11.982500076293945,1514800.0,11.982500076293945
2004-10-26,11.875,11.699999809265137,11.774999618530273,11.805000305175781,1484400.0,11.805000305175781
2004-10-27,12.172499656677246,11.75,11.850000381469727,12.162500381469727,1747200.0,12.162500381469727
2004-10-28,12.412500381469727,12.092499732971191,12.182499885559082,12.40999984741211,985200.0,12.40999984741211
2004-10-29,12.47249984741211,12.337499618530273,12.425000190734863,12.460000038146973,867200.0,12.460000038146973
2004-11-01,12.539999961853027,12.404999732971191,12.505000114440918,12.53499984741211,754400.0,12.53499984741211
2004-11-02,12.6875,12.397500038146973,12.397500038146973,12.579999923706055,1086800.0,12.579999923706055
2004-11-03,12.90250015258789,12.59000015258789,12.59000015258789,12.832500457763672,720400.0,12.832500457763672
2004-11-04,13.039999961853027,12.795000076293945,12.857500076293945,12.96500015258789,776000.0,12.96500015258789
2004-11-05,13.1274995803833,12.892499923706055,12.989999771118164,13.09000015258789,651200.0,13.09000015258789
2004-11-08,13.100000381469727,12.850000381469727,13.010000228881836,12.960000038146973,566800.0,12.960000038146973
2004-11-09,13.057499885559082,12.8725004196167,12.949999809265137,12.9375,632800.0,12.9375
2004-11-10,13.132499694824219,12.904999732971191,13.010000228881836,13.0,662800.0,13.0
2004-11-11,13.137499809265137,12.922499656677246,13.005000114440918,12.954999923706055,954000.0,12.954999923706055
2004-11-12,13.015000343322754,12.729999542236328,13.015000343322754,12.824999809265137,622800.0,12.824999809265137
2004-11-15,13.0,12.71500015258789,12.7524995803833,12.795000076293945,518400.0,12.795000076293945
2004-11-16,12.890000343322754,12.712499618530273,12.8725004196167,12.75,511600.0,12.75
2004-11-17,12.762499809265137,12.447500228881836,12.704999923706055,12.492500305175781,1014000.0,12.492500305175781
2004-11-18,12.6899995803833,12.4375,12.4375,12.614999771118164,794400.0,12.614999771118164
2004-11-19,12.725000381469727,12.46500015258789,12.725000381469727,12.46500015258789,1281600.0,12.46500015258789
2004-11-22,12.59749984741211,12.425000190734863,12.444999694824219,12.537500381469727,715600.0,12.537500381469727
2004-11-23,12.579999923706055,12.482500076293945,12.552499771118164,12.515000343322754,556400.0,12.515000343322754
2004-11-24,12.75,12.6225004196167,12.625,12.727499961853027,494800.0,12.727499961853027
2004-11-26,12.869999885559082,12.755000114440918,12.755000114440918,12.835000038146973,250800.0,12.835000038146973
2004-11-29,12.920000076293945,12.787500381469727,12.829999923706055,12.882499694824219,845200.0,12.882499694824219
2004-11-30,12.9975004196167,12.822500228881836,12.822500228881836,12.899999618530273,643200.0,12.899999618530273
2004-12-01,13.119999885559082,12.9375,13.0,13.057499885559082,548800.0,13.057499885559082
2004-12-02,13.145000457763672,12.8725004196167,13.09000015258789,13.082500457763672,464400.0,13.082500457763672
2004-12-03,13.145000457763672,12.912500381469727,13.135000228881836,12.989999771118164,372000.0,12.989999771118164
2004-12-06,13.042499542236328,12.697500228881836,13.042499542236328,12.727499961853027,580800.0,12.727499961853027
2004-12-07,12.727499961853027,12.545000076293945,12.6875,12.545000076293945,682000.0,12.545000076293945
2004-12-08,12.667499542236328,12.52750015258789,12.52750015258789,12.574999809265137,1158400.0,12.574999809265137
2004-12-09,12.617500305175781,12.375,12.5,12.557499885559082,674000.0,12.557499885559082
2004-12-10,13.074999809265137,12.617500305175781,12.625,13.010000228881836,529200.0,13.010000228881836
2004-12-13,13.27750015258789,12.977499961853027,13.0,13.244999885559082,558000.0,13.244999885559082
2004-12-14,13.354999542236328,13.1875,13.225000381469727,13.28499984741211,973200.0,13.28499984741211
2004-12-15,13.300000190734863,13.005000114440918,13.28499984741211,13.130000114440918,939600.0,13.130000114440918
2004-12-16,13.305000305175781,13.100000381469727,13.164999961853027,13.21500015258789,524400.0,13.21500015258789
2004-12-17,13.210000038146973,12.925000190734863,13.010000228881836,12.954999923706055,938800.0,12.954999923706055
2004-12-20,13.242500305175781,12.850000381469727,12.9350004196167,13.15999984741211,618400.0,13.15999984741211
2004-12-21,13.3100004196167,12.977499961853027,13.0625,13.117500305175781,396800.0,13.117500305175781
2004-12-22,13.289999961853027,12.9350004196167,12.975000381469727,13.25,463200.0,13.25
2004-12-23,13.442500114440918,13.145000457763672,13.145000457763672,13.34749984741211,383600.0,13.34749984741211
2004-12-27,13.477499961853027,13.194999694824219,13.4375,13.239999771118164,456800.0,13.239999771118164
2004-12-28,13.539999961853027,13.164999961853027,13.212499618530273,13.484999656677246,422800.0,13.484999656677246
2004-12-29,13.635000228881836,13.2475004196167,13.447500228881836,13.619999885559082,818400.0,13.619999885559082
2004-12-30,13.71500015258789,13.529999732971191,13.574999809265137,13.675000190734863,356000.0,13.675000190734863
2004-12-31,13.755000114440918,13.607500076293945,13.607500076293945,13.647500038146973,482000.0,13.647500038146973
2005-01-03,13.692500114440918,13.52750015258789,13.612500190734863,13.6875,1266000.0,13.6875
2005-01-04,13.827500343322754,13.52750015258789,13.760000228881836,13.675000190734863,2058800.0,13.675000190734863
2005-01-05,13.824999809265137,13.510000228881836,13.662500381469727,13.732500076293945,579200.0,13.732500076293945
2005-01-06,13.875,13.649999618530273,13.649999618530273,13.712499618530273,682800.0,13.712499618530273
2005-01-07,14.449999809265137,13.765000343322754,14.112500190734863,13.765000343322754,1405600.0,13.765000343322754
2005-01-10,14.357500076293945,13.774999618530273,13.774999618530273,14.145000457763672,1022400.0,14.145000457763672
2005-01-11,14.182499885559082,13.734999656677246,14.104999542236328,13.75,926800.0,13.75
2005-01-12,13.84000015258789,13.6899995803833,13.8125,13.734999656677246,587600.0,13.734999656677246
2005-01-13,13.962499618530273,13.640000343322754,13.807499885559082,13.882499694824219,468800.0,13.882499694824219
2005-01-14,13.987500190734863,13.8149995803833,13.9399995803833,13.837499618530273,482800.0,13.837499618530273
2005-01-18,13.917499542236328,13.77750015258789,13.84000015258789,13.875,402000.0,13.875
2005-01-19,13.947500228881836,13.729999542236328,13.875,13.75,494000.0,13.75
2005-01-20,13.90250015258789,13.675000190734863,13.805000305175781,13.845000267028809,673200.0,13.845000267028809
2005-01-21,13.904999732971191,13.592499732971191,13.7524995803833,13.604999542236328,448000.0,13.604999542236328
2005-01-24,13.710000038146973,13.539999961853027,13.595000267028809,13.59000015258789,607600.0,13.59000015258789
2005-01-25,13.767499923706055,13.607500076293945,13.682499885559082,13.6875,525200.0,13.6875
2005-01-26,14.117500305175781,13.625,13.75,14.087499618530273,872800.0,14.087499618530273
2005-01-27,14.272500038146973,13.960000038146973,14.0,14.270000457763672,556400.0,14.270000457763672
2005-01-28,14.217499732971191,13.53499984741211,14.180000305175781,13.982500076293945,1831600.0,13.982500076293945
2005-01-31,14.532500267028809,13.975000381469727,13.982500076293945,14.5024995803833,1277200.0,14.5024995803833
2005-02-01,14.552499771118164,14.27750015258789,14.552499771118164,14.422499656677246,716800.0,14.422499656677246
2005-02-02,14.557499885559082,14.329999923706055,14.34000015258789,14.427499771118164,684000.0,14.427499771118164
2005-02-03,14.5,14.262499809265137,14.34000015258789,14.327500343322754,492000.0,14.327500343322754
2005-02-04,14.295000076293945,14.125,14.25,14.237500190734863,522400.0,14.237500190734863
2005-02-07,14.295000076293945,14.109999656677246,14.109999656677246,14.25,470800.0,14.25
2005-02-08,14.484999656677246,14.09000015258789,14.317500114440918,14.392499923706055,1081600.0,14.392499923706055
2005-02-09,14.4375,14.2475004196167,14.369999885559082,14.274999618530273,364400.0,14.274999618530273
2005-02-10,14.337499618530273,14.107500076293945,14.337499618530273,14.229999542236328,350800.0,14.229999542236328
2005-02-11,14.46500015258789,14.137499809265137,14.175000190734863,14.399999618530273,410800.0,14.399999618530273
2005-02-14,14.420000076293945,14.242500305175781,14.337499618530273,14.3100004196167,282400.0,14.3100004196167
2005-02-15,14.362500190734863,14.25,14.300000190734863,14.322500228881836,681600.0,14.322500228881836
2005-02-16,14.5,14.117500305175781,14.25,14.232500076293945,962000.0,14.232500076293945
2005-02-17,14.242500305175781,13.979999542236328,14.125,13.994999885559082,994400.0,13.994999885559082
2005-02-18,14.1225004196167,13.920000076293945,13.922499656677246,14.09749984741211,267200.0,14.09749984741211
2005-02-22,14.09749984741211,13.960000038146973,14.032500267028809,14.010000228881836,603600.0,14.010000228881836
2005-02-23,14.125,13.850000381469727,13.947500228881836,13.927499771118164,556800.0,13.927499771118164
2005-02-24,14.420000076293945,13.895000457763672,13.949999809265137,14.3100004196167,1062400.0,14.3100004196167
2005-02-25,14.329999923706055,14.092499732971191,14.300000190734863,14.197500228881836,646000.0,14.197500228881836
2005-02-28,14.21500015258789,13.8100004196167,14.147500038146973,13.824999809265137,555600.0,13.824999809265137
2005-03-01,13.932499885559082,13.75,13.885000228881836,13.75,694400.0,13.75
2005-03-02,14.055000305175781,13.75,13.7524995803833,13.922499656677246,538800.0,13.922499656677246
2005-03-03,13.960000038146973,13.725000381469727,13.875,13.779999732971191,272400.0,13.779999732971191
2005-03-04,13.987500190734863,13.720000267028809,13.864999771118164,13.767499923706055,510800.0,13.767499923706055
2005-03-07,13.887499809265137,13.672499656677246,13.734999656677246,13.795000076293945,381600.0,13.795000076293945
2005-03-08,13.829999923706055,13.569999694824219,13.817500114440918,13.649999618530273,688400.0,13.649999618530273
2005-03-09,13.682499885559082,13.595000267028809,13.614999771118164,13.654999732971191,342000.0,13.654999732971191
2005-03-10,13.765000343322754,13.607500076293945,13.607500076293945,13.649999618530273,327200.0,13.649999618530273
2005-03-11,13.8100004196167,13.557499885559082,13.607500076293945,13.737500190734863,716000.0,13.737500190734863
2005-03-14,13.97249984741211,13.787500381469727,13.8125,13.885000228881836,824800.0,13.885000228881836
2005-03-15,13.897500038146973,13.5024995803833,13.84000015258789,13.552499771118164,426800.0,13.552499771118164
2005-03-16,13.550000190734863,13.045000076293945,13.550000190734863,13.225000381469727,1586000.0,13.225000381469727
2005-03-17,13.4975004196167,13.1899995803833,13.237500190734863,13.3725004196167,616000.0,13.3725004196167
2005-03-18,13.475000381469727,13.262499809265137,13.375,13.4350004196167,610400.0,13.4350004196167
2005-03-21,13.600000381469727,13.369999885559082,13.460000038146973,13.517499923706055,207600.0,13.517499923706055
2005-03-22,13.592499732971191,13.449999809265137,13.487500190734863,13.479999542236328,242000.0,13.479999542236328
2005-03-23,13.59000015258789,13.387499809265137,13.492500305175781,13.420000076293945,322400.0,13.420000076293945
2005-03-24,13.494999885559082,13.4375,13.47249984741211,13.462499618530273,303200.0,13.462499618530273
2005-03-28,13.635000228881836,13.350000381469727,13.404999732971191,13.484999656677246,468000.0,13.484999656677246
2005-03-29,13.547499656677246,13.282500267028809,13.547499656677246,13.282500267028809,790000.0,13.282500267028809
2005-03-30,13.430000305175781,13.257499694824219,13.270000457763672,13.364999771118164,426400.0,13.364999771118164
2005-03-31,13.539999961853027,13.335000038146973,13.345000267028809,13.539999961853027,574000.0,13.539999961853027
2005-04-01,13.680000305175781,13.4350004196167,13.515000343322754,13.592499732971191,554400.0,13.592499732971191
2005-04-04,13.547499656677246,13.380000114440918,13.505000114440918,13.452500343322754,560000.0,13.452500343322754
2005-04-05,13.662500381469727,13.452500343322754,13.454999923706055,13.614999771118164,579600.0,13.614999771118164
2005-04-06,13.787500381469727,13.585000038146973,13.585000038146973,13.744999885559082,598000.0,13.744999885559082
2005-04-07,13.897500038146973,13.75,13.77750015258789,13.800000190734863,214800.0,13.800000190734863
2005-04-08,13.84000015258789,13.6875,13.84000015258789,13.755000114440918,363200.0,13.755000114440918
2005-04-11,13.807499885559082,13.6875,13.725000381469727,13.692500114440918,273600.0,13.692500114440918
2005-04-12,13.774999618530273,13.645000457763672,13.6850004196167,13.760000228881836,460400.0,13.760000228881836
2005-04-13,13.725000381469727,13.552499771118164,13.699999809265137,13.6899995803833,282000.0,13.6899995803833
2005-04-14,13.734999656677246,13.512499809265137,13.630000114440918,13.520000457763672,350000.0,13.520000457763672
2005-04-15,13.65250015258789,13.375,13.510000228881836,13.510000228881836,598000.0,13.510000228881836
2005-04-18,13.619999885559082,13.4375,13.4375,13.539999961853027,369200.0,13.539999961853027
2005-04-19,13.614999771118164,13.479999542236328,13.539999961853027,13.614999771118164,198000.0,13.614999771118164
2005-04-20,13.65999984741211,13.522500038146973,13.614999771118164,13.595000267028809,409200.0,13.595000267028809
2005-04-21,13.767499923706055,13.547499656677246,13.555000305175781,13.757499694824219,233200.0,13.757499694824219
2005-04-22,13.907500267028809,13.649999618530273,13.725000381469727,13.727499961853027,262000.0,13.727499961853027
2005-04-25,13.864999771118164,13.675000190734863,13.682499885559082,13.864999771118164,185600.0,13.864999771118164
2005-04-26,13.930000305175781,13.742500305175781,13.882499694824219,13.782500267028809,276400.0,13.782500267028809
2005-04-27,13.992500305175781,13.727499961853027,13.732500076293945,13.962499618530273,532800.0,13.962499618530273
2005-04-28,13.8774995803833,13.332500457763672,13.854999542236328,13.375,726000.0,13.375
2005-04-29,14.609999656677246,13.234999656677246,13.522500038146973,14.1850004196167,2515200.0,14.1850004196167
2005-05-02,14.614999771118164,14.225000381469727,14.362500190734863,14.475000381469727,786000.0,14.475000381469727
2005-05-03,14.567500114440918,14.332500457763672,14.412500381469727,14.489999771118164,599600.0,14.489999771118164
2005-05-04,14.5,14.287500381469727,14.489999771118164,14.407500267028809,471200.0,14.407500267028809
2005-05-05,14.4975004196167,14.244999885559082,14.482500076293945,14.3774995803833,336800.0,14.3774995803833
2005-05-06,14.484999656677246,14.342499732971191,14.432499885559082,14.395000457763672,336800.0,14.395000457763672
2005-05-09,14.5,14.282500267028809,14.357500076293945,14.5,280400.0,14.5
2005-05-10,14.432499885559082,14.324999809265137,14.3774995803833,14.395000457763672,369600.0,14.395000457763672
2005-05-11,14.447500228881836,14.2524995803833,14.399999618530273,14.420000076293945,342400.0,14.420000076293945
2005-05-12,14.592499732971191,14.447500228881836,14.477499961853027,14.552499771118164,322400.0,14.552499771118164
2005-05-13,14.667499542236328,14.357500076293945,14.602499961853027,14.604999542236328,491200.0,14.604999542236328
2005-05-16,14.694999694824219,14.529999732971191,14.567500114440918,14.612500190734863,316400.0,14.612500190734863
2005-05-17,14.617500305175781,14.515000343322754,14.52750015258789,14.579999923706055,302400.0,14.579999923706055
2005-05-18,14.710000038146973,14.517499923706055,14.557499885559082,14.635000228881836,327600.0,14.635000228881836
2005-05-19,14.755000114440918,14.577500343322754,14.737500190734863,14.6225004196167,643200.0,14.6225004196167
2005-05-20,14.75,14.512499809265137,14.5625,14.75,358400.0,14.75
2005-05-23,15.0,14.680000305175781,14.725000381469727,14.807499885559082,432000.0,14.807499885559082
2005-05-24,14.760000228881836,14.625,14.760000228881836,14.72249984741211,200400.0,14.72249984741211
2005-05-25,14.675000190734863,14.470000267028809,14.635000228881836,14.475000381469727,221200.0,14.475000381469727
2005-05-26,14.6225004196167,14.467499732971191,14.467499732971191,14.600000381469727,173600.0,14.600000381469727
2005-05-27,14.607500076293945,14.4975004196167,14.542499542236328,14.582500457763672,144800.0,14.582500457763672
2005-05-31,14.609999656677246,14.34749984741211,14.460000038146973,14.432499885559082,686000.0,14.432499885559082
2005-06-01,14.4975004196167,14.345000267028809,14.492500305175781,14.467499732971191,313600.0,14.467499732971191
2005-06-02,14.532500267028809,14.0649995803833,14.420000076293945,14.279999732971191,673200.0,14.279999732971191
2005-06-03,14.279999732971191,14.057499885559082,14.279999732971191,14.199999809265137,578400.0,14.199999809265137
2005-06-06,14.1875,14.012499809265137,14.149999618530273,14.130000114440918,934000.0,14.130000114440918
2005-06-07,14.337499618530273,14.069999694824219,14.082500457763672,14.182499885559082,458800.0,14.182499885559082
2005-06-08,14.212499618530273,13.925000190734863,14.15999984741211,14.0600004196167,413600.0,14.0600004196167
2005-06-09,14.2475004196167,14.032500267028809,14.050000190734863,14.157500267028809,353200.0,14.157500267028809
2005-06-10,14.192500114440918,14.095000267028809,14.100000381469727,14.117500305175781,208000.0,14.117500305175781
2005-06-13,14.137499809265137,14.045000076293945,14.0600004196167,14.125,396000.0,14.125
2005-06-14,14.137499809265137,13.90250015258789,14.137499809265137,14.0,499600.0,14.0
2005-06-15,14.09749984741211,13.930000305175781,13.96500015258789,14.0,242000.0,14.0
2005-06-16,14.167499542236328,13.9399995803833,13.952500343322754,14.167499542236328,510400.0,14.167499542236328
2005-06-17,14.25,14.109999656677246,14.197500228881836,14.135000228881836,791200.0,14.135000228881836
2005-06-20,14.307499885559082,14.079999923706055,14.117500305175781,14.207500457763672,354400.0,14.207500457763672
2005-06-21,14.447500228881836,14.15250015258789,14.15250015258789,14.289999961853027,248400.0,14.289999961853027
2005-06-22,14.4975004196167,14.244999885559082,14.412500381469727,14.47249984741211,416400.0,14.47249984741211
2005-06-23,14.555000305175781,14.380000114440918,14.4375,14.432499885559082,286000.0,14.432499885559082
2005-06-24,14.489999771118164,14.302499771118164,14.4399995803833,14.390000343322754,357600.0,14.390000343322754
2005-06-27,14.4350004196167,14.345000267028809,14.3774995803833,14.427499771118164,212400.0,14.427499771118164
2005-06-28,14.6899995803833,14.432499885559082,14.47249984741211,14.619999885559082,334800.0,14.619999885559082
2005-06-29,14.7524995803833,14.572500228881836,14.604999542236328,14.647500038146973,409600.0,14.647500038146973
2005-06-30,15.75,14.6899995803833,14.6899995803833,15.582500457763672,2698000.0,15.582500457763672
2005-07-01,15.672499656677246,15.287500381469727,15.672499656677246,15.510000228881836,621200.0,15.510000228881836
2005-07-05,15.912500381469727,15.5,15.510000228881836,15.8125,639600.0,15.8125
2005-07-06,15.949999809265137,15.577500343322754,15.800000190734863,15.577500343322754,640800.0,15.577500343322754
2005-07-07,15.635000228881836,15.274999618530273,15.635000228881836,15.407500267028809,345600.0,15.407500267028809
2005-07-08,15.8125,15.25,15.520000457763672,15.78499984741211,456800.0,15.78499984741211
2005-07-11,16.172500610351562,15.449999809265137,15.71500015258789,15.854999542236328,464400.0,15.854999542236328
2005-07-12,15.994999885559082,15.8125,15.837499618530273,15.899999618530273,370000.0,15.899999618530273
2005-07-13,15.949999809265137,15.800000190734863,15.907500267028809,15.90250015258789,431200.0,15.90250015258789
2005-07-14,16.0674991607666,15.8774995803833,15.932499885559082,16.037500381469727,315200.0,16.037500381469727
2005-07-15,16.167499542236328,16.010000228881836,16.017499923706055,16.137500762939453,296800.0,16.137500762939453
2005-07-18,16.167499542236328,16.049999237060547,16.167499542236328,16.125,279200.0,16.125
2005-07-19,16.25,16.094999313354492,16.112499237060547,16.227500915527344,224000.0,16.227500915527344
2005-07-20,16.43000030517578,16.174999237060547,16.177499771118164,16.354999542236328,570400.0,16.354999542236328
2005-07-21,16.427499771118164,16.0575008392334,16.22249984741211,16.15999984741211,274800.0,16.15999984741211
2005-07-22,16.232500076293945,15.774999618530273,16.217500686645508,15.987500190734863,634400.0,15.987500190734863
2005-07-25,16.030000686645508,15.84000015258789,15.989999771118164,15.9350004196167,320000.0,15.9350004196167
2005-07-26,16.232500076293945,15.944999694824219,15.944999694824219,15.977499961853027,488400.0,15.977499961853027
2005-07-27,16.15999984741211,15.895000457763672,16.0,16.127500534057617,316000.0,16.127500534057617
2005-07-28,16.412500381469727,16.082500457763672,16.082500457763672,16.322500228881836,367200.0,16.322500228881836
2005-07-29,16.137500762939453,15.039999961853027,15.262499809265137,15.864999771118164,3434800.0,15.864999771118164
2005-08-01,16.125,15.8125,15.904999732971191,15.925000190734863,934400.0,15.925000190734863
2005-08-02,16.2450008392334,15.797499656677246,15.797499656677246,15.925000190734863,1017600.0,15.925000190734863
2005-08-03,15.892499923706055,15.725000381469727,15.892499923706055,15.762499809265137,685600.0,15.762499809265137
2005-08-04,15.987500190734863,15.657500267028809,15.987500190734863,15.657500267028809,1036800.0,15.657500267028809
2005-08-05,15.832500457763672,15.649999618530273,15.649999618530273,15.725000381469727,466800.0,15.725000381469727
2005-08-08,15.77750015258789,15.4975004196167,15.6875,15.537500381469727,434000.0,15.537500381469727
2005-08-09,15.579999923706055,15.307499885559082,15.524999618530273,15.477499961853027,875200.0,15.477499961853027
2005-08-10,15.65999984741211,15.404999732971191,15.404999732971191,15.537500381469727,680000.0,15.537500381469727
2005-08-11,15.734999656677246,15.5024995803833,15.510000228881836,15.552499771118164,463600.0,15.552499771118164
2005-08-12,15.617500305175781,15.5,15.550000190734863,15.5625,380800.0,15.5625
2005-08-15,15.672499656677246,15.460000038146973,15.475000381469727,15.587499618530273,339200.0,15.587499618530273
2005-08-16,15.645000457763672,15.457500457763672,15.515000343322754,15.550000190734863,535600.0,15.550000190734863
2005-08-17,15.802499771118164,15.494999885559082,15.494999885559082,15.632499694824219,689600.0,15.632499694824219
2005-08-18,15.712499618530273,15.5,15.592499732971191,15.59749984741211,496400.0,15.59749984741211
2005-08-19,15.727499961853027,15.537500381469727,15.537500381469727,15.637499809265137,443200.0,15.637499809265137
2005-08-22,15.875,15.587499618530273,15.59749984741211,15.829999923706055,515200.0,15.829999923706055
2005-08-23,15.992500305175781,15.704999923706055,15.800000190734863,15.970000267028809,351600.0,15.970000267028809
2005-08-24,16.125,15.882499694824219,15.920000076293945,15.967499732971191,514400.0,15.967499732971191
2005-08-25,16.104999542236328,15.954999923706055,15.954999923706055,16.065000534057617,338000.0,16.065000534057617
2005-08-26,16.125,15.892499923706055,16.0625,15.957500457763672,414000.0,15.957500457763672
2005-08-29,15.949999809265137,15.767499923706055,15.922499656677246,15.912500381469727,422400.0,15.912500381469727
2005-08-30,15.907500267028809,15.694999694824219,15.854999542236328,15.75,405600.0,15.75
2005-08-31,16.010000228881836,15.5,15.787500381469727,16.010000228881836,1230400.0,16.010000228881836
2005-09-01,16.25,15.962499618530273,15.977499961853027,16.1875,568000.0,16.1875
2005-09-02,16.299999237060547,16.142499923706055,16.142499923706055,16.280000686645508,536000.0,16.280000686645508
2005-09-06,16.559999465942383,16.184999465942383,16.260000228881836,16.5049991607666,571600.0,16.5049991607666
2005-09-07,16.602500915527344,16.34749984741211,16.487499237060547,16.4950008392334,701600.0,16.4950008392334
2005-09-08,16.717500686645508,16.38249969482422,16.440000534057617,16.717500686645508,750400.0,16.717500686645508
2005-09-09,16.825000762939453,16.6200008392334,16.6200008392334,16.80500030517578,569600.0,16.80500030517578
2005-09-12,16.987499237060547,16.700000762939453,16.739999771118164,16.927499771118164,535600.0,16.927499771118164
2005-09-13,16.954999923706055,16.614999771118164,16.8174991607666,16.670000076293945,717600.0,16.670000076293945
2005-09-14,16.71500015258789,16.485000610351562,16.665000915527344,16.649999618530273,390000.0,16.649999618530273
2005-09-15,16.795000076293945,16.59000015258789,16.645000457763672,16.795000076293945,315200.0,16.795000076293945
2005-09-16,16.889999389648438,16.707500457763672,16.790000915527344,16.872499465942383,422000.0,16.872499465942383
2005-09-19,16.897499084472656,16.520000457763672,16.795000076293945,16.667499542236328,309600.0,16.667499542236328
2005-09-20,16.697500228881836,16.5,16.627500534057617,16.607500076293945,409200.0,16.607500076293945
2005-09-21,16.637500762939453,16.377500534057617,16.377500534057617,16.55500030517578,449200.0,16.55500030517578
2005-09-22,16.52750015258789,16.092500686645508,16.5,16.4325008392334,410800.0,16.4325008392334
2005-09-23,16.5575008392334,16.375,16.417499542236328,16.5,195200.0,16.5
2005-09-26,16.837499618530273,16.452499389648438,16.452499389648438,16.587499618530273,520800.0,16.587499618530273
2005-09-27,16.592500686645508,16.274999618530273,16.549999237060547,16.389999389648438,737200.0,16.389999389648438
2005-09-28,16.559999465942383,16.350000381469727,16.350000381469727,16.450000762939453,340000.0,16.450000762939453
2005-09-29,16.542499542236328,16.389999389648438,16.4325008392334,16.510000228881836,346000.0,16.510000228881836
2005-09-30,16.8125,16.4375,16.4375,16.719999313354492,427600.0,16.719999313354492
2005-10-03,16.97249984741211,16.6200008392334,16.69499969482422,16.77750015258789,558000.0,16.77750015258789
2005-10-04,16.927499771118164,16.674999237060547,16.6825008392334,16.8700008392334,303200.0,16.8700008392334
2005-10-05,16.797500610351562,16.174999237060547,16.797500610351562,16.1875,598000.0,16.1875
2005-10-06,16.252500534057617,15.824999809265137,16.174999237060547,15.885000228881836,664400.0,15.885000228881836
2005-10-07,15.992500305175781,15.637499809265137,15.932499885559082,15.827500343322754,652800.0,15.827500343322754
2005-10-10,15.824999809265137,15.657500267028809,15.725000381469727,15.744999885559082,381600.0,15.744999885559082
2005-10-11,15.8725004196167,15.5625,15.75,15.635000228881836,671200.0,15.635000228881836
2005-10-12,15.720000267028809,15.27750015258789,15.567500114440918,15.694999694824219,800800.0,15.694999694824219
2005-10-13,16.114999771118164,15.654999732971191,15.770000457763672,15.822500228881836,811200.0,15.822500228881836
2005-10-14,16.059999465942383,15.84000015258789,15.9375,15.904999732971191,797200.0,15.904999732971191
2005-10-17,16.177499771118164,15.885000228881836,15.885000228881836,16.177499771118164,616400.0,16.177499771118164
2005-10-18,16.170000076293945,15.8125,16.145000457763672,16.11750030517578,692000.0,16.11750030517578
2005-10-19,16.290000915527344,16.024999618530273,16.024999618530273,16.21500015258789,883200.0,16.21500015258789
2005-10-20,16.375,16.137500762939453,16.174999237060547,16.260000228881836,672400.0,16.260000228881836
2005-10-21,16.46500015258789,16.1875,16.280000686645508,16.282499313354492,520800.0,16.282499313354492
2005-10-24,16.635000228881836,16.337499618530273,16.38249969482422,16.61750030517578,554800.0,16.61750030517578
2005-10-25,16.6875,16.422500610351562,16.635000228881836,16.6875,463200.0,16.6875
2005-10-26,16.767499923706055,16.31999969482422,16.700000762939453,16.364999771118164,558400.0,16.364999771118164
2005-10-27,16.549999237060547,16.292499542236328,16.292499542236328,16.360000610351562,298000.0,16.360000610351562
2005-10-28,17.227500915527344,16.377500534057617,16.5,17.127500534057617,1400400.0,17.127500534057617
2005-10-31,18.049999237060547,17.2450008392334,17.247499465942383,17.532499313354492,1950000.0,17.532499313354492
2005-11-01,17.727500915527344,17.3125,17.5,17.3700008392334,1340000.0,17.3700008392334
2005-11-02,17.485000610351562,17.24250030517578,17.375,17.28499984741211,872800.0,17.28499984741211
2005-11-03,17.34749984741211,16.782499313354492,17.25,17.024999618530273,1253600.0,17.024999618530273
2005-11-04,17.049999237060547,16.81999969482422,17.03499984741211,17.0,536400.0,17.0
2005-11-07,17.239999771118164,16.75,16.75,17.184999465942383,561200.0,17.184999465942383
2005-11-08,17.25,17.0049991607666,17.18000030517578,17.0674991607666,285600.0,17.0674991607666
2005-11-09,17.299999237060547,17.014999389648438,17.037500381469727,17.299999237060547,451200.0,17.299999237060547
2005-11-10,17.579999923706055,17.24250030517578,17.264999389648438,17.579999923706055,547200.0,17.579999923706055
2005-11-11,17.6924991607666,17.487499237060547,17.487499237060547,17.607500076293945,275200.0,17.607500076293945
2005-11-14,17.719999313354492,17.502500534057617,17.579999923706055,17.559999465942383,377200.0,17.559999465942383
2005-11-15,17.74250030517578,17.469999313354492,17.5,17.645000457763672,477200.0,17.645000457763672
2005-11-16,18.0,17.579999923706055,17.579999923706055,17.75,711600.0,17.75
2005-11-17,17.954999923706055,17.707500457763672,17.8174991607666,17.947500228881836,344800.0,17.947500228881836
2005-11-18,18.03499984741211,17.792499542236328,18.0,17.987499237060547,568000.0,17.987499237060547
2005-11-21,18.252500534057617,17.854999542236328,17.887500762939453,18.219999313354492,585200.0,18.219999313354492
2005-11-22,18.482500076293945,18.00749969482422,18.125,18.479999542236328,589200.0,18.479999542236328
2005-11-23,18.49250030517578,18.287500381469727,18.4325008392334,18.287500381469727,333600.0,18.287500381469727
2005-11-25,18.375,18.212499618530273,18.299999237060547,18.3125,110000.0,18.3125
2005-11-28,18.295000076293945,18.012500762939453,18.21500015258789,18.052499771118164,474800.0,18.052499771118164
2005-11-29,18.125,17.93000030517578,18.0,17.9375,457600.0,17.9375
2005-11-30,18.0049991607666,17.887500762939453,17.947500228881836,17.887500762939453,314000.0,17.887500762939453
2005-12-01,18.100000381469727,17.897499084472656,17.897499084472656,17.985000610351562,401600.0,17.985000610351562
2005-12-02,18.209999084472656,17.872499465942383,17.872499465942383,18.209999084472656,622800.0,18.209999084472656
2005-12-05,18.209999084472656,17.927499771118164,18.209999084472656,18.100000381469727,539600.0,18.100000381469727
2005-12-06,18.3174991607666,18.110000610351562,18.184999465942383,18.1924991607666,355200.0,18.1924991607666
2005-12-07,18.3125,17.997499465942383,18.107500076293945,18.207500457763672,354000.0,18.207500457763672
2005-12-08,18.407499313354492,18.052499771118164,18.137500762939453,18.407499313354492,1032800.0,18.407499313354492
2005-12-09,18.78499984741211,18.407499313354492,18.407499313354492,18.537500381469727,564800.0,18.537500381469727
2005-12-12,18.559999465942383,18.40250015258789,18.49250030517578,18.540000915527344,311600.0,18.540000915527344
2005-12-13,18.532499313354492,18.3700008392334,18.530000686645508,18.462499618530273,322000.0,18.462499618530273
2005-12-14,18.5575008392334,18.395000457763672,18.479999542236328,18.422500610351562,394000.0,18.422500610351562
2005-12-15,18.540000915527344,18.219999313354492,18.342500686645508,18.532499313354492,385600.0,18.532499313354492
2005-12-16,18.6825008392334,18.385000228881836,18.655000686645508,18.385000228881836,490400.0,18.385000228881836
2005-12-19,18.467500686645508,18.1875,18.4375,18.264999389648438,510800.0,18.264999389648438
2005-12-20,18.270000457763672,18.0,18.270000457763672,18.03499984741211,584800.0,18.03499984741211
2005-12-21,18.22249984741211,17.977500915527344,17.985000610351562,18.114999771118164,385200.0,18.114999771118164
2005-12-22,18.1924991607666,17.969999313354492,18.125,18.014999389648438,387200.0,18.014999389648438
2005-12-23,18.102500915527344,18.020000457763672,18.030000686645508,18.06999969482422,259200.0,18.06999969482422
2005-12-27,18.1875,17.860000610351562,18.037500381469727,17.962499618530273,295200.0,17.962499618530273
2005-12-28,18.030000686645508,17.862499237060547,17.917499542236328,17.977500915527344,278000.0,17.977500915527344
2005-12-29,18.104999542236328,17.887500762939453,17.987499237060547,17.90250015258789,146000.0,17.90250015258789
2005-12-30,18.19499969482422,17.864999771118164,17.90250015258789,17.9950008392334,304400.0,17.9950008392334
2006-01-03,18.13249969482422,17.84000015258789,17.9424991607666,18.092500686645508,508400.0,18.092500686645508
2006-01-04,18.25,18.002500534057617,18.022499084472656,18.22249984741211,324800.0,18.22249984741211
2006-01-05,18.485000610351562,18.167499542236328,18.167499542236328,18.44499969482422,398000.0,18.44499969482422
2006-01-06,18.524999618530273,18.395000457763672,18.4375,18.49250030517578,358800.0,18.49250030517578
2006-01-09,18.905000686645508,18.5,18.5,18.809999465942383,539200.0,18.809999465942383
2006-01-10,18.86750030517578,18.4950008392334,18.725000381469727,18.84749984741211,429200.0,18.84749984741211
2006-01-11,18.9424991607666,18.65250015258789,18.770000457763672,18.702499389648438,231200.0,18.702499389648438
2006-01-12,18.8075008392334,18.61750030517578,18.792499542236328,18.677499771118164,213600.0,18.677499771118164
2006-01-13,18.735000610351562,18.030000686645508,18.735000610351562,18.125,1060800.0,18.125
2006-01-17,18.282499313354492,17.877500534057617,18.084999084472656,17.9375,1024400.0,17.9375
2006-01-18,18.012500762939453,17.645000457763672,17.81999969482422,17.75,1048400.0,17.75
2006-01-19,18.107500076293945,17.752500534057617,17.752500534057617,17.997499465942383,462000.0,17.997499465942383
2006-01-20,18.165000915527344,17.829999923706055,18.052499771118164,17.864999771118164,357600.0,17.864999771118164
2006-01-23,18.037500381469727,17.8125,17.8125,18.012500762939453,346400.0,18.012500762939453
2006-01-24,18.165000915527344,17.959999084472656,17.959999084472656,18.087499618530273,242400.0,18.087499618530273
2006-01-25,18.395000457763672,17.975000381469727,18.0625,18.299999237060547,677200.0,18.299999237060547
2006-01-26,18.75,18.297500610351562,18.297500610351562,18.729999542236328,418800.0,18.729999542236328
2006-01-27,19.579999923706055,18.950000762939453,19.0,19.145000457763672,1006400.0,19.145000457763672
2006-01-30,19.452499389648438,19.0575008392334,19.149999618530273,19.302499771118164,390400.0,19.302499771118164
2006-01-31,19.274999618530273,19.137500762939453,19.174999237060547,19.204999923706055,656000.0,19.204999923706055
2006-02-01,19.377500534057617,19.13249969482422,19.237499237060547,19.237499237060547,424000.0,19.237499237060547
2006-02-02,19.292499542236328,19.032499313354492,19.25,19.177499771118164,476800.0,19.177499771118164
2006-02-03,19.354999542236328,19.079999923706055,19.079999923706055,19.204999923706055,310800.0,19.204999923706055
2006-02-06,19.1825008392334,18.6924991607666,19.112499237060547,19.122499465942383,534800.0,19.122499465942383
2006-02-07,19.274999618530273,18.8125,19.075000762939453,19.15999984741211,687600.0,19.15999984741211
2006-02-08,19.260000228881836,19.077499389648438,19.1299991607666,19.247499465942383,318800.0,19.247499465942383
2006-02-09,19.34749984741211,19.032499313354492,19.209999084472656,19.1825008392334,366000.0,19.1825008392334
2006-02-10,19.337499618530273,18.975000381469727,19.112499237060547,19.332500457763672,649600.0,19.332500457763672
2006-02-13,19.247499465942383,18.829999923706055,18.844999313354492,18.94499969482422,656000.0,18.94499969482422
2006-02-14,19.190000534057617,18.90250015258789,18.90250015258789,19.167499542236328,360000.0,19.167499542236328
2006-02-15,19.4375,19.094999313354492,19.1875,19.377500534057617,488800.0,19.377500534057617
2006-02-16,19.59749984741211,19.3700008392334,19.454999923706055,19.53499984741211,513200.0,19.53499984741211
2006-02-17,19.6299991607666,19.399999618530273,19.5,19.462499618530273,310400.0,19.462499618530273
2006-02-21,19.537500381469727,19.177499771118164,19.397499084472656,19.325000762939453,492400.0,19.325000762939453
2006-02-22,19.497499465942383,19.212499618530273,19.28499984741211,19.469999313354492,504800.0,19.469999313354492
2006-02-23,19.487499237060547,19.3174991607666,19.405000686645508,19.459999084472656,276000.0,19.459999084472656
2006-02-24,19.639999389648438,19.36750030517578,19.40999984741211,19.61750030517578,307200.0,19.61750030517578
2006-02-27,19.790000915527344,19.485000610351562,19.575000762939453,19.717500686645508,430400.0,19.717500686645508
2006-02-28,19.827499389648438,19.577499389648438,19.65250015258789,19.645000457763672,463600.0,19.645000457763672
2006-03-01,19.987499237060547,19.639999389648438,19.639999389648438,19.987499237060547,418000.0,19.987499237060547
2006-03-02,20.049999237060547,19.872499465942383,19.997499465942383,20.020000457763672,347600.0,20.020000457763672
2006-03-03,20.05500030517578,19.842500686645508,19.842500686645508,19.967500686645508,290800.0,19.967500686645508
2006-03-06,20.125,19.850000381469727,20.03499984741211,20.0,295600.0,20.0
2006-03-07,20.065000534057617,19.81999969482422,20.0049991607666,19.969999313354492,325200.0,19.969999313354492
2006-03-08,20.200000762939453,19.80500030517578,19.827499389648438,20.177499771118164,429200.0,20.177499771118164
2006-03-09,20.292499542236328,20.13249969482422,20.13249969482422,20.232500076293945,260400.0,20.232500076293945
2006-03-10,20.362499237060547,20.084999084472656,20.184999465942383,20.190000534057617,737200.0,20.190000534057617
2006-03-13,20.387500762939453,20.13249969482422,20.13249969482422,20.3174991607666,365200.0,20.3174991607666
2006-03-14,20.532499313354492,20.360000610351562,20.38249969482422,20.4375,589600.0,20.4375
2006-03-15,20.719999313354492,20.372499465942383,20.372499465942383,20.672500610351562,625200.0,20.672500610351562
2006-03-16,20.815000534057617,20.545000076293945,20.59000015258789,20.77750015258789,757600.0,20.77750015258789
2006-03-17,21.094999313354492,20.747499465942383,20.747499465942383,20.899999618530273,594800.0,20.899999618530273
2006-03-20,21.092500686645508,20.790000915527344,20.827499389648438,21.03499984741211,258000.0,21.03499984741211
2006-03-21,21.09000015258789,20.832500457763672,20.837499618530273,20.837499618530273,287200.0,20.837499618530273
2006-03-22,21.389999389648438,20.81999969482422,20.834999084472656,21.337499618530273,845600.0,21.337499618530273
2006-03-23,21.440000534057617,21.225000381469727,21.239999771118164,21.31999969482422,373200.0,21.31999969482422
2006-03-24,21.44499969482422,21.22249984741211,21.344999313354492,21.225000381469727,564000.0,21.225000381469727
2006-03-27,21.415000915527344,21.102500915527344,21.299999237060547,21.342500686645508,500800.0,21.342500686645508
2006-03-28,21.5,21.322500228881836,21.329999923706055,21.49250030517578,328400.0,21.49250030517578
2006-03-29,21.627500534057617,21.4375,21.55500030517578,21.549999237060547,437600.0,21.549999237060547
2006-03-30,21.622499465942383,21.302499771118164,21.524999618530273,21.364999771118164,379600.0,21.364999771118164
2006-03-31,21.684999465942383,21.360000610351562,21.3799991607666,21.59000015258789,383200.0,21.59000015258789
2006-04-03,21.672500610351562,21.09749984741211,21.614999771118164,21.30500030517578,527200.0,21.30500030517578
2006-04-04,20.747499465942383,20.137500762939453,20.512500762939453,20.549999237060547,1554000.0,20.549999237060547
2006-04-05,20.672500610351562,20.375,20.485000610351562,20.517499923706055,594000.0,20.517499923706055
2006-04-06,20.549999237060547,20.427499771118164,20.549999237060547,20.459999084472656,410800.0,20.459999084472656
2006-04-07,20.667499542236328,20.247499465942383,20.43000030517578,20.292499542236328,611200.0,20.292499542236328
2006-04-10,20.34749984741211,20.102500915527344,20.22249984741211,20.267499923706055,616800.0,20.267499923706055
2006-04-11,20.28499984741211,20.017499923706055,20.235000610351562,20.19499969482422,419600.0,20.19499969482422
2006-04-12,20.290000915527344,20.112499237060547,20.1200008392334,20.22249984741211,394400.0,20.22249984741211
2006-04-13,20.56999969482422,20.167499542236328,20.27750015258789,20.524999618530273,458800.0,20.524999618530273
2006-04-17,20.59749984741211,20.4375,20.459999084472656,20.594999313354492,219200.0,20.594999313354492
2006-04-18,21.030000686645508,20.572500228881836,20.572500228881836,20.899999618530273,325600.0,20.899999618530273
2006-04-19,21.142499923706055,20.899999618530273,20.899999618530273,21.122499465942383,400000.0,21.122499465942383
2006-04-20,21.262500762939453,20.975000381469727,21.09000015258789,21.262500762939453,253200.0,21.262500762939453
2006-04-21,21.34000015258789,21.18000030517578,21.262500762939453,21.280000686645508,308400.0,21.280000686645508
2006-04-24,21.47249984741211,21.202499389648438,21.334999084472656,21.375,370400.0,21.375
2006-04-25,21.350000381469727,20.989999771118164,21.350000381469727,21.030000686645508,377600.0,21.030000686645508
2006-04-26,21.082500457763672,20.602500915527344,20.985000610351562,20.6299991607666,542800.0,20.6299991607666
2006-04-27,20.875,20.399999618530273,20.639999389648438,20.844999313354492,497200.0,20.844999313354492
2006-04-28,20.802499771118164,20.002500534057617,20.077499389648438,20.802499771118164,822400.0,20.802499771118164
2006-05-01,20.790000915527344,20.397499084472656,20.677499771118164,20.397499084472656,654400.0,20.397499084472656
2006-05-02,20.489999771118164,20.075000762939453,20.489999771118164,20.09000015258789,614000.0,20.09000015258789
2006-05-03,20.142499923706055,19.75,20.037500381469727,19.75,1413200.0,19.75
2006-05-04,19.829999923706055,19.622499465942383,19.774999618530273,19.645000457763672,897200.0,19.645000457763672
2006-05-05,19.762500762939453,19.649999618530273,19.6875,19.75,549600.0,19.75
2006-05-08,19.774999618530273,19.625,19.717500686645508,19.739999771118164,423200.0,19.739999771118164
2006-05-09,19.797500610351562,19.545000076293945,19.75,19.72249984741211,776400.0,19.72249984741211
2006-05-10,19.872499465942383,19.604999542236328,19.72249984741211,19.774999618530273,380400.0,19.774999618530273
2006-05-11,19.905000686645508,19.482500076293945,19.7450008392334,19.482500076293945,788400.0,19.482500076293945
2006-05-12,19.415000915527344,19.145000457763672,19.415000915527344,19.25749969482422,630000.0,19.25749969482422
2006-05-15,19.232500076293945,18.592500686645508,19.13249969482422,19.110000610351562,829600.0,19.110000610351562
2006-05-16,19.485000610351562,19.0625,19.125,19.454999923706055,670800.0,19.454999923706055
2006-05-17,19.40999984741211,19.15999984741211,19.397499084472656,19.287500381469727,663200.0,19.287500381469727
2006-05-18,19.395000457763672,19.15999984741211,19.28499984741211,19.204999923706055,403200.0,19.204999923706055
2006-05-19,19.417499542236328,19.049999237060547,19.170000076293945,19.15250015258789,467200.0,19.15250015258789
2006-05-22,19.1200008392334,18.822500228881836,19.11750030517578,19.012500762939453,587200.0,19.012500762939453
2006-05-23,19.19499969482422,18.96500015258789,19.0,19.094999313354492,1140000.0,19.094999313354492
2006-05-24,19.200000762939453,18.8700008392334,19.092500686645508,19.082500457763672,840400.0,19.082500457763672
2006-05-25,19.072500228881836,18.9375,19.040000915527344,18.99250030517578,859600.0,18.99250030517578
2006-05-26,19.147499084472656,18.950000762939453,18.952499389648438,19.127500534057617,616400.0,19.127500534057617
2006-05-30,19.0575008392334,18.872499465942383,19.052499771118164,18.875,337200.0,18.875
2006-05-31,19.174999237060547,18.852500915527344,18.852500915527344,19.107500076293945,338000.0,19.107500076293945
2006-06-01,19.637500762939453,19.072500228881836,19.072500228881836,19.637500762939453,572400.0,19.637500762939453
2006-06-02,19.954999923706055,19.59000015258789,19.639999389648438,19.907499313354492,762000.0,19.907499313354492
2006-06-05,19.9950008392334,19.662500381469727,19.827499389648438,19.6875,575600.0,19.6875
2006-06-06,19.809999465942383,19.612499237060547,19.665000915527344,19.75749969482422,856000.0,19.75749969482422
2006-06-07,19.997499465942383,19.670000076293945,19.6875,19.922500610351562,454400.0,19.922500610351562
2006-06-08,19.950000762939453,19.627500534057617,19.84000015258789,19.8125,533200.0,19.8125
2006-06-09,19.885000228881836,19.600000381469727,19.7549991607666,19.645000457763672,362400.0,19.645000457763672
2006-06-12,19.622499465942383,19.30500030517578,19.602500915527344,19.327499389648438,320400.0,19.327499389648438
2006-06-13,19.264999389648438,18.982500076293945,19.264999389648438,19.09749984741211,543600.0,19.09749984741211
2006-06-14,19.362499237060547,19.037500381469727,19.045000076293945,19.3174991607666,393600.0,19.3174991607666
2006-06-15,19.459999084472656,19.212499618530273,19.3174991607666,19.40250015258789,608000.0,19.40250015258789
2006-06-16,19.514999389648438,19.357500076293945,19.44499969482422,19.372499465942383,275600.0,19.372499465942383
2006-06-19,19.434999465942383,19.11750030517578,19.337499618530273,19.157499313354492,241200.0,19.157499313354492
2006-06-20,19.149999618530273,18.84749984741211,19.145000457763672,18.934999465942383,374000.0,18.934999465942383
2006-06-21,19.25749969482422,18.832500457763672,18.924999237060547,18.907499313354492,708000.0,18.907499313354492
2006-06-22,18.907499313354492,18.227500915527344,18.907499313354492,18.53499984741211,1126400.0,18.53499984741211
2006-06-23,18.832500457763672,18.512500762939453,18.579999923706055,18.780000686645508,535600.0,18.780000686645508
2006-06-26,18.952499389648438,18.727500915527344,18.815000534057617,18.84749984741211,333600.0,18.84749984741211
2006-06-27,18.90250015258789,18.559999465942383,18.90250015258789,18.577499389648438,204000.0,18.577499389648438
2006-06-28,18.6299991607666,18.514999389648438,18.614999771118164,18.5625,617200.0,18.5625
2006-06-29,18.834999084472656,18.549999237060547,18.549999237060547,18.792499542236328,624800.0,18.792499542236328
2006-06-30,18.86750030517578,18.739999771118164,18.86750030517578,18.782499313354492,904400.0,18.782499313354492
2006-07-03,19.045000076293945,18.8075008392334,18.825000762939453,18.887500762939453,323200.0,18.887500762939453
2006-07-05,19.110000610351562,18.762500762939453,18.799999237060547,18.827499389648438,480400.0,18.827499389648438
2006-07-06,18.862499237060547,18.575000762939453,18.792499542236328,18.74250030517578,342400.0,18.74250030517578
2006-07-07,18.797500610351562,18.635000228881836,18.677499771118164,18.674999237060547,223600.0,18.674999237060547
2006-07-10,18.75749969482422,18.40250015258789,18.75749969482422,18.462499618530273,485600.0,18.462499618530273
2006-07-11,18.502500534057617,18.407499313354492,18.49250030517578,18.467500686645508,606800.0,18.467500686645508
2006-07-12,18.512500762939453,18.21500015258789,18.399999618530273,18.28499984741211,583200.0,18.28499984741211
2006-07-13,18.352500915527344,18.137500762939453,18.270000457763672,18.172500610351562,896800.0,18.172500610351562
2006-07-14,18.407499313354492,18.112499237060547,18.112499237060547,18.204999923706055,614000.0,18.204999923706055
2006-07-17,18.377500534057617,18.1875,18.25,18.264999389648438,268000.0,18.264999389648438
2006-07-18,18.512500762939453,18.229999542236328,18.3125,18.40250015258789,490000.0,18.40250015258789
2006-07-19,18.797500610351562,18.387500762939453,18.397499084472656,18.727500915527344,341600.0,18.727500915527344
2006-07-20,18.790000915527344,18.592500686645508,18.684999465942383,18.712499618530273,259600.0,18.712499618530273
2006-07-21,18.767499923706055,18.514999389648438,18.767499923706055,18.559999465942383,464000.0,18.559999465942383
2006-07-24,18.647499084472656,18.4424991607666,18.512500762939453,18.577499389648438,213200.0,18.577499389648438
2006-07-25,18.862499237060547,18.577499389648438,18.59749984741211,18.802499771118164,387600.0,18.802499771118164
2006-07-26,18.97249984741211,18.6875,18.852500915527344,18.887500762939453,328400.0,18.887500762939453
2006-07-27,18.872499465942383,18.727500915527344,18.837499618530273,18.774999618530273,365200.0,18.774999618530273
2006-07-28,21.959999084472656,20.267499923706055,20.417499542236328,21.702499389648438,2879200.0,21.702499389648438
2006-07-31,22.649999618530273,21.642499923706055,21.75,22.125,1810400.0,22.125
2006-08-01,22.34000015258789,21.962499618530273,22.045000076293945,21.962499618530273,1124000.0,21.962499618530273
2006-08-02,22.202499389648438,21.875,21.875,22.122499465942383,836000.0,22.122499465942383
2006-08-03,22.49250030517578,21.957500457763672,21.977500915527344,22.417499542236328,758000.0,22.417499542236328
2006-08-04,22.977500915527344,22.047500610351562,22.427499771118164,22.177499771118164,980800.0,22.177499771118164
2006-08-07,22.447500228881836,22.052499771118164,22.107500076293945,22.302499771118164,654400.0,22.302499771118164
2006-08-08,22.3799991607666,21.767499923706055,22.209999084472656,22.100000381469727,647200.0,22.100000381469727
2006-08-09,22.420000076293945,21.975000381469727,22.100000381469727,22.010000228881836,464800.0,22.010000228881836
2006-08-10,22.297500610351562,21.852500915527344,21.927499771118164,22.11750030517578,337600.0,22.11750030517578
2006-08-11,22.125,21.75,22.125,21.9375,516800.0,21.9375
2006-08-14,22.190000534057617,21.940000534057617,22.077499389648438,22.059999465942383,1192800.0,22.059999465942383
2006-08-15,22.4375,22.127500534057617,22.127500534057617,22.202499389648438,648000.0,22.202499389648438
2006-08-16,22.43000030517578,22.207500457763672,22.207500457763672,22.28499984741211,571600.0,22.28499984741211
2006-08-17,22.697500228881836,22.202499389648438,22.202499389648438,22.545000076293945,548400.0,22.545000076293945
2006-08-18,22.625,22.237499237060547,22.440000534057617,22.377500534057617,426800.0,22.377500534057617
2006-08-21,22.34749984741211,22.15999984741211,22.235000610351562,22.207500457763672,429200.0,22.207500457763672
2006-08-22,22.399999618530273,22.172500610351562,22.25,22.3174991607666,462000.0,22.3174991607666
2006-08-23,22.440000534057617,21.862499237060547,22.4375,22.24250030517578,561600.0,22.24250030517578
2006-08-24,22.24250030517578,21.905000686645508,22.21500015258789,22.190000534057617,544000.0,22.190000534057617
2006-08-25,22.517499923706055,22.1299991607666,22.219999313354492,22.422500610351562,1514800.0,22.422500610351562
2006-08-28,22.957500457763672,22.332500457763672,22.332500457763672,22.917499542236328,1018000.0,22.917499542236328
2006-08-29,23.100000381469727,22.837499618530273,22.9375,22.850000381469727,1418400.0,22.850000381469727
2006-08-30,23.104999542236328,22.702499389648438,22.815000534057617,22.897499084472656,558400.0,22.897499084472656
2006-08-31,23.09749984741211,22.69499969482422,22.729999542236328,23.002500534057617,649200.0,23.002500534057617
2006-09-01,23.372499465942383,22.922500610351562,23.114999771118164,23.084999084472656,722400.0,23.084999084472656
2006-09-05,23.497499465942383,23.100000381469727,23.174999237060547,23.447500228881836,730400.0,23.447500228881836
2006-09-06,23.47249984741211,23.264999389648438,23.360000610351562,23.3125,760000.0,23.3125
2006-09-07,23.397499084472656,23.1299991607666,23.25749969482422,23.282499313354492,508800.0,23.282499313354492
2006-09-08,23.450000762939453,23.197500228881836,23.197500228881836,23.424999237060547,376800.0,23.424999237060547
2006-09-11,23.6200008392334,23.282499313354492,23.282499313354492,23.577499389648438,548400.0,23.577499389648438
2006-09-12,23.7450008392334,23.524999618530273,23.639999389648438,23.59000015258789,466400.0,23.59000015258789
2006-09-13,23.622499465942383,23.44499969482422,23.520000457763672,23.575000762939453,758400.0,23.575000762939453
2006-09-14,23.610000610351562,23.3174991607666,23.610000610351562,23.36750030517578,393600.0,23.36750030517578
2006-09-15,23.537500381469727,23.114999771118164,23.5,23.227500915527344,922400.0,23.227500915527344
2006-09-18,23.34749984741211,22.982500076293945,23.102500915527344,23.094999313354492,473200.0,23.094999313354492
2006-09-19,23.22249984741211,22.99250030517578,22.99250030517578,23.11750030517578,650800.0,23.11750030517578
2006-09-20,23.704999923706055,23.030000686645508,23.110000610351562,23.467500686645508,882800.0,23.467500686645508
2006-09-21,23.600000381469727,23.30500030517578,23.475000381469727,23.38249969482422,521600.0,23.38249969482422
2006-09-22,23.4325008392334,23.075000762939453,23.30500030517578,23.165000915527344,206400.0,23.165000915527344
2006-09-25,23.292499542236328,23.06999969482422,23.18000030517578,23.149999618530273,768400.0,23.149999618530273
2006-09-26,23.354999542236328,23.09000015258789,23.09000015258789,23.165000915527344,614400.0,23.165000915527344
2006-09-27,23.174999237060547,22.940000534057617,23.079999923706055,22.989999771118164,820400.0,22.989999771118164
2006-09-28,23.0625,22.704999923706055,22.952499389648438,22.7549991607666,1587600.0,22.7549991607666
2006-09-29,22.924999237060547,22.520000457763672,22.697500228881836,22.78499984741211,1104400.0,22.78499984741211
2006-10-02,23.002500534057617,22.607500076293945,22.717500686645508,22.844999313354492,509600.0,22.844999313354492
2006-10-03,22.877500534057617,22.704999923706055,22.7549991607666,22.844999313354492,646800.0,22.844999313354492
2006-10-04,23.407499313354492,22.729999542236328,22.735000610351562,23.325000762939453,602800.0,23.325000762939453
2006-10-05,23.71500015258789,23.325000762939453,23.325000762939453,23.4375,867200.0,23.4375
2006-10-06,23.559999465942383,23.332500457763672,23.364999771118164,23.4325008392334,454400.0,23.4325008392334
2006-10-09,23.487499237060547,23.392499923706055,23.4375,23.424999237060547,508400.0,23.424999237060547
2006-10-10,23.549999237060547,23.297500610351562,23.38249969482422,23.542499542236328,646000.0,23.542499542236328
2006-10-11,23.637500762939453,23.487499237060547,23.487499237060547,23.5674991607666,388800.0,23.5674991607666
2006-10-12,23.72249984741211,23.49250030517578,23.49250030517578,23.665000915527344,426800.0,23.665000915527344
2006-10-13,23.65250015258789,23.454999923706055,23.485000610351562,23.592500686645508,517200.0,23.592500686645508
2006-10-16,23.8700008392334,23.5625,23.729999542236328,23.792499542236328,788800.0,23.792499542236328
2006-10-17,23.860000610351562,23.5049991607666,23.53499984741211,23.7549991607666,559600.0,23.7549991607666
2006-10-18,23.875,23.602500915527344,23.767499923706055,23.75,1279600.0,23.75
2006-10-19,23.75,23.592500686645508,23.655000686645508,23.647499084472656,533600.0,23.647499084472656
2006-10-20,23.737499237060547,23.612499237060547,23.635000228881836,23.612499237060547,452000.0,23.612499237060547
2006-10-23,23.727500915527344,23.5,23.587499618530273,23.59749984741211,885200.0,23.59749984741211
2006-10-24,23.649999618530273,23.4375,23.61750030517578,23.5,662400.0,23.5
2006-10-25,23.53499984741211,23.297500610351562,23.53499984741211,23.364999771118164,445200.0,23.364999771118164
2006-10-26,23.88249969482422,23.3125,23.334999084472656,23.774999618530273,765600.0,23.774999618530273
2006-10-27,23.25,21.524999618530273,22.8125,22.11750030517578,2308400.0,22.11750030517578
2006-10-30,22.125,21.31999969482422,22.107500076293945,21.372499465942383,1691200.0,21.372499465942383
2006-10-31,21.372499465942383,20.6924991607666,21.270000457763672,20.802499771118164,1709200.0,20.802499771118164
2006-11-01,21.075000762939453,20.802499771118164,20.875,20.822500228881836,754000.0,20.822500228881836
2006-11-02,20.917499542236328,20.485000610351562,20.75749969482422,20.61750030517578,1044400.0,20.61750030517578
2006-11-03,20.792499542236328,20.50749969482422,20.69499969482422,20.59749984741211,1030000.0,20.59749984741211
2006-11-06,20.84749984741211,20.510000228881836,20.59000015258789,20.75,643200.0,20.75
2006-11-07,20.920000076293945,20.697500228881836,20.842500686645508,20.829999923706055,743200.0,20.829999923706055
2006-11-08,21.299999237060547,20.877500534057617,20.885000228881836,21.22249984741211,880400.0,21.22249984741211
2006-11-09,21.270000457763672,21.077499389648438,21.252500534057617,21.100000381469727,1042800.0,21.100000381469727
2006-11-10,21.1825008392334,20.947500228881836,21.15999984741211,21.077499389648438,454800.0,21.077499389648438
2006-11-13,21.107500076293945,20.327499389648438,21.107500076293945,20.4325008392334,1572400.0,20.4325008392334
2006-11-14,20.797500610351562,20.207500457763672,20.552499771118164,20.770000457763672,950400.0,20.770000457763672
2006-11-15,21.114999771118164,20.735000610351562,20.7549991607666,21.05500030517578,601200.0,21.05500030517578
2006-11-16,21.3174991607666,21.040000915527344,21.045000076293945,21.19499969482422,528000.0,21.19499969482422
2006-11-17,21.190000534057617,21.010000228881836,21.190000534057617,21.110000610351562,298800.0,21.110000610351562
2006-11-20,21.18000030517578,20.987499237060547,21.149999618530273,21.045000076293945,658400.0,21.045000076293945
2006-11-21,21.2549991607666,20.90250015258789,21.024999618530273,21.18000030517578,712000.0,21.18000030517578
2006-11-22,21.207500457763672,21.052499771118164,21.147499084472656,21.1825008392334,631200.0,21.1825008392334
2006-11-24,21.200000762939453,21.072500228881836,21.104999542236328,21.167499542236328,425200.0,21.167499542236328
2006-11-27,21.2450008392334,21.0674991607666,21.06999969482422,21.127500534057617,1114800.0,21.127500534057617
2006-11-28,21.287500381469727,20.954999923706055,21.042499542236328,21.282499313354492,860800.0,21.282499313354492
2006-11-29,21.377500534057617,21.219999313354492,21.24250030517578,21.232500076293945,546400.0,21.232500076293945
2006-11-30,21.3125,21.052499771118164,21.3125,21.162500381469727,535200.0,21.162500381469727
2006-12-01,21.1825008392334,21.0,21.1825008392334,21.065000534057617,1313600.0,21.065000534057617
2006-12-04,21.239999771118164,20.922500610351562,21.125,21.155000686645508,1121600.0,21.155000686645508
2006-12-05,21.24250030517578,20.987499237060547,21.112499237060547,21.022499084472656,1070400.0,21.022499084472656
2006-12-06,21.012500762939453,20.90250015258789,20.954999923706055,20.957500457763672,876800.0,20.957500457763672
2006-12-07,21.122499465942383,20.920000076293945,20.924999237060547,20.977500915527344,416400.0,20.977500915527344
2006-12-08,21.092500686645508,20.8125,21.084999084472656,20.920000076293945,619200.0,20.920000076293945
2006-12-11,20.912500381469727,20.68000030517578,20.912500381469727,20.732500076293945,698800.0,20.732500076293945
2006-12-12,20.799999237060547,20.667499542236328,20.674999237060547,20.6924991607666,302400.0,20.6924991607666
2006-12-13,20.799999237060547,20.65999984741211,20.65999984741211,20.704999923706055,375200.0,20.704999923706055
2006-12-14,20.764999389648438,20.649999618530273,20.665000915527344,20.6875,308400.0,20.6875
2006-12-15,20.739999771118164,20.44499969482422,20.739999771118164,20.450000762939453,441600.0,20.450000762939453
2006-12-18,20.579999923706055,20.204999923706055,20.552499771118164,20.322500228881836,624800.0,20.322500228881836
2006-12-19,20.229999542236328,20.102500915527344,20.229999542236328,20.1299991607666,739200.0,20.1299991607666
2006-12-20,20.1299991607666,20.040000915527344,20.1299991607666,20.045000076293945,500000.0,20.045000076293945
2006-12-21,20.1875,19.892499923706055,20.040000915527344,19.959999084472656,411200.0,19.959999084472656
2006-12-22,20.012500762939453,19.875,19.950000762939453,19.90250015258789,346000.0,19.90250015258789
2006-12-26,19.997499465942383,19.81999969482422,19.887500762939453,19.962499618530273,551200.0,19.962499618530273
2006-12-27,20.059999465942383,19.540000915527344,19.950000762939453,19.797500610351562,979200.0,19.797500610351562
2006-12-28,20.014999389648438,19.735000610351562,19.77750015258789,19.81999969482422,1209200.0,19.81999969482422
2006-12-29,20.075000762939453,19.665000915527344,19.795000076293945,19.825000762939453,410800.0,19.825000762939453
2007-01-03,20.077499389648438,19.424999237060547,19.889999389648438,19.552499771118164,1590400.0,19.552499771118164
2007-01-04,19.8700008392334,19.530000686645508,19.59749984741211,19.844999313354492,823600.0,19.844999313354492
2007-01-05,20.559999465942383,19.844999313354492,19.8700008392334,20.247499465942383,1828000.0,20.247499465942383
2007-01-08,20.4375,20.1825008392334,20.202499389648438,20.434999465942383,921600.0,20.434999465942383
2007-01-09,20.532499313354492,20.327499389648438,20.485000610351562,20.40999984741211,1306800.0,20.40999984741211
2007-01-10,20.397499084472656,20.149999618530273,20.397499084472656,20.282499313354492,567200.0,20.282499313354492
2007-01-11,20.795000076293945,20.190000534057617,20.25,20.77750015258789,719600.0,20.77750015258789
2007-01-12,20.829999923706055,20.690000534057617,20.8075008392334,20.81999969482422,580800.0,20.81999969482422
2007-01-16,21.002500534057617,20.780000686645508,20.81999969482422,20.920000076293945,576400.0,20.920000076293945
2007-01-17,20.927499771118164,20.829999923706055,20.86750030517578,20.907499313354492,1066000.0,20.907499313354492
2007-01-18,20.920000076293945,20.795000076293945,20.832500457763672,20.912500381469727,577600.0,20.912500381469727
2007-01-19,21.11750030517578,20.88249969482422,20.962499618530273,21.014999389648438,608800.0,21.014999389648438
2007-01-22,21.149999618530273,21.022499084472656,21.0575008392334,21.137500762939453,609600.0,21.137500762939453
2007-01-23,21.290000915527344,21.030000686645508,21.104999542236328,21.212499618530273,534000.0,21.212499618530273
2007-01-24,21.360000610351562,21.19499969482422,21.25749969482422,21.34749984741211,344400.0,21.34749984741211
2007-01-25,21.352500915527344,21.06999969482422,21.34749984741211,21.207500457763672,572000.0,21.207500457763672
2007-01-26,22.375,21.375,21.899999618530273,22.040000915527344,1500800.0,22.040000915527344
2007-01-29,22.162500381469727,20.587499618530273,22.022499084472656,20.862499237060547,2116000.0,20.862499237060547
2007-01-30,21.0625,20.59000015258789,20.834999084472656,21.037500381469727,1101200.0,21.037500381469727
2007-01-31,21.482500076293945,20.8799991607666,20.8799991607666,21.452499389648438,744400.0,21.452499389648438
2007-02-01,21.702499389648438,21.315000534057617,21.407499313354492,21.697500228881836,940400.0,21.697500228881836
2007-02-02,21.747499465942383,21.489999771118164,21.72249984741211,21.600000381469727,476000.0,21.600000381469727
2007-02-05,21.52750015258789,21.264999389648438,21.524999618530273,21.3075008392334,537200.0,21.3075008392334
2007-02-06,21.267499923706055,21.084999084472656,21.264999389648438,21.212499618530273,486800.0,21.212499618530273
2007-02-07,21.270000457763672,21.110000610351562,21.270000457763672,21.235000610351562,641600.0,21.235000610351562
2007-02-08,21.227500915527344,21.104999542236328,21.142499923706055,21.174999237060547,264000.0,21.174999237060547
2007-02-09,21.167499542236328,21.065000534057617,21.110000610351562,21.1200008392334,299600.0,21.1200008392334
2007-02-12,21.165000915527344,20.825000762939453,21.104999542236328,20.90250015258789,732400.0,20.90250015258789
2007-02-13,20.94499969482422,20.75,20.860000610351562,20.887500762939453,1025200.0,20.887500762939453
2007-02-14,20.9950008392334,20.8174991607666,20.924999237060547,20.967500686645508,624400.0,20.967500686645508
2007-02-15,21.177499771118164,20.852500915527344,20.885000228881836,21.065000534057617,680800.0,21.065000534057617
2007-02-16,21.412500381469727,20.979999542236328,20.979999542236328,21.40250015258789,1208400.0,21.40250015258789
2007-02-20,21.489999771118164,21.3174991607666,21.434999465942383,21.452499389648438,854000.0,21.452499389648438
2007-02-21,21.655000686645508,21.352500915527344,21.352500915527344,21.655000686645508,525200.0,21.655000686645508
2007-02-22,21.8700008392334,21.670000076293945,21.725000381469727,21.852500915527344,760800.0,21.852500915527344
2007-02-23,21.829999923706055,21.697500228881836,21.774999618530273,21.774999618530273,480400.0,21.774999618530273
2007-02-26,21.8075008392334,21.6875,21.774999618530273,21.774999618530273,852000.0,21.774999618530273
2007-02-27,21.737499237060547,21.25,21.684999465942383,21.299999237060547,1174800.0,21.299999237060547
2007-02-28,21.5575008392334,21.225000381469727,21.2549991607666,21.545000076293945,840400.0,21.545000076293945
2007-03-01,21.6299991607666,21.202499389648438,21.357500076293945,21.489999771118164,627600.0,21.489999771118164
2007-03-02,21.532499313354492,21.225000381469727,21.44499969482422,21.28499984741211,425200.0,21.28499984741211
2007-03-05,21.512500762939453,21.237499237060547,21.354999542236328,21.2450008392334,528000.0,21.2450008392334
2007-03-06,21.30500030517578,20.967500686645508,21.290000915527344,21.212499618530273,1310000.0,21.212499618530273
2007-03-07,21.412500381469727,21.092500686645508,21.1299991607666,21.287500381469727,744000.0,21.287500381469727
2007-03-08,21.642499923706055,21.375,21.375,21.53499984741211,534800.0,21.53499984741211
2007-03-09,21.795000076293945,21.452499389648438,21.497499465942383,21.63249969482422,668800.0,21.63249969482422
2007-03-12,21.739999771118164,21.524999618530273,21.552499771118164,21.579999923706055,825600.0,21.579999923706055
2007-03-13,21.612499237060547,21.25,21.545000076293945,21.270000457763672,667200.0,21.270000457763672
2007-03-14,21.334999084472656,21.104999542236328,21.2549991607666,21.309999465942383,558400.0,21.309999465942383
2007-03-15,21.489999771118164,21.262500762939453,21.362499237060547,21.4375,415600.0,21.4375
2007-03-16,21.512500762939453,21.357500076293945,21.447500228881836,21.4950008392334,398800.0,21.4950008392334
2007-03-19,21.702499389648438,21.43000030517578,21.514999389648438,21.702499389648438,229200.0,21.702499389648438
2007-03-20,21.71500015258789,21.362499237060547,21.71500015258789,21.4950008392334,372800.0,21.4950008392334
2007-03-21,21.5625,21.297500610351562,21.559999465942383,21.5,591200.0,21.5
2007-03-22,21.6299991607666,21.469999313354492,21.4950008392334,21.6299991607666,434000.0,21.6299991607666
2007-03-23,21.852500915527344,21.637500762939453,21.637500762939453,21.832500457763672,524000.0,21.832500457763672
2007-03-26,21.825000762939453,21.627500534057617,21.735000610351562,21.75,344000.0,21.75
2007-03-27,21.8075008392334,21.52750015258789,21.75,21.657499313354492,244000.0,21.657499313354492
2007-03-28,21.649999618530273,21.475000381469727,21.649999618530273,21.549999237060547,549200.0,21.549999237060547
2007-03-29,21.674999237060547,21.467500686645508,21.594999313354492,21.625,491200.0,21.625
2007-03-30,21.912500381469727,21.542499542236328,21.542499542236328,21.907499313354492,861600.0,21.907499313354492
2007-04-02,22.022499084472656,21.74250030517578,21.875,21.962499618530273,782000.0,21.962499618530273
2007-04-03,22.094999313354492,21.892499923706055,21.892499923706055,22.012500762939453,505200.0,22.012500762939453
2007-04-04,22.045000076293945,21.84749984741211,22.022499084472656,21.962499618530273,354800.0,21.962499618530273
2007-04-05,22.059999465942383,21.850000381469727,21.875,22.0049991607666,374800.0,22.0049991607666
2007-04-09,22.084999084472656,21.934999465942383,21.950000762939453,21.977500915527344,216000.0,21.977500915527344
2007-04-10,22.170000076293945,21.905000686645508,22.047500610351562,21.96500015258789,300400.0,21.96500015258789
2007-04-11,21.979999542236328,21.684999465942383,21.899999618530273,21.7450008392334,303200.0,21.7450008392334
2007-04-12,21.887500762939453,21.6299991607666,21.667499542236328,21.872499465942383,302000.0,21.872499465942383
2007-04-13,21.899999618530273,21.674999237060547,21.815000534057617,21.899999618530273,325200.0,21.899999618530273
2007-04-16,22.05500030517578,21.897499084472656,21.917499542236328,21.924999237060547,431600.0,21.924999237060547
2007-04-17,22.0674991607666,21.875,21.875,21.912500381469727,392800.0,21.912500381469727
2007-04-18,21.912500381469727,21.602500915527344,21.912500381469727,21.735000610351562,326000.0,21.735000610351562
2007-04-19,21.8174991607666,21.577499389648438,21.647499084472656,21.75,261200.0,21.75
2007-04-20,21.885000228881836,21.690000534057617,21.852500915527344,21.8125,458800.0,21.8125
2007-04-23,22.22249984741211,21.8125,21.8125,22.030000686645508,804400.0,22.030000686645508
2007-04-24,22.11750030517578,21.84749984741211,21.99250030517578,22.030000686645508,996400.0,22.030000686645508
2007-04-25,22.34000015258789,21.912500381469727,22.102500915527344,22.229999542236328,592400.0,22.229999542236328
2007-04-26,22.542499542236328,22.18000030517578,22.31999969482422,22.25,978800.0,22.25
2007-04-27,24.225000381469727,22.917499542236328,23.5,22.917499542236328,2166400.0,22.917499542236328
2007-04-30,23.174999237060547,22.522499084472656,23.010000228881836,22.542499542236328,1202800.0,22.542499542236328
2007-05-01,22.61750030517578,22.34000015258789,22.502500534057617,22.424999237060547,873600.0,22.424999237060547
2007-05-02,22.727500915527344,22.440000534057617,22.462499618530273,22.65250015258789,847200.0,22.65250015258789
2007-05-03,22.727500915527344,22.392499923706055,22.514999389648438,22.420000076293945,567600.0,22.420000076293945
2007-05-04,22.502500534057617,22.24250030517578,22.502500534057617,22.40250015258789,514400.0,22.40250015258789
2007-05-07,22.502500534057617,22.232500076293945,22.40250015258789,22.34000015258789,553200.0,22.34000015258789
2007-05-08,22.389999389648438,22.145000457763672,22.31999969482422,22.267499923706055,489600.0,22.267499923706055
2007-05-09,22.344999313354492,22.149999618530273,22.237499237060547,22.272499084472656,379200.0,22.272499084472656
2007-05-10,22.329999923706055,21.952499389648438,22.299999237060547,21.989999771118164,447600.0,21.989999771118164
2007-05-11,22.235000610351562,21.93000030517578,22.217500686645508,22.209999084472656,445600.0,22.209999084472656
2007-05-14,22.332500457763672,21.997499465942383,22.260000228881836,22.112499237060547,290400.0,22.112499237060547
2007-05-15,22.212499618530273,21.770000457763672,22.049999237060547,21.822500228881836,492800.0,21.822500228881836
2007-05-16,22.032499313354492,21.702499389648438,21.78499984741211,22.002500534057617,392400.0,22.002500534057617
2007-05-17,22.037500381469727,21.4325008392334,22.037500381469727,21.72249984741211,822400.0,21.72249984741211
2007-05-18,21.922500610351562,21.514999389648438,21.702499389648438,21.912500381469727,478800.0,21.912500381469727
2007-05-21,22.010000228881836,21.78499984741211,21.825000762939453,21.9950008392334,482800.0,21.9950008392334
2007-05-22,22.235000610351562,21.924999237060547,21.94499969482422,22.229999542236328,506000.0,22.229999542236328
2007-05-23,22.405000686645508,22.19499969482422,22.22249984741211,22.237499237060547,557200.0,22.237499237060547
2007-05-24,22.25749969482422,21.827499389648438,22.174999237060547,21.90250015258789,474000.0,21.90250015258789
2007-05-25,22.084999084472656,21.837499618530273,21.88249969482422,21.934999465942383,377600.0,21.934999465942383
2007-05-29,22.125,21.88249969482422,21.895000457763672,22.075000762939453,311200.0,22.075000762939453
2007-05-30,22.1299991607666,21.889999389648438,22.11750030517578,22.037500381469727,564800.0,22.037500381469727
2007-05-31,22.127500534057617,21.99250030517578,22.075000762939453,22.072500228881836,520800.0,22.072500228881836
2007-06-01,22.282499313354492,22.0625,22.06999969482422,22.229999542236328,391600.0,22.229999542236328
2007-06-04,22.5,22.084999084472656,22.25,22.5,669200.0,22.5
2007-06-05,22.625,22.174999237060547,22.40999984741211,22.267499923706055,573600.0,22.267499923706055
2007-06-06,22.270000457763672,22.0625,22.202499389648438,22.149999618530273,569200.0,22.149999618530273
2007-06-07,22.162500381469727,21.625,22.162500381469727,21.75,930400.0,21.75
2007-06-08,21.905000686645508,21.639999389648438,21.6825008392334,21.752500534057617,600800.0,21.752500534057617
2007-06-11,21.81999969482422,21.512500762939453,21.782499313354492,21.637500762939453,594000.0,21.637500762939453
2007-06-12,21.647499084472656,21.412500381469727,21.520000457763672,21.477500915527344,574400.0,21.477500915527344
2007-06-13,21.764999389648438,21.427499771118164,21.5,21.684999465942383,481200.0,21.684999465942383
2007-06-14,22.014999389648438,21.700000762939453,21.747499465942383,21.952499389648438,518400.0,21.952499389648438
2007-06-15,22.227500915527344,21.967500686645508,21.977500915527344,22.09749984741211,608400.0,22.09749984741211
2007-06-18,22.065000534057617,21.862499237060547,22.020000457763672,21.952499389648438,417600.0,21.952499389648438
2007-06-19,22.1875,21.700000762939453,21.920000076293945,22.177499771118164,726400.0,22.177499771118164
2007-06-20,22.75,22.174999237060547,22.1924991607666,22.65250015258789,1342000.0,22.65250015258789
2007-06-21,22.822500228881836,22.637500762939453,22.637500762939453,22.787500381469727,746400.0,22.787500381469727
2007-06-22,22.78499984741211,22.65999984741211,22.702499389648438,22.71500015258789,1024800.0,22.71500015258789
2007-06-25,22.81999969482422,22.59749984741211,22.732500076293945,22.69499969482422,966000.0,22.69499969482422
2007-06-26,22.989999771118164,22.579999923706055,22.74250030517578,22.700000762939453,1176400.0,22.700000762939453
2007-06-27,23.6825008392334,22.739999771118164,22.75,23.649999618530273,1197200.0,23.649999618530273
2007-06-28,24.11750030517578,23.514999389648438,23.684999465942383,23.987499237060547,1559200.0,23.987499237060547
2007-06-29,24.020000457763672,23.530000686645508,24.0,23.657499313354492,1148400.0,23.657499313354492
2007-07-02,23.735000610351562,23.477500915527344,23.71500015258789,23.6924991607666,642800.0,23.6924991607666
2007-07-03,23.84000015258789,23.649999618530273,23.649999618530273,23.74250030517578,261200.0,23.74250030517578
2007-07-05,23.982500076293945,23.690000534057617,23.837499618530273,23.770000457763672,643200.0,23.770000457763672
2007-07-06,24.0,23.719999313354492,23.84749984741211,23.802499771118164,469600.0,23.802499771118164
2007-07-09,23.93000030517578,23.725000381469727,23.725000381469727,23.915000915527344,657600.0,23.915000915527344
2007-07-10,23.9424991607666,23.739999771118164,23.897499084472656,23.827499389648438,562000.0,23.827499389648438
2007-07-11,24.075000762939453,23.627500534057617,23.907499313354492,24.045000076293945,509200.0,24.045000076293945
2007-07-12,24.157499313354492,23.912500381469727,24.030000686645508,24.017499923706055,467600.0,24.017499923706055
2007-07-13,24.139999389648438,23.875,24.0,24.110000610351562,228800.0,24.110000610351562
2007-07-16,24.084999084472656,23.8125,24.032499313354492,23.84749984741211,306800.0,23.84749984741211
2007-07-17,24.11750030517578,23.770000457763672,23.782499313354492,23.857500076293945,410800.0,23.857500076293945
2007-07-18,24.22249984741211,23.834999084472656,23.860000610351562,24.1299991607666,608400.0,24.1299991607666
2007-07-19,24.337499618530273,23.975000381469727,24.127500534057617,24.270000457763672,557200.0,24.270000457763672
2007-07-20,24.625,24.00749969482422,24.15250015258789,24.424999237060547,870400.0,24.424999237060547
2007-07-23,24.487499237060547,24.1299991607666,24.3799991607666,24.362499237060547,431200.0,24.362499237060547
2007-07-24,24.5625,24.2549991607666,24.2549991607666,24.5,652400.0,24.5
2007-07-25,24.645000457763672,24.3075008392334,24.5,24.584999084472656,509600.0,24.584999084472656
2007-07-26,24.607500076293945,24.122499465942383,24.344999313354492,24.434999465942383,554800.0,24.434999465942383
2007-07-27,25.022499084472656,24.11750030517578,24.75,24.7450008392334,1322000.0,24.7450008392334
2007-07-30,25.174999237060547,24.5049991607666,24.927499771118164,24.864999771118164,805600.0,24.864999771118164
2007-07-31,25.36750030517578,24.899999618530273,25.0,25.065000534057617,1269600.0,25.065000534057617
2007-08-01,25.462499618530273,24.5625,24.97249984741211,25.34749984741211,937200.0,25.34749984741211
2007-08-02,26.24250030517578,25.447500228881836,25.4950008392334,25.53499984741211,1525600.0,25.53499984741211
2007-08-03,27.0,25.47249984741211,25.47249984741211,26.655000686645508,1903200.0,26.655000686645508
2007-08-06,27.1924991607666,26.237499237060547,26.479999542236328,27.142499923706055,1398400.0,27.142499923706055
2007-08-07,27.372499465942383,26.967500686645508,27.139999389648438,27.2450008392334,1581200.0,27.2450008392334
2007-08-08,28.860000610351562,26.762500762939453,27.25,27.547500610351562,2139600.0,27.547500610351562
2007-08-09,28.22249984741211,26.975000381469727,27.162500381469727,27.290000915527344,2077200.0,27.290000915527344
2007-08-10,27.792499542236328,26.627500534057617,27.037500381469727,26.959999084472656,1132000.0,26.959999084472656
2007-08-13,27.002500534057617,26.170000076293945,27.002500534057617,26.3799991607666,1095600.0,26.3799991607666
2007-08-14,26.81999969482422,26.342500686645508,26.49250030517578,26.655000686645508,569200.0,26.655000686645508
2007-08-15,26.977500915527344,26.290000915527344,26.53499984741211,26.5,756800.0,26.5
2007-08-16,26.5,25.917499542236328,26.332500457763672,26.25749969482422,1019600.0,26.25749969482422
2007-08-17,26.752500534057617,26.137500762939453,26.364999771118164,26.30500030517578,711600.0,26.30500030517578
2007-08-20,27.375,26.364999771118164,26.44499969482422,27.24250030517578,824400.0,27.24250030517578
2007-08-21,27.24250030517578,26.662500381469727,27.24250030517578,26.897499084472656,695600.0,26.897499084472656
2007-08-22,27.020000457763672,26.559999465942383,26.989999771118164,26.8075008392334,638400.0,26.8075008392334
2007-08-23,27.21500015258789,26.604999542236328,26.8125,26.875,514400.0,26.875
2007-08-24,27.077499389648438,26.74250030517578,26.975000381469727,27.0,433200.0,27.0
2007-08-27,27.364999771118164,27.020000457763672,27.0674991607666,27.274999618530273,812000.0,27.274999618530273
2007-08-28,28.202499389648438,27.204999923706055,27.239999771118164,27.752500534057617,905200.0,27.752500534057617
2007-08-29,27.954999923706055,27.587499618530273,27.8125,27.892499923706055,655600.0,27.892499923706055
2007-08-30,27.987499237060547,27.5049991607666,27.795000076293945,27.637500762939453,513200.0,27.637500762939453
2007-08-31,28.05500030517578,27.5,27.790000915527344,27.9375,465600.0,27.9375
2007-09-04,28.75,27.977500915527344,28.122499465942383,28.122499465942383,771600.0,28.122499465942383
2007-09-05,28.375,27.950000762939453,28.082500457763672,28.3125,484000.0,28.3125
2007-09-06,28.352500915527344,28.040000915527344,28.184999465942383,28.142499923706055,549600.0,28.142499923706055
2007-09-07,28.834999084472656,28.012500762939453,28.012500762939453,28.65250015258789,665200.0,28.65250015258789
2007-09-10,28.622499465942383,28.170000076293945,28.582500457763672,28.334999084472656,464000.0,28.334999084472656
2007-09-11,28.897499084472656,28.267499923706055,28.387500762939453,28.799999237060547,415600.0,28.799999237060547
2007-09-12,28.889999389648438,28.482500076293945,28.889999389648438,28.690000534057617,411200.0,28.690000534057617
2007-09-13,28.832500457763672,28.387500762939453,28.75,28.639999389648438,352400.0,28.639999389648438
2007-09-14,28.747499465942383,28.352500915527344,28.625,28.6825008392334,358000.0,28.6825008392334
2007-09-17,28.815000534057617,28.299999237060547,28.709999084472656,28.467500686645508,242000.0,28.467500686645508
2007-09-18,28.9375,28.274999618530273,28.50749969482422,28.670000076293945,549200.0,28.670000076293945
2007-09-19,28.985000610351562,28.6200008392334,28.875,28.7549991607666,710400.0,28.7549991607666
2007-09-20,29.622499465942383,28.610000610351562,28.752500534057617,28.97249984741211,598000.0,28.97249984741211
2007-09-21,29.077499389648438,28.829999923706055,28.987499237060547,28.872499465942383,278800.0,28.872499465942383
2007-09-24,28.975000381469727,28.75,28.864999771118164,28.852500915527344,232800.0,28.852500915527344
2007-09-25,28.86750030517578,28.5,28.852500915527344,28.655000686645508,294000.0,28.655000686645508
2007-09-26,28.77750015258789,27.907499313354492,28.647499084472656,28.145000457763672,879600.0,28.145000457763672
2007-09-27,28.412500381469727,27.375,28.137500762939453,27.725000381469727,2291600.0,27.725000381469727
2007-09-28,28.295000076293945,27.397499084472656,27.799999237060547,27.397499084472656,2105200.0,27.397499084472656
2007-10-01,28.360000610351562,26.854999542236328,27.392499923706055,26.854999542236328,2352400.0,26.854999542236328
2007-10-02,27.825000762939453,26.790000915527344,26.790000915527344,27.344999313354492,1126400.0,27.344999313354492
2007-10-03,27.645000457763672,27.225000381469727,27.225000381469727,27.600000381469727,667200.0,27.600000381469727
2007-10-04,28.235000610351562,27.512500762939453,27.512500762939453,28.114999771118164,579600.0,28.114999771118164
2007-10-05,28.385000228881836,27.924999237060547,28.170000076293945,28.100000381469727,385200.0,28.100000381469727
2007-10-08,28.477500915527344,27.875,28.012500762939453,28.24250030517578,653200.0,28.24250030517578
2007-10-09,28.8174991607666,28.045000076293945,28.197500228881836,28.477500915527344,1150400.0,28.477500915527344
2007-10-10,28.78499984741211,28.19499969482422,28.489999771118164,28.532499313354492,534400.0,28.532499313354492
2007-10-11,28.8075008392334,28.270000457763672,28.52750015258789,28.3125,202000.0,28.3125
2007-10-12,29.0575008392334,28.3174991607666,28.61750030517578,28.69499969482422,522000.0,28.69499969482422
2007-10-15,29.0625,28.612499237060547,28.612499237060547,29.0,652400.0,29.0
2007-10-16,29.100000381469727,28.837499618530273,28.905000686645508,29.075000762939453,450000.0,29.075000762939453
2007-10-17,29.790000915527344,29.092500686645508,29.114999771118164,29.264999389648438,544000.0,29.264999389648438
2007-10-18,29.440000534057617,29.017499923706055,29.264999389648438,29.25,387200.0,29.25
2007-10-19,29.622499465942383,28.892499923706055,29.25,28.912500381469727,368400.0,28.912500381469727
2007-10-22,28.934999465942383,28.00749969482422,28.8174991607666,28.102500915527344,673200.0,28.102500915527344
2007-10-23,28.80500030517578,27.88249969482422,27.934999465942383,28.672500610351562,465200.0,28.672500610351562
2007-10-24,29.047500610351562,28.512500762939453,28.530000686645508,29.012500762939453,372800.0,29.012500762939453
2007-10-25,29.017499923706055,28.375,29.017499923706055,28.5625,549200.0,28.5625
2007-10-26,31.422500610351562,29.0,29.114999771118164,30.024999618530273,1733200.0,30.024999618530273
2007-10-29,30.362499237060547,28.912500381469727,30.362499237060547,29.114999771118164,1016800.0,29.114999771118164
2007-10-30,29.797500610351562,29.0,29.0,29.459999084472656,819200.0,29.459999084472656
2007-10-31,30.497499465942383,29.612499237060547,29.667499542236328,30.44499969482422,780000.0,30.44499969482422
2007-11-01,31.087499618530273,29.917499542236328,30.165000915527344,30.262500762939453,599200.0,30.262500762939453
2007-11-02,31.25,30.197500228881836,30.197500228881836,30.649999618530273,628400.0,30.649999618530273
2007-11-05,30.3700008392334,29.825000762939453,30.040000915527344,29.917499542236328,810800.0,29.917499542236328
2007-11-06,31.197500228881836,30.017499923706055,30.017499923706055,31.149999618530273,1179200.0,31.149999618530273
2007-11-07,31.68000030517578,30.917499542236328,31.149999618530273,31.264999389648438,847600.0,31.264999389648438
2007-11-08,32.125,31.137500762939453,31.229999542236328,32.067501068115234,1288800.0,32.067501068115234
2007-11-09,32.067501068115234,31.392499923706055,32.067501068115234,31.65999984741211,775200.0,31.65999984741211
2007-11-12,32.127498626708984,31.032499313354492,32.127498626708984,31.235000610351562,1102800.0,31.235000610351562
2007-11-13,31.697500228881836,31.040000915527344,31.697500228881836,31.467500686645508,480400.0,31.467500686645508
2007-11-14,32.040000915527344,31.262500762939453,31.649999618530273,31.670000076293945,351600.0,31.670000076293945
2007-11-15,32.22999954223633,31.5,31.572500228881836,32.11249923706055,650800.0,32.11249923706055
2007-11-16,32.337501525878906,31.717500686645508,32.01750183105469,31.8799991607666,861600.0,31.8799991607666
2007-11-19,31.997499465942383,31.322500228881836,31.530000686645508,31.537500381469727,502000.0,31.537500381469727
2007-11-20,31.670000076293945,30.8799991607666,31.475000381469727,31.415000915527344,469600.0,31.415000915527344
2007-11-21,31.452499389648438,29.825000762939453,31.325000762939453,29.97249984741211,1064000.0,29.97249984741211
2007-11-23,30.282499313354492,30.06999969482422,30.06999969482422,30.167499542236328,308400.0,30.167499542236328
2007-11-26,30.397499084472656,29.957500457763672,29.957500457763672,30.21500015258789,868000.0,30.21500015258789
2007-11-27,30.575000762939453,29.239999771118164,30.489999771118164,29.815000534057617,773000.0,29.815000534057617
2007-11-28,30.524999618530273,29.674999237060547,29.924999237060547,30.454999923706055,749400.0,30.454999923706055
2007-11-29,30.5,29.985000610351562,30.5,30.149999618530273,365200.0,30.149999618530273
2007-11-30,30.375,29.94499969482422,30.235000610351562,30.25,611200.0,30.25
2007-12-03,30.274999618530273,29.78499984741211,30.25,29.875,443000.0,29.875
2007-12-04,30.100000381469727,29.549999237060547,29.774999618530273,29.975000381469727,544600.0,29.975000381469727
2007-12-05,30.174999237060547,29.565000534057617,30.149999618530273,29.78499984741211,549400.0,29.78499984741211
2007-12-06,29.924999237060547,29.4950008392334,29.514999389648438,29.75,429600.0,29.75
2007-12-07,29.850000381469727,29.469999313354492,29.795000076293945,29.600000381469727,341000.0,29.600000381469727
2007-12-10,30.03499984741211,29.049999237060547,29.600000381469727,29.899999618530273,626800.0,29.899999618530273
2007-12-11,30.375,29.905000686645508,30.049999237060547,29.985000610351562,510600.0,29.985000610351562
2007-12-12,30.295000076293945,29.969999313354492,30.209999084472656,30.19499969482422,345000.0,30.19499969482422
2007-12-13,30.530000686645508,29.905000686645508,29.905000686645508,30.514999389648438,443600.0,30.514999389648438
2007-12-14,31.030000686645508,30.334999084472656,30.96500015258789,30.485000610351562,532000.0,30.485000610351562
2007-12-17,30.389999389648438,29.5,30.21500015258789,29.5049991607666,417800.0,29.5049991607666
2007-12-18,29.59000015258789,27.8799991607666,29.565000534057617,28.350000381469727,938400.0,28.350000381469727
2007-12-19,29.825000762939453,28.030000686645508,28.030000686645508,29.315000534057617,778800.0,29.315000534057617
2007-12-20,29.875,28.915000915527344,29.295000076293945,29.010000228881836,540600.0,29.010000228881836
2007-12-21,29.739999771118164,28.899999618530273,29.06999969482422,29.334999084472656,1045600.0,29.334999084472656
2007-12-24,29.815000534057617,29.280000686645508,29.450000762939453,29.739999771118164,129800.0,29.739999771118164
2007-12-26,29.954999923706055,29.280000686645508,29.885000228881836,29.639999389648438,257800.0,29.639999389648438
2007-12-27,29.864999771118164,29.079999923706055,29.635000228881836,29.760000228881836,408200.0,29.760000228881836
2007-12-28,29.75,28.989999771118164,29.75,29.219999313354492,358600.0,29.219999313354492
2007-12-31,29.600000381469727,28.93000030517578,28.93000030517578,29.315000534057617,329000.0,29.315000534057617
2008-01-02,29.549999237060547,28.75,29.110000610351562,29.09000015258789,515600.0,29.09000015258789
2008-01-03,29.520000457763672,29.184999465942383,29.264999389648438,29.5,406200.0,29.5
2008-01-04,29.9950008392334,28.625,29.5,28.68000030517578,653600.0,28.68000030517578
2008-01-07,29.520000457763672,28.725000381469727,28.725000381469727,29.44499969482422,495800.0,29.44499969482422
2008-01-08,30.375,29.309999465942383,29.309999465942383,29.75,803200.0,29.75
2008-01-09,30.190000534057617,29.625,29.795000076293945,29.825000762939453,853200.0,29.825000762939453
2008-01-10,30.5,29.40999984741211,29.450000762939453,30.19499969482422,636600.0,30.19499969482422
2008-01-11,30.239999771118164,29.485000610351562,30.06999969482422,29.90999984741211,868000.0,29.90999984741211
2008-01-14,30.34000015258789,29.700000762939453,29.90999984741211,30.225000381469727,581000.0,30.225000381469727
2008-01-15,30.825000762939453,29.674999237060547,30.165000915527344,30.69499969482422,680400.0,30.69499969482422
2008-01-16,30.93000030517578,29.940000534057617,30.7549991607666,30.084999084472656,1019400.0,30.084999084472656
2008-01-17,30.454999923706055,29.049999237060547,30.454999923706055,29.270000457763672,522800.0,29.270000457763672
2008-01-18,29.440000534057617,28.44499969482422,29.270000457763672,28.71500015258789,802400.0,28.71500015258789
2008-01-22,28.3700008392334,26.125,27.325000762939453,27.1299991607666,1216000.0,27.1299991607666
2008-01-23,27.510000228881836,25.68000030517578,26.559999465942383,26.94499969482422,945000.0,26.94499969482422
2008-01-24,28.545000076293945,26.829999923706055,27.135000228881836,27.799999237060547,1117600.0,27.799999237060547
2008-01-25,27.639999389648438,25.649999618530273,27.639999389648438,26.674999237060547,1870600.0,26.674999237060547
2008-01-28,26.959999084472656,25.940000534057617,26.514999389648438,26.875,856000.0,26.875
2008-01-29,28.155000686645508,26.625,26.875,27.875,1544200.0,27.875
2008-01-30,28.21500015258789,27.690000534057617,28.0,27.809999465942383,641200.0,27.809999465942383
2008-01-31,28.350000381469727,27.385000228881836,27.565000534057617,28.184999465942383,677000.0,28.184999465942383
2008-02-01,29.0,28.014999389648438,28.184999465942383,28.899999618530273,683400.0,28.899999618530273
2008-02-04,28.975000381469727,28.344999313354492,28.700000762939453,28.475000381469727,460800.0,28.475000381469727
2008-02-05,27.81999969482422,26.924999237060547,27.81999969482422,27.415000915527344,1101400.0,27.415000915527344
2008-02-06,27.899999618530273,27.25,27.5,27.55500030517578,533600.0,27.55500030517578
2008-02-07,28.149999618530273,27.274999618530273,27.614999771118164,28.09000015258789,630400.0,28.09000015258789
2008-02-08,28.114999771118164,27.34000015258789,27.829999923706055,27.59000015258789,618200.0,27.59000015258789
2008-02-11,28.475000381469727,27.274999618530273,27.780000686645508,28.364999771118164,617000.0,28.364999771118164
2008-02-12,28.614999771118164,28.045000076293945,28.149999618530273,28.469999313354492,369200.0,28.469999313354492
2008-02-13,28.875,28.405000686645508,28.799999237060547,28.55500030517578,385400.0,28.55500030517578
2008-02-14,28.75,28.459999084472656,28.700000762939453,28.475000381469727,340800.0,28.475000381469727
2008-02-15,28.549999237060547,27.7549991607666,28.260000228881836,27.915000915527344,438200.0,27.915000915527344
2008-02-19,28.940000534057617,28.0,28.06999969482422,28.375,490200.0,28.375
2008-02-20,28.184999465942383,27.5049991607666,28.084999084472656,27.670000076293945,682400.0,27.670000076293945
2008-02-21,28.09000015258789,27.559999465942383,27.809999465942383,27.760000228881836,567000.0,27.760000228881836
2008-02-22,27.78499984741211,27.155000686645508,27.614999771118164,27.524999618530273,430800.0,27.524999618530273
2008-02-25,28.274999618530273,27.545000076293945,27.684999465942383,27.875,549200.0,27.875
2008-02-26,28.110000610351562,27.46500015258789,27.844999313354492,28.049999237060547,502600.0,28.049999237060547
2008-02-27,28.174999237060547,27.625,28.174999237060547,27.94499969482422,293000.0,27.94499969482422
2008-02-28,28.670000076293945,27.614999771118164,27.834999084472656,28.604999542236328,786800.0,28.604999542236328
2008-02-29,28.30500030517578,27.625,28.25,27.735000610351562,576000.0,27.735000610351562
2008-03-03,27.575000762939453,26.8799991607666,27.565000534057617,27.084999084472656,662000.0,27.084999084472656
2008-03-04,27.329999923706055,26.469999313354492,26.8700008392334,26.81999969482422,948400.0,26.81999969482422
2008-03-05,27.020000457763672,26.385000228881836,26.6299991607666,26.520000457763672,477000.0,26.520000457763672
2008-03-06,26.674999237060547,26.104999542236328,26.31999969482422,26.18000030517578,401600.0,26.18000030517578
2008-03-07,26.280000686645508,25.90999984741211,26.18000030517578,26.209999084472656,385200.0,26.209999084472656
2008-03-10,26.065000534057617,24.2549991607666,25.950000762939453,24.860000610351562,1982600.0,24.860000610351562
2008-03-11,25.40999984741211,24.729999542236328,25.18000030517578,25.235000610351562,732800.0,25.235000610351562
2008-03-12,26.0,24.864999771118164,25.075000762939453,25.459999084472656,788000.0,25.459999084472656
2008-03-13,25.989999771118164,25.010000228881836,25.375,25.829999923706055,441400.0,25.829999923706055
2008-03-14,25.979999542236328,24.885000228881836,25.725000381469727,24.899999618530273,872400.0,24.899999618530273
2008-03-17,24.96500015258789,24.239999771118164,24.510000228881836,24.360000610351562,598600.0,24.360000610351562
2008-03-18,24.940000534057617,24.3799991607666,24.450000762939453,24.71500015258789,619200.0,24.71500015258789
2008-03-19,25.014999389648438,24.235000610351562,24.709999084472656,24.239999771118164,815000.0,24.239999771118164
2008-03-20,24.43000030517578,23.725000381469727,24.06999969482422,24.125,855600.0,24.125
2008-03-24,25.735000610351562,24.125,24.149999618530273,25.524999618530273,767800.0,25.524999618530273
2008-03-25,25.655000686645508,25.174999237060547,25.645000457763672,25.235000610351562,554600.0,25.235000610351562
2008-03-26,25.479999542236328,25.0049991607666,25.2549991607666,25.100000381469727,490000.0,25.100000381469727
2008-03-27,25.690000534057617,25.100000381469727,25.100000381469727,25.46500015258789,506800.0,25.46500015258789
2008-03-28,25.940000534057617,25.165000915527344,25.565000534057617,25.2450008392334,766200.0,25.2450008392334
2008-03-31,25.239999771118164,24.6200008392334,25.084999084472656,24.6299991607666,793400.0,24.6299991607666
2008-04-01,24.94499969482422,24.549999237060547,24.80500030517578,24.625,1170800.0,24.625
2008-04-02,26.075000762939453,24.5049991607666,24.524999618530273,25.344999313354492,1726400.0,25.344999313354492
2008-04-03,25.05500030517578,24.334999084472656,24.924999237060547,24.920000076293945,671400.0,24.920000076293945
2008-04-04,25.21500015258789,24.875,25.0,24.905000686645508,434400.0,24.905000686645508
2008-04-07,25.575000762939453,24.69499969482422,25.274999618530273,24.7450008392334,486000.0,24.7450008392334
2008-04-08,25.05500030517578,24.579999923706055,24.645000457763672,24.950000762939453,481400.0,24.950000762939453
2008-04-09,25.239999771118164,24.739999771118164,24.774999618530273,25.239999771118164,864200.0,25.239999771118164
2008-04-10,25.420000076293945,25.06999969482422,25.125,25.30500030517578,481400.0,25.30500030517578
2008-04-11,25.225000381469727,24.645000457763672,25.010000228881836,24.65999984741211,607600.0,24.65999984741211
2008-04-14,24.844999313354492,24.235000610351562,24.795000076293945,24.264999389648438,369200.0,24.264999389648438
2008-04-15,24.274999618530273,23.725000381469727,24.274999618530273,23.735000610351562,593200.0,23.735000610351562
2008-04-16,24.399999618530273,23.850000381469727,23.850000381469727,24.239999771118164,818200.0,24.239999771118164
2008-04-17,24.229999542236328,23.780000686645508,24.149999618530273,24.0,879000.0,24.0
2008-04-18,24.399999618530273,24.024999618530273,24.125,24.21500015258789,741600.0,24.21500015258789
2008-04-21,24.079999923706055,23.764999389648438,24.010000228881836,23.764999389648438,1023800.0,23.764999389648438
2008-04-22,23.950000762939453,23.3700008392334,23.75,23.489999771118164,874600.0,23.489999771118164
2008-04-23,23.854999542236328,23.354999542236328,23.434999465942383,23.799999237060547,920600.0,23.799999237060547
2008-04-24,25.829999923706055,23.5049991607666,23.799999237060547,25.1299991607666,1999000.0,25.1299991607666
2008-04-25,27.934999465942383,26.5,26.5,27.094999313354492,2167200.0,27.094999313354492
2008-04-28,27.315000534057617,26.264999389648438,27.219999313354492,26.55500030517578,804000.0,26.55500030517578
2008-04-29,26.950000762939453,26.209999084472656,26.424999237060547,26.315000534057617,1178600.0,26.315000534057617
2008-04-30,26.825000762939453,26.075000762939453,26.5,26.600000381469727,811400.0,26.600000381469727
2008-05-01,26.94499969482422,26.329999923706055,26.795000076293945,26.760000228881836,796400.0,26.760000228881836
2008-05-02,26.985000610351562,26.209999084472656,26.985000610351562,26.684999465942383,691000.0,26.684999465942383
2008-05-05,26.729999542236328,25.885000228881836,26.575000762939453,26.059999465942383,1202400.0,26.059999465942383
2008-05-06,26.55500030517578,25.575000762939453,26.0,26.290000915527344,1050800.0,26.290000915527344
2008-05-07,26.559999465942383,25.78499984741211,26.395000457763672,25.844999313354492,609000.0,25.844999313354492
2008-05-08,26.09000015258789,25.65999984741211,25.795000076293945,25.799999237060547,614400.0,25.799999237060547
2008-05-09,25.770000457763672,25.174999237060547,25.770000457763672,25.53499984741211,595800.0,25.53499984741211
2008-05-12,26.040000915527344,25.21500015258789,25.5049991607666,25.764999389648438,727000.0,25.764999389648438
2008-05-13,25.950000762939453,25.34000015258789,25.825000762939453,25.860000610351562,797000.0,25.860000610351562
2008-05-14,26.059999465942383,25.3700008392334,25.860000610351562,25.764999389648438,761400.0,25.764999389648438
2008-05-15,26.06999969482422,25.34000015258789,25.69499969482422,25.94499969482422,679600.0,25.94499969482422
2008-05-16,26.295000076293945,25.75,26.06999969482422,26.28499984741211,614200.0,26.28499984741211
2008-05-19,26.145000457763672,25.770000457763672,26.145000457763672,26.045000076293945,738000.0,26.045000076293945
2008-05-20,26.145000457763672,25.735000610351562,26.145000457763672,25.920000076293945,615000.0,25.920000076293945
2008-05-21,25.915000915527344,25.09000015258789,25.735000610351562,25.09000015258789,838600.0,25.09000015258789
2008-05-22,25.165000915527344,24.795000076293945,25.059999465942383,25.09000015258789,653400.0,25.09000015258789
2008-05-23,25.06999969482422,24.65999984741211,24.9950008392334,24.895000457763672,371800.0,24.895000457763672
2008-05-27,25.219999313354492,24.780000686645508,24.9950008392334,25.149999618530273,836000.0,25.149999618530273
2008-05-28,25.395000457763672,25.03499984741211,25.274999618530273,25.219999313354492,593400.0,25.219999313354492
2008-05-29,25.575000762939453,25.25,25.34000015258789,25.454999923706055,381600.0,25.454999923706055
2008-05-30,25.440000534057617,24.989999771118164,25.440000534057617,25.25,825600.0,25.25
2008-06-02,25.2549991607666,24.7549991607666,25.024999618530273,24.96500015258789,585800.0,24.96500015258789
2008-06-03,25.2549991607666,24.864999771118164,25.0,24.989999771118164,371800.0,24.989999771118164
2008-06-04,25.350000381469727,24.850000381469727,24.93000030517578,25.225000381469727,354400.0,25.225000381469727
2008-06-05,25.614999771118164,25.19499969482422,25.235000610351562,25.579999923706055,529400.0,25.579999923706055
2008-06-06,25.795000076293945,25.290000915527344,25.399999618530273,25.290000915527344,549800.0,25.290000915527344
2008-06-09,25.475000381469727,24.799999237060547,25.295000076293945,25.1200008392334,332400.0,25.1200008392334
2008-06-10,25.239999771118164,24.93000030517578,25.114999771118164,25.149999618530273,333200.0,25.149999618530273
2008-06-11,25.225000381469727,24.854999542236328,25.014999389648438,24.9950008392334,463000.0,24.9950008392334
2008-06-12,25.125,24.739999771118164,24.739999771118164,24.850000381469727,427600.0,24.850000381469727
2008-06-13,25.209999084472656,24.799999237060547,25.0,24.889999389648438,301600.0,24.889999389648438
2008-06-16,25.725000381469727,24.825000762939453,24.885000228881836,25.649999618530273,669200.0,25.649999618530273
2008-06-17,27.299999237060547,25.579999923706055,25.649999618530273,26.9950008392334,1384600.0,26.9950008392334
2008-06-18,27.329999923706055,25.975000381469727,26.969999313354492,26.21500015258789,994800.0,26.21500015258789
2008-06-19,26.6299991607666,25.864999771118164,26.075000762939453,26.594999313354492,502200.0,26.594999313354492
2008-06-20,26.59000015258789,25.940000534057617,26.59000015258789,26.204999923706055,1108400.0,26.204999923706055
2008-06-23,26.454999923706055,25.889999389648438,26.1299991607666,25.94499969482422,659400.0,25.94499969482422
2008-06-24,25.860000610351562,25.174999237060547,25.68000030517578,25.709999084472656,946600.0,25.709999084472656
2008-06-25,26.100000381469727,25.485000610351562,25.780000686645508,25.7549991607666,742400.0,25.7549991607666
2008-06-26,25.815000534057617,25.065000534057617,25.065000534057617,25.584999084472656,650800.0,25.584999084472656
2008-06-27,25.645000457763672,25.135000228881836,25.614999771118164,25.139999389648438,869400.0,25.139999389648438
2008-06-30,25.6200008392334,24.3700008392334,25.0,24.3700008392334,1442800.0,24.3700008392334
2008-07-01,25.15999984741211,24.3799991607666,24.844999313354492,24.690000534057617,2264200.0,24.690000534057617
2008-07-02,25.225000381469727,23.940000534057617,24.979999542236328,24.6299991607666,13043800.0,24.6299991607666
2008-07-03,25.040000915527344,24.375,24.81999969482422,24.584999084472656,1212200.0,24.584999084472656
2008-07-07,24.94499969482422,24.264999389648438,24.315000534057617,24.799999237060547,1370600.0,24.799999237060547
2008-07-08,25.510000228881836,24.78499984741211,24.78499984741211,25.30500030517578,1424200.0,25.30500030517578
2008-07-09,25.674999237060547,25.06999969482422,25.40999984741211,25.149999618530273,1388800.0,25.149999618530273
2008-07-10,25.600000381469727,24.725000381469727,25.219999313354492,25.200000762939453,1131400.0,25.200000762939453
2008-07-11,25.219999313354492,24.3799991607666,24.760000228881836,25.030000686645508,2244800.0,25.030000686645508
2008-07-14,25.03499984741211,24.190000534057617,25.030000686645508,24.655000686645508,1419400.0,24.655000686645508
2008-07-15,25.354999542236328,24.15999984741211,24.399999618530273,25.030000686645508,1430600.0,25.030000686645508
2008-07-16,25.969999313354492,24.825000762939453,25.0049991607666,25.795000076293945,1034000.0,25.795000076293945
2008-07-17,26.795000076293945,25.719999313354492,25.889999389648438,26.6200008392334,1323000.0,26.6200008392334
2008-07-18,26.934999465942383,26.454999923706055,26.75,26.59000015258789,578400.0,26.59000015258789
2008-07-21,26.850000381469727,25.834999084472656,26.579999923706055,25.934999465942383,901600.0,25.934999465942383
2008-07-22,26.18000030517578,25.684999465942383,25.81999969482422,26.09000015258789,1270000.0,26.09000015258789
2008-07-23,26.575000762939453,26.0049991607666,26.059999465942383,26.094999313354492,818000.0,26.094999313354492
2008-07-24,27.389999389648438,26.084999084472656,26.405000686645508,27.125,1560200.0,27.125
2008-07-25,26.774999618530273,24.825000762939453,25.059999465942383,25.200000762939453,2548600.0,25.200000762939453
2008-07-28,26.110000610351562,25.059999465942383,25.3700008392334,25.959999084472656,1410600.0,25.959999084472656
2008-07-29,26.28499984741211,25.684999465942383,26.094999313354492,26.1299991607666,1095200.0,26.1299991607666
2008-07-30,26.639999389648438,25.899999618530273,25.934999465942383,26.104999542236328,809400.0,26.104999542236328
2008-07-31,26.920000076293945,26.014999389648438,26.104999542236328,26.75,942000.0,26.75
2008-08-01,27.200000762939453,26.485000610351562,26.854999542236328,27.010000228881836,1188600.0,27.010000228881836
2008-08-04,27.1200008392334,26.594999313354492,26.799999237060547,26.625,614600.0,26.625
2008-08-05,27.18000030517578,26.614999771118164,26.645000457763672,27.075000762939453,731800.0,27.075000762939453
2008-08-06,27.264999389648438,26.93000030517578,26.9950008392334,27.149999618530273,498600.0,27.149999618530273
2008-08-07,27.450000762939453,26.65999984741211,27.010000228881836,26.959999084472656,542600.0,26.959999084472656
2008-08-08,27.844999313354492,27.020000457763672,27.06999969482422,27.5,653600.0,27.5
2008-08-11,28.190000534057617,27.420000076293945,27.579999923706055,28.084999084472656,729000.0,28.084999084472656
2008-08-12,28.475000381469727,27.760000228881836,27.985000610351562,28.299999237060547,788600.0,28.299999237060547
2008-08-13,28.889999389648438,28.03499984741211,28.174999237060547,28.780000686645508,1041800.0,28.780000686645508
2008-08-14,28.850000381469727,28.315000534057617,28.649999618530273,28.4950008392334,570600.0,28.4950008392334
2008-08-15,28.850000381469727,28.104999542236328,28.514999389648438,28.815000534057617,782800.0,28.815000534057617
2008-08-18,29.204999923706055,28.600000381469727,28.8700008392334,28.809999465942383,822000.0,28.809999465942383
2008-08-19,29.100000381469727,28.524999618530273,28.795000076293945,28.6299991607666,652000.0,28.6299991607666
2008-08-20,28.790000915527344,28.375,28.56999969482422,28.43000030517578,526800.0,28.43000030517578
2008-08-21,28.565000534057617,27.94499969482422,28.399999618530273,28.219999313354492,690200.0,28.219999313354492
2008-08-22,28.950000762939453,28.334999084472656,28.334999084472656,28.795000076293945,718800.0,28.795000076293945
2008-08-25,29.0,28.31999969482422,28.954999923706055,28.71500015258789,743000.0,28.71500015258789
2008-08-26,28.969999313354492,28.110000610351562,28.559999465942383,28.350000381469727,799000.0,28.350000381469727
2008-08-27,28.59000015258789,28.045000076293945,28.469999313354492,28.350000381469727,363200.0,28.350000381469727
2008-08-28,28.700000762939453,28.170000076293945,28.520000457763672,28.684999465942383,358800.0,28.684999465942383
2008-08-29,28.71500015258789,27.850000381469727,28.565000534057617,28.149999618530273,553800.0,28.149999618530273
2008-09-02,29.045000076293945,28.059999465942383,28.424999237060547,28.135000228881836,653000.0,28.135000228881836
2008-09-03,28.3799991607666,27.770000457763672,28.0,28.270000457763672,712600.0,28.270000457763672
2008-09-04,28.4950008392334,27.375,28.114999771118164,27.375,474000.0,27.375
2008-09-05,27.59000015258789,26.7549991607666,27.360000610351562,27.479999542236328,509400.0,27.479999542236328
2008-09-08,28.364999771118164,27.625,27.764999389648438,27.9950008392334,441200.0,27.9950008392334
2008-09-09,28.575000762939453,27.760000228881836,27.9950008392334,28.155000686645508,679400.0,28.155000686645508
2008-09-10,28.225000381469727,27.280000686645508,28.114999771118164,27.594999313354492,840200.0,27.594999313354492
2008-09-11,27.799999237060547,27.2450008392334,27.434999465942383,27.799999237060547,405600.0,27.799999237060547
2008-09-12,28.18000030517578,27.385000228881836,27.719999313354492,28.18000030517578,882200.0,28.18000030517578
2008-09-15,28.440000534057617,27.225000381469727,27.25,27.915000915527344,594400.0,27.915000915527344
2008-09-16,28.934999465942383,27.6299991607666,27.635000228881836,28.68000030517578,1093000.0,28.68000030517578
2008-09-17,28.905000686645508,27.614999771118164,28.450000762939453,28.110000610351562,775600.0,28.110000610351562
2008-09-18,30.135000228881836,27.864999771118164,28.485000610351562,29.725000381469727,1892800.0,29.725000381469727
2008-09-19,31.790000915527344,30.0,30.739999771118164,30.295000076293945,2043000.0,30.295000076293945
2008-09-22,30.584999084472656,29.56999969482422,30.149999618530273,29.75,519800.0,29.75
2008-09-23,30.5,29.415000915527344,29.690000534057617,29.559999465942383,1293000.0,29.559999465942383
2008-09-24,29.770000457763672,28.6299991607666,29.7549991607666,28.774999618530273,812600.0,28.774999618530273
2008-09-25,29.094999313354492,28.334999084472656,28.905000686645508,29.010000228881836,1052400.0,29.010000228881836
2008-09-26,29.0049991607666,28.350000381469727,28.729999542236328,28.65999984741211,688400.0,28.65999984741211
2008-09-29,28.450000762939453,26.764999389648438,28.125,27.014999389648438,638800.0,27.014999389648438
2008-09-30,27.834999084472656,26.454999923706055,27.704999923706055,27.399999618530273,1139200.0,27.399999618530273
2008-10-01,27.225000381469727,26.639999389648438,26.7549991607666,27.075000762939453,934600.0,27.075000762939453
2008-10-02,27.065000534057617,26.2450008392334,27.065000534057617,26.395000457763672,747200.0,26.395000457763672
2008-10-03,26.885000228881836,25.559999465942383,26.545000076293945,25.780000686645508,947800.0,25.780000686645508
2008-10-06,25.565000534057617,23.15999984741211,25.545000076293945,24.030000686645508,2045600.0,24.030000686645508
2008-10-07,25.165000915527344,23.5049991607666,25.165000915527344,23.709999084472656,1186200.0,23.709999084472656
2008-10-08,24.045000076293945,22.065000534057617,23.05500030517578,23.290000915527344,2113400.0,23.290000915527344
2008-10-09,24.854999542236328,22.104999542236328,23.5049991607666,22.104999542236328,1564200.0,22.104999542236328
2008-10-10,21.594999313354492,18.860000610351562,21.44499969482422,20.264999389648438,3216600.0,20.264999389648438
2008-10-13,22.094999313354492,20.575000762939453,20.864999771118164,22.0,1020200.0,22.0
2008-10-14,22.795000076293945,21.469999313354492,22.020000457763672,21.665000915527344,1477800.0,21.665000915527344
2008-10-15,22.239999771118164,19.875,21.454999923706055,19.934999465942383,1266200.0,19.934999465942383
2008-10-16,20.600000381469727,18.850000381469727,19.825000762939453,19.985000610351562,2241800.0,19.985000610351562
2008-10-17,21.315000534057617,19.010000228881836,19.649999618530273,20.665000915527344,1470400.0,20.665000915527344
2008-10-20,21.549999237060547,20.700000762939453,21.0,21.46500015258789,662200.0,21.46500015258789
2008-10-21,21.395000457763672,20.354999542236328,21.25,20.475000381469727,1464200.0,20.475000381469727
2008-10-22,20.149999618530273,19.139999389648438,20.094999313354492,19.385000228881836,1100600.0,19.385000228881836
2008-10-23,19.75,17.719999313354492,19.075000762939453,18.614999771118164,2267600.0,18.614999771118164
2008-10-24,17.604999542236328,12.055000305175781,13.774999618530273,15.90999984741211,7662800.0,15.90999984741211
2008-10-27,15.800000190734863,14.704999923706055,15.75,14.829999923706055,3952600.0,14.829999923706055
2008-10-28,16.94499969482422,14.949999809265137,15.09000015258789,16.885000228881836,5740000.0,16.885000228881836
2008-10-29,17.979999542236328,16.475000381469727,16.829999923706055,17.559999465942383,2272400.0,17.559999465942383
2008-10-30,17.9950008392334,17.34000015258789,17.9950008392334,17.579999923706055,1832400.0,17.579999923706055
2008-10-31,18.05500030517578,17.190000534057617,17.55500030517578,17.594999313354492,1794800.0,17.594999313354492
2008-11-03,18.25,17.225000381469727,17.3799991607666,18.059999465942383,1000000.0,18.059999465942383
2008-11-04,19.235000610351562,18.06999969482422,18.274999618530273,18.825000762939453,1506800.0,18.825000762939453
2008-11-05,19.09000015258789,18.06999969482422,18.600000381469727,18.1200008392334,1170400.0,18.1200008392334
2008-11-06,18.520000457763672,17.420000076293945,18.030000686645508,17.454999923706055,1432800.0,17.454999923706055
2008-11-07,18.040000915527344,17.360000610351562,17.614999771118164,18.0,753400.0,18.0
2008-11-10,18.405000686645508,17.229999542236328,18.014999389648438,17.3799991607666,842600.0,17.3799991607666
2008-11-11,17.200000762939453,16.290000915527344,17.200000762939453,16.594999313354492,1085800.0,16.594999313354492
2008-11-12,16.799999237060547,15.949999809265137,16.315000534057617,15.994999885559082,1565600.0,15.994999885559082
2008-11-13,17.274999618530273,15.875,16.020000457763672,17.270000457763672,2082200.0,17.270000457763672
2008-11-14,17.625,16.125,17.040000915527344,16.46500015258789,1819400.0,16.46500015258789
2008-11-17,16.899999618530273,15.789999961853027,16.31999969482422,15.805000305175781,1953400.0,15.805000305175781
2008-11-18,16.03499984741211,15.489999771118164,15.819999694824219,15.925000190734863,1598800.0,15.925000190734863
2008-11-19,16.4950008392334,15.359999656677246,15.890000343322754,15.364999771118164,1673000.0,15.364999771118164
2008-11-20,15.404999732971191,13.585000038146973,15.25,13.720000267028809,3269400.0,13.720000267028809
2008-11-21,14.425000190734863,13.40999984741211,14.015000343322754,14.270000457763672,2267600.0,14.270000457763672
2008-11-24,15.125,14.40999984741211,14.40999984741211,14.960000038146973,1262200.0,14.960000038146973
2008-11-25,15.175000190734863,14.305000305175781,15.175000190734863,14.670000076293945,1517200.0,14.670000076293945
2008-11-26,15.274999618530273,14.279999732971191,14.4399995803833,15.229999542236328,1312000.0,15.229999542236328
2008-11-28,15.454999923706055,14.75,15.104999542236328,15.454999923706055,594800.0,15.454999923706055
2008-12-01,14.579999923706055,13.975000381469727,14.5,14.005000114440918,1763400.0,14.005000114440918
2008-12-02,14.710000038146973,13.975000381469727,14.180000305175781,14.680000305175781,1774800.0,14.680000305175781
2008-12-03,14.859999656677246,13.970000267028809,14.399999618530273,14.680000305175781,1467800.0,14.680000305175781
2008-12-04,14.755000114440918,13.550000190734863,14.399999618530273,13.8100004196167,1731400.0,13.8100004196167
2008-12-05,14.430000305175781,13.369999885559082,13.585000038146973,14.414999961853027,2118200.0,14.414999961853027
2008-12-08,15.25,14.625,14.649999618530273,15.199999809265137,1355400.0,15.199999809265137
2008-12-09,15.710000038146973,14.954999923706055,15.220000267028809,15.164999961853027,1946000.0,15.164999961853027
2008-12-10,15.984999656677246,15.020000457763672,15.255000114440918,15.755000114440918,1116200.0,15.755000114440918
2008-12-11,16.084999084472656,15.399999618530273,15.510000228881836,15.609999656677246,1553400.0,15.609999656677246
2008-12-12,15.729999542236328,14.699999809265137,15.21500015258789,15.654999732971191,1475800.0,15.654999732971191
2008-12-15,15.84000015258789,15.25,15.675000190734863,15.460000038146973,1301600.0,15.460000038146973
2008-12-16,16.540000915527344,15.449999809265137,15.475000381469727,16.5,1149400.0,16.5
2008-12-17,17.43000030517578,16.045000076293945,16.450000762939453,17.354999542236328,1915800.0,17.354999542236328
2008-12-18,17.655000686645508,17.045000076293945,17.44499969482422,17.350000381469727,1243800.0,17.350000381469727
2008-12-19,17.915000915527344,17.049999237060547,17.55500030517578,17.170000076293945,1237400.0,17.170000076293945
2008-12-22,17.53499984741211,16.524999618530273,17.209999084472656,16.885000228881836,856000.0,16.885000228881836
2008-12-23,17.184999465942383,16.5049991607666,16.889999389648438,16.895000457763672,694600.0,16.895000457763672
2008-12-24,17.079999923706055,16.7450008392334,16.90999984741211,17.010000228881836,165400.0,17.010000228881836
2008-12-26,17.34000015258789,16.854999542236328,17.049999237060547,17.209999084472656,198000.0,17.209999084472656
2008-12-29,17.264999389648438,16.600000381469727,17.264999389648438,16.959999084472656,421600.0,16.959999084472656
2008-12-30,17.899999618530273,16.565000534057617,17.024999618530273,17.844999313354492,795000.0,17.844999313354492
2008-12-31,18.229999542236328,17.389999389648438,17.834999084472656,18.040000915527344,1064000.0,18.040000915527344
2009-01-02,18.3799991607666,17.6200008392334,18.1200008392334,18.295000076293945,771200.0,18.295000076293945
2009-01-05,18.334999084472656,17.290000915527344,18.25,17.395000457763672,1241000.0,17.395000457763672
2009-01-06,16.684999465942383,15.539999961853027,15.899999618530273,16.4950008392334,2865000.0,16.4950008392334
2009-01-07,16.655000686645508,15.895000457763672,16.53499984741211,16.1200008392334,1752800.0,16.1200008392334
2009-01-08,16.43000030517578,15.550000190734863,16.25,15.75,1582000.0,15.75
2009-01-09,15.845000267028809,15.270000457763672,15.789999961853027,15.350000381469727,1216800.0,15.350000381469727
2009-01-12,15.460000038146973,14.829999923706055,15.244999885559082,15.024999618530273,1693200.0,15.024999618530273
2009-01-13,15.484999656677246,14.854999542236328,15.045000076293945,15.350000381469727,1598000.0,15.350000381469727
2009-01-14,15.170000076293945,14.805000305175781,15.114999771118164,14.979999542236328,1750600.0,14.979999542236328
2009-01-15,15.579999923706055,14.875,15.0,15.475000381469727,1908800.0,15.475000381469727
2009-01-16,15.859999656677246,15.225000381469727,15.5,15.744999885559082,1428600.0,15.744999885559082
2009-01-20,16.114999771118164,15.654999732971191,15.680000305175781,15.6899995803833,2778000.0,15.6899995803833
2009-01-21,16.15999984741211,15.75,15.835000038146973,16.09000015258789,1905200.0,16.09000015258789
2009-01-22,16.045000076293945,15.550000190734863,15.960000038146973,15.765000343322754,1340000.0,15.765000343322754
2009-01-23,15.760000228881836,15.295000076293945,15.585000038146973,15.600000381469727,956000.0,15.600000381469727
2009-01-26,16.264999389648438,15.550000190734863,15.595000267028809,15.625,1507600.0,15.625
2009-01-27,15.944999694824219,15.539999961853027,15.75,15.760000228881836,1369200.0,15.760000228881836
2009-01-28,16.225000381469727,15.9350004196167,16.045000076293945,16.059999465942383,1248200.0,16.059999465942383
2009-01-29,16.075000762939453,15.59000015258789,15.925000190734863,15.670000076293945,1810000.0,15.670000076293945
2009-01-30,16.75,15.699999809265137,15.944999694824219,16.399999618530273,4220800.0,16.399999618530273
2009-02-02,16.344999313354492,16.075000762939453,16.239999771118164,16.28499984741211,1939200.0,16.28499984741211
2009-02-03,16.360000610351562,16.05500030517578,16.274999618530273,16.295000076293945,1817400.0,16.295000076293945
2009-02-04,16.625,16.135000228881836,16.274999618530273,16.405000686645508,1232200.0,16.405000686645508
2009-02-05,16.815000534057617,16.264999389648438,16.334999084472656,16.6200008392334,1024200.0,16.6200008392334
2009-02-06,17.479999542236328,16.670000076293945,16.709999084472656,17.350000381469727,2007800.0,17.350000381469727
2009-02-09,17.530000686645508,17.235000610351562,17.235000610351562,17.295000076293945,1303000.0,17.295000076293945
2009-02-10,17.459999084472656,16.739999771118164,17.264999389648438,16.780000686645508,921200.0,16.780000686645508
2009-02-11,17.114999771118164,16.75,16.93000030517578,17.0,647200.0,17.0
2009-02-12,17.329999923706055,16.594999313354492,16.829999923706055,17.295000076293945,925200.0,17.295000076293945
2009-02-13,17.459999084472656,17.1299991607666,17.375,17.184999465942383,953600.0,17.184999465942383
2009-02-17,16.875,16.405000686645508,16.78499984741211,16.614999771118164,1424200.0,16.614999771118164
2009-02-18,16.875,16.424999237060547,16.78499984741211,16.5,914000.0,16.5
2009-02-19,16.71500015258789,16.260000228881836,16.6200008392334,16.28499984741211,838800.0,16.28499984741211
2009-02-20,16.389999389648438,16.0,16.229999542236328,16.18000030517578,1347200.0,16.18000030517578
2009-02-23,16.325000762939453,15.104999542236328,16.2450008392334,15.204999923706055,1900200.0,15.204999923706055
2009-02-24,16.06999969482422,15.359999656677246,15.375,15.925000190734863,1121600.0,15.925000190734863
2009-02-25,15.930000305175781,15.449999809265137,15.795000076293945,15.675000190734863,961400.0,15.675000190734863
2009-02-26,15.895000457763672,15.239999771118164,15.864999771118164,15.3100004196167,1328400.0,15.3100004196167
2009-02-27,15.420000076293945,14.845000267028809,15.145000457763672,15.050000190734863,1405800.0,15.050000190734863
2009-03-02,15.114999771118164,13.859999656677246,14.9399995803833,13.925000190734863,1465000.0,13.925000190734863
2009-03-03,14.489999771118164,13.84000015258789,13.970000267028809,14.359999656677246,2029800.0,14.359999656677246
2009-03-04,15.0600004196167,14.270000457763672,14.46500015258789,14.895000457763672,1502000.0,14.895000457763672
2009-03-05,14.920000076293945,14.375,14.625,14.539999961853027,1072200.0,14.539999961853027
2009-03-06,14.710000038146973,14.260000228881836,14.585000038146973,14.614999771118164,1471400.0,14.614999771118164
2009-03-09,14.854999542236328,14.149999618530273,14.444999694824219,14.295000076293945,1181000.0,14.295000076293945
2009-03-10,15.045000076293945,14.305000305175781,14.539999961853027,15.024999618530273,1345200.0,15.024999618530273
2009-03-11,15.319999694824219,14.725000381469727,15.020000457763672,14.829999923706055,834800.0,14.829999923706055
2009-03-12,15.78499984741211,14.635000228881836,14.869999885559082,15.6850004196167,945000.0,15.6850004196167
2009-03-13,15.925000190734863,15.5600004196167,15.6850004196167,15.850000381469727,626000.0,15.850000381469727
2009-03-16,16.329999923706055,15.835000038146973,15.960000038146973,15.880000114440918,671000.0,15.880000114440918
2009-03-17,16.545000076293945,15.78499984741211,15.920000076293945,16.545000076293945,730800.0,16.545000076293945
2009-03-18,17.204999923706055,16.385000228881836,16.450000762939453,16.979999542236328,618400.0,16.979999542236328
2009-03-19,17.174999237060547,16.405000686645508,17.03499984741211,16.725000381469727,688400.0,16.725000381469727
2009-03-20,17.024999618530273,16.114999771118164,16.770000457763672,16.280000686645508,914200.0,16.280000686645508
2009-03-23,17.190000534057617,16.309999465942383,16.329999923706055,17.125,695400.0,17.125
2009-03-24,17.7549991607666,16.655000686645508,16.850000381469727,17.524999618530273,1060400.0,17.524999618530273
2009-03-25,18.299999237060547,17.5,17.5,18.094999313354492,1347200.0,18.094999313354492
2009-03-26,18.44499969482422,17.71500015258789,17.905000686645508,18.020000457763672,1760000.0,18.020000457763672
2009-03-27,18.045000076293945,17.6200008392334,17.905000686645508,17.735000610351562,783200.0,17.735000610351562
2009-03-30,17.674999237060547,17.045000076293945,17.674999237060547,17.315000534057617,1584400.0,17.315000534057617
2009-03-31,18.30500030517578,17.229999542236328,17.53499984741211,17.290000915527344,1408000.0,17.290000915527344
2009-04-01,17.545000076293945,16.53499984741211,17.094999313354492,17.354999542236328,1635200.0,17.354999542236328
2009-04-02,17.770000457763672,17.485000610351562,17.485000610351562,17.579999923706055,2310800.0,17.579999923706055
2009-04-03,18.125,17.239999771118164,17.6299991607666,18.1200008392334,1200600.0,18.1200008392334
2009-04-06,18.690000534057617,18.03499984741211,18.03499984741211,18.34000015258789,644200.0,18.34000015258789
2009-04-07,18.350000381469727,17.825000762939453,18.014999389648438,18.1299991607666,656600.0,18.1299991607666
2009-04-08,18.475000381469727,18.114999771118164,18.475000381469727,18.295000076293945,797800.0,18.295000076293945
2009-04-09,19.0049991607666,18.6200008392334,18.655000686645508,18.96500015258789,525600.0,18.96500015258789
2009-04-13,19.0,18.579999923706055,18.739999771118164,18.809999465942383,763600.0,18.809999465942383
2009-04-14,18.985000610351562,18.65999984741211,18.684999465942383,18.815000534057617,880600.0,18.815000534057617
2009-04-15,18.94499969482422,18.329999923706055,18.844999313354492,18.645000457763672,1282400.0,18.645000457763672
2009-04-16,19.424999237060547,18.844999313354492,18.844999313354492,19.334999084472656,960800.0,19.334999084472656
2009-04-17,19.575000762939453,19.110000610351562,19.395000457763672,19.385000228881836,1253600.0,19.385000228881836
2009-04-20,19.34000015258789,18.959999084472656,19.125,18.96500015258789,1010800.0,18.96500015258789
2009-04-21,19.204999923706055,18.6299991607666,18.959999084472656,18.7549991607666,798200.0,18.7549991607666
2009-04-22,19.395000457763672,18.520000457763672,18.565000534057617,19.229999542236328,1103800.0,19.229999542236328
2009-04-23,19.395000457763672,18.59000015258789,19.375,19.125,1387400.0,19.125
2009-04-24,20.31999969482422,19.014999389648438,19.014999389648438,19.90999984741211,3172200.0,19.90999984741211
2009-04-27,20.2450008392334,19.674999237060547,19.674999237060547,19.795000076293945,1168600.0,19.795000076293945
2009-04-28,20.145000457763672,19.614999771118164,19.625,19.7450008392334,1255600.0,19.7450008392334
2009-04-29,20.100000381469727,19.68000030517578,19.950000762939453,19.8799991607666,1111200.0,19.8799991607666
2009-04-30,20.235000610351562,19.645000457763672,20.049999237060547,19.649999618530273,1188600.0,19.649999618530273
2009-05-01,20.040000915527344,19.075000762939453,19.690000534057617,19.700000762939453,1131800.0,19.700000762939453
2009-05-04,19.934999465942383,19.55500030517578,19.674999237060547,19.934999465942383,851400.0,19.934999465942383
2009-05-05,20.5,19.7450008392334,19.75,20.469999313354492,895400.0,20.469999313354492
2009-05-06,20.764999389648438,20.149999618530273,20.600000381469727,20.665000915527344,1046800.0,20.665000915527344
2009-05-07,21.674999237060547,20.71500015258789,20.71500015258789,21.44499969482422,1722200.0,21.44499969482422
2009-05-08,22.05500030517578,21.6299991607666,21.7450008392334,21.889999389648438,1070000.0,21.889999389648438
2009-05-11,21.84000015258789,21.065000534057617,21.549999237060547,21.125,1123600.0,21.125
2009-05-12,21.735000610351562,21.190000534057617,21.735000610351562,21.3700008392334,765600.0,21.3700008392334
2009-05-13,21.190000534057617,20.334999084472656,21.184999465942383,20.424999237060547,1079400.0,20.424999237060547
2009-05-14,20.670000076293945,20.079999923706055,20.540000915527344,20.5049991607666,886400.0,20.5049991607666
2009-05-15,20.719999313354492,20.2549991607666,20.485000610351562,20.399999618530273,915400.0,20.399999618530273
2009-05-18,20.684999465942383,20.2450008392334,20.489999771118164,20.56999969482422,778200.0,20.56999969482422
2009-05-19,20.975000381469727,20.454999923706055,20.604999542236328,20.8799991607666,744200.0,20.8799991607666
2009-05-20,21.2450008392334,20.735000610351562,20.915000915527344,20.764999389648438,486000.0,20.764999389648438
2009-05-21,20.815000534057617,19.985000610351562,20.764999389648438,20.110000610351562,919400.0,20.110000610351562
2009-05-22,20.479999542236328,20.110000610351562,20.264999389648438,20.170000076293945,309000.0,20.170000076293945
2009-05-26,20.969999313354492,20.0,20.0,20.959999084472656,761600.0,20.959999084472656
2009-05-27,21.485000610351562,20.71500015258789,20.84000015258789,20.9950008392334,703000.0,20.9950008392334
2009-05-28,21.475000381469727,21.03499984741211,21.110000610351562,21.149999618530273,870400.0,21.149999618530273
2009-05-29,21.114999771118164,20.764999389648438,21.05500030517578,21.0,2207200.0,21.0
2009-06-01,22.06999969482422,21.170000076293945,21.170000076293945,21.905000686645508,966000.0,21.905000686645508
2009-06-02,23.25,21.68000030517578,21.68000030517578,23.030000686645508,1385200.0,23.030000686645508
2009-06-03,23.450000762939453,22.684999465942383,22.684999465942383,23.424999237060547,1193800.0,23.424999237060547
2009-06-04,23.40999984741211,22.469999313354492,23.239999771118164,22.625,990200.0,22.625
2009-06-05,23.094999313354492,22.290000915527344,22.760000228881836,22.53499984741211,630000.0,22.53499984741211
2009-06-08,22.55500030517578,22.094999313354492,22.295000076293945,22.229999542236328,827000.0,22.229999542236328
2009-06-09,22.59000015258789,22.149999618530273,22.315000534057617,22.399999618530273,608400.0,22.399999618530273
2009-06-10,22.594999313354492,22.174999237060547,22.469999313354492,22.290000915527344,820400.0,22.290000915527344
2009-06-11,22.90999984741211,22.30500030517578,22.30500030517578,22.809999465942383,376800.0,22.809999465942383
2009-06-12,23.405000686645508,22.6299991607666,22.639999389648438,23.2549991607666,615000.0,23.2549991607666
2009-06-15,22.834999084472656,21.610000610351562,22.670000076293945,22.655000686645508,1031400.0,22.655000686645508
2009-06-16,23.014999389648438,22.260000228881836,22.7450008392334,22.28499984741211,691200.0,22.28499984741211
2009-06-17,22.864999771118164,22.329999923706055,22.329999923706055,22.545000076293945,469200.0,22.545000076293945
2009-06-18,22.760000228881836,22.454999923706055,22.489999771118164,22.655000686645508,379800.0,22.655000686645508
2009-06-19,22.920000076293945,22.34000015258789,22.920000076293945,22.434999465942383,821600.0,22.434999465942383
2009-06-22,22.46500015258789,21.8799991607666,22.325000762939453,21.969999313354492,884600.0,21.969999313354492
2009-06-23,21.979999542236328,21.690000534057617,21.829999923706055,21.81999969482422,531400.0,21.81999969482422
2009-06-24,22.135000228881836,21.645000457763672,21.950000762939453,22.045000076293945,457400.0,22.045000076293945
2009-06-25,23.094999313354492,21.860000610351562,21.885000228881836,23.045000076293945,916800.0,23.045000076293945
2009-06-26,23.225000381469727,22.604999542236328,23.0049991607666,23.059999465942383,718800.0,23.059999465942383
2009-06-29,23.225000381469727,22.780000686645508,23.059999465942383,23.065000534057617,271800.0,23.065000534057617
2009-06-30,23.30500030517578,22.934999465942383,23.149999618530273,23.100000381469727,727800.0,23.100000381469727
2009-07-01,23.375,22.825000762939453,23.274999618530273,22.895000457763672,611000.0,22.895000457763672
2009-07-02,23.05500030517578,22.15999984741211,22.725000381469727,22.395000457763672,632600.0,22.395000457763672
2009-07-06,22.709999084472656,22.200000762939453,22.200000762939453,22.5,592800.0,22.5
2009-07-07,23.1299991607666,22.274999618530273,22.274999618530273,22.940000534057617,1503800.0,22.940000534057617
2009-07-08,23.645000457763672,22.760000228881836,23.020000457763672,22.989999771118164,1310200.0,22.989999771118164
2009-07-09,23.1299991607666,22.344999313354492,23.0,22.459999084472656,374200.0,22.459999084472656
2009-07-10,22.68000030517578,21.9950008392334,22.424999237060547,22.084999084472656,755400.0,22.084999084472656
2009-07-13,22.44499969482422,21.735000610351562,22.165000915527344,22.155000686645508,642000.0,22.155000686645508
2009-07-14,22.375,21.940000534057617,22.209999084472656,22.040000915527344,596600.0,22.040000915527344
2009-07-15,22.639999389648438,22.094999313354492,22.354999542236328,22.4950008392334,607200.0,22.4950008392334
2009-07-16,23.03499984741211,22.3700008392334,22.3700008392334,22.969999313354492,574200.0,22.969999313354492
2009-07-17,23.18000030517578,22.59000015258789,22.96500015258789,22.954999923706055,869200.0,22.954999923706055
2009-07-20,23.100000381469727,22.704999923706055,22.959999084472656,23.024999618530273,500200.0,23.024999618530273
2009-07-21,23.325000762939453,23.03499984741211,23.079999923706055,23.18000030517578,875000.0,23.18000030517578
2009-07-22,23.479999542236328,22.610000610351562,23.030000686645508,22.719999313354492,914200.0,22.719999313354492
2009-07-23,24.0,22.760000228881836,22.770000457763672,23.9950008392334,1479400.0,23.9950008392334
2009-07-24,25.204999923706055,22.799999237060547,22.799999237060547,25.149999618530273,2171800.0,25.149999618530273
2009-07-27,25.395000457763672,24.6299991607666,25.09000015258789,24.9950008392334,687400.0,24.9950008392334
2009-07-28,25.25,24.46500015258789,24.684999465942383,24.594999313354492,647200.0,24.594999313354492
2009-07-29,25.03499984741211,24.28499984741211,24.395000457763672,24.899999618530273,714000.0,24.899999618530273
2009-07-30,25.264999389648438,24.645000457763672,24.899999618530273,25.145000457763672,787200.0,25.145000457763672
2009-07-31,25.454999923706055,24.815000534057617,25.0,24.90999984741211,680200.0,24.90999984741211
2009-08-03,25.190000534057617,24.5,25.190000534057617,24.790000915527344,914000.0,24.790000915527344
2009-08-04,25.399999618530273,24.75,24.75,25.395000457763672,474200.0,25.395000457763672
2009-08-05,25.719999313354492,24.934999465942383,25.360000610351562,25.375,696400.0,25.375
2009-08-06,25.4950008392334,24.959999084472656,25.3799991607666,25.100000381469727,443600.0,25.100000381469727
2009-08-07,25.75,25.03499984741211,25.469999313354492,25.485000610351562,273400.0,25.485000610351562
2009-08-10,25.614999771118164,25.209999084472656,25.290000915527344,25.475000381469727,295600.0,25.475000381469727
2009-08-11,25.44499969482422,25.0,25.229999542236328,25.190000534057617,376400.0,25.190000534057617
2009-08-12,25.700000762939453,25.0049991607666,25.190000534057617,25.219999313354492,738400.0,25.219999313354492
2009-08-13,25.415000915527344,25.149999618530273,25.395000457763672,25.350000381469727,334400.0,25.350000381469727
2009-08-14,25.594999313354492,24.81999969482422,25.19499969482422,25.21500015258789,361400.0,25.21500015258789
2009-08-17,25.385000228881836,24.774999618530273,25.014999389648438,24.854999542236328,367600.0,24.854999542236328
2009-08-18,25.170000076293945,24.649999618530273,25.020000457763672,24.96500015258789,493800.0,24.96500015258789
2009-08-19,25.2549991607666,24.75,24.815000534057617,25.225000381469727,294600.0,25.225000381469727
2009-08-20,25.3700008392334,24.899999618530273,25.06999969482422,25.290000915527344,341000.0,25.290000915527344
2009-08-21,25.719999313354492,25.295000076293945,25.53499984741211,25.364999771118164,487200.0,25.364999771118164
2009-08-24,25.489999771118164,25.280000686645508,25.360000610351562,25.424999237060547,511400.0,25.424999237060547
2009-08-25,26.0,25.299999237060547,25.46500015258789,25.579999923706055,798800.0,25.579999923706055
2009-08-26,26.0,25.459999084472656,25.6299991607666,25.530000686645508,491800.0,25.530000686645508
2009-08-27,25.969999313354492,25.2549991607666,25.395000457763672,25.719999313354492,351000.0,25.719999313354492
2009-08-28,25.989999771118164,25.260000228881836,25.94499969482422,25.5,333800.0,25.5
2009-08-31,25.649999618530273,25.09000015258789,25.469999313354492,25.3799991607666,423800.0,25.3799991607666
2009-09-01,25.7549991607666,24.670000076293945,25.190000534057617,24.704999923706055,780800.0,24.704999923706055
2009-09-02,25.010000228881836,24.604999542236328,24.604999542236328,24.674999237060547,405000.0,24.674999237060547
2009-09-03,24.825000762939453,24.344999313354492,24.709999084472656,24.709999084472656,374600.0,24.709999084472656
2009-09-04,25.145000457763672,24.549999237060547,24.709999084472656,25.045000076293945,153400.0,25.045000076293945
2009-09-08,25.18000030517578,24.684999465942383,25.020000457763672,25.059999465942383,229800.0,25.059999465942383
2009-09-09,25.9950008392334,24.979999542236328,24.979999542236328,25.655000686645508,284400.0,25.655000686645508
2009-09-10,25.915000915527344,25.454999923706055,25.719999313354492,25.899999618530273,222200.0,25.899999618530273
2009-09-11,26.235000610351562,25.795000076293945,25.864999771118164,26.079999923706055,240000.0,26.079999923706055
2009-09-14,26.4950008392334,25.760000228881836,25.790000915527344,26.434999465942383,297000.0,26.434999465942383
2009-09-15,26.579999923706055,26.225000381469727,26.354999542236328,26.5,230200.0,26.5
2009-09-16,27.024999618530273,26.4950008392334,26.5049991607666,27.024999618530273,276800.0,27.024999618530273
2009-09-17,27.170000076293945,26.594999313354492,26.915000915527344,26.924999237060547,282600.0,26.924999237060547
2009-09-18,27.104999542236328,26.844999313354492,26.975000381469727,26.899999618530273,758400.0,26.899999618530273
2009-09-21,27.559999465942383,26.670000076293945,26.7549991607666,27.475000381469727,421200.0,27.475000381469727
2009-09-22,27.450000762939453,26.635000228881836,27.450000762939453,26.704999923706055,478000.0,26.704999923706055
2009-09-23,26.834999084472656,25.885000228881836,26.834999084472656,25.885000228881836,480200.0,25.885000228881836
2009-09-24,26.020000457763672,25.110000610351562,25.924999237060547,25.25,539000.0,25.25
2009-09-25,25.2450008392334,24.934999465942383,25.174999237060547,25.020000457763672,288600.0,25.020000457763672
2009-09-28,25.889999389648438,25.1299991607666,25.170000076293945,25.799999237060547,357600.0,25.799999237060547
2009-09-29,25.975000381469727,25.399999618530273,25.905000686645508,25.700000762939453,471400.0,25.700000762939453
2009-09-30,25.709999084472656,24.84000015258789,25.594999313354492,25.0,672800.0,25.0
2009-10-01,24.989999771118164,24.065000534057617,24.834999084472656,24.15999984741211,685000.0,24.15999984741211
2009-10-02,24.46500015258789,23.899999618530273,24.079999923706055,24.020000457763672,366200.0,24.020000457763672
2009-10-05,24.549999237060547,23.760000228881836,24.165000915527344,24.28499984741211,488600.0,24.28499984741211
2009-10-06,24.8799991607666,24.075000762939453,24.364999771118164,24.809999465942383,240400.0,24.809999465942383
2009-10-07,25.040000915527344,24.405000686645508,24.684999465942383,25.014999389648438,348200.0,25.014999389648438
2009-10-08,25.260000228881836,24.579999923706055,25.040000915527344,25.19499969482422,467000.0,25.19499969482422
2009-10-09,25.270000457763672,25.079999923706055,25.079999923706055,25.2450008392334,159200.0,25.2450008392334
2009-10-12,25.360000610351562,24.875,25.299999237060547,25.0,217200.0,25.0
2009-10-13,25.024999618530273,24.645000457763672,24.895000457763672,24.770000457763672,406200.0,24.770000457763672
2009-10-14,25.334999084472656,24.709999084472656,24.924999237060547,25.200000762939453,689200.0,25.200000762939453
2009-10-15,25.475000381469727,25.0049991607666,25.075000762939453,25.424999237060547,419600.0,25.424999237060547
2009-10-16,25.704999923706055,25.219999313354492,25.31999969482422,25.575000762939453,348400.0,25.575000762939453
2009-10-19,26.15999984741211,25.604999542236328,25.68000030517578,26.03499984741211,480400.0,26.03499984741211
2009-10-20,26.145000457763672,25.795000076293945,25.985000610351562,25.899999618530273,492800.0,25.899999618530273
2009-10-21,26.309999465942383,25.780000686645508,25.780000686645508,25.795000076293945,507600.0,25.795000076293945
2009-10-22,26.5,25.485000610351562,25.709999084472656,26.299999237060547,491600.0,26.299999237060547
2009-10-23,27.375,25.979999542236328,27.375,27.190000534057617,1526000.0,27.190000534057617
2009-10-26,27.844999313354492,26.760000228881836,27.155000686645508,27.075000762939453,1284200.0,27.075000762939453
2009-10-27,27.399999618530273,26.770000457763672,27.059999465942383,26.985000610351562,565200.0,26.985000610351562
2009-10-28,27.084999084472656,26.68000030517578,27.059999465942383,26.809999465942383,729000.0,26.809999465942383
2009-10-29,26.860000610351562,26.3799991607666,26.860000610351562,26.389999389648438,595400.0,26.389999389648438
2009-10-30,26.434999465942383,25.559999465942383,26.31999969482422,25.559999465942383,557000.0,25.559999465942383
2009-11-02,25.729999542236328,25.125,25.729999542236328,25.450000762939453,663800.0,25.450000762939453
2009-11-03,25.670000076293945,25.239999771118164,25.395000457763672,25.475000381469727,578200.0,25.475000381469727
2009-11-04,25.829999923706055,25.299999237060547,25.625,25.31999969482422,353400.0,25.31999969482422
2009-11-05,25.825000762939453,25.475000381469727,25.604999542236328,25.825000762939453,442600.0,25.825000762939453
2009-11-06,26.0,25.459999084472656,25.719999313354492,25.899999618530273,203000.0,25.899999618530273
2009-11-09,26.360000610351562,26.0049991607666,26.0049991607666,26.165000915527344,294800.0,26.165000915527344
2009-11-10,26.665000915527344,25.7450008392334,25.979999542236328,26.405000686645508,593000.0,26.405000686645508
2009-11-11,26.524999618530273,26.020000457763672,26.424999237060547,26.239999771118164,314200.0,26.239999771118164
2009-11-12,26.21500015258789,25.649999618530273,26.184999465942383,25.80500030517578,295800.0,25.80500030517578
2009-11-13,26.360000610351562,25.75,25.959999084472656,26.125,184400.0,26.125
2009-11-16,26.735000610351562,25.940000534057617,26.05500030517578,26.575000762939453,273600.0,26.575000762939453
2009-11-17,26.65999984741211,26.19499969482422,26.329999923706055,26.65999984741211,253600.0,26.65999984741211
2009-11-18,26.665000915527344,26.219999313354492,26.579999923706055,26.424999237060547,291600.0,26.424999237060547
2009-11-19,26.31999969482422,25.290000915527344,26.190000534057617,25.75,469600.0,25.75
2009-11-20,25.584999084472656,25.155000686645508,25.510000228881836,25.364999771118164,271600.0,25.364999771118164
2009-11-23,26.094999313354492,25.459999084472656,25.545000076293945,25.6200008392334,360000.0,25.6200008392334
2009-11-24,25.915000915527344,25.28499984741211,25.674999237060547,25.290000915527344,731600.0,25.290000915527344
2009-11-25,25.5,25.135000228881836,25.325000762939453,25.454999923706055,957600.0,25.454999923706055
2009-11-27,25.475000381469727,24.6299991607666,25.03499984741211,25.459999084472656,522600.0,25.459999084472656
2009-11-30,25.485000610351562,24.825000762939453,25.399999618530273,25.024999618530273,858600.0,25.024999618530273
2009-12-01,25.639999389648438,24.979999542236328,25.239999771118164,25.3700008392334,826200.0,25.3700008392334
2009-12-02,25.774999618530273,24.735000610351562,25.065000534057617,25.700000762939453,650000.0,25.700000762939453
2009-12-03,26.030000686645508,25.6200008392334,25.704999923706055,25.71500015258789,745000.0,25.71500015258789
2009-12-04,26.459999084472656,25.850000381469727,25.850000381469727,26.209999084472656,728200.0,26.209999084472656
2009-12-07,26.475000381469727,26.0,26.084999084472656,26.079999923706055,505000.0,26.079999923706055
2009-12-08,26.139999389648438,25.5,25.915000915527344,25.915000915527344,618600.0,25.915000915527344
2009-12-09,26.155000686645508,25.68000030517578,25.864999771118164,25.760000228881836,485600.0,25.760000228881836
2009-12-10,26.325000762939453,25.8799991607666,25.950000762939453,26.010000228881836,378600.0,26.010000228881836
2009-12-11,26.19499969482422,25.649999618530273,26.19499969482422,26.079999923706055,273200.0,26.079999923706055
2009-12-14,26.299999237060547,25.704999923706055,26.040000915527344,26.260000228881836,302600.0,26.260000228881836
2009-12-15,26.485000610351562,25.989999771118164,26.174999237060547,26.479999542236328,472400.0,26.479999542236328
2009-12-16,26.7450008392334,26.094999313354492,26.360000610351562,26.155000686645508,391400.0,26.155000686645508
2009-12-17,26.219999313354492,25.950000762939453,26.024999618530273,26.010000228881836,292600.0,26.010000228881836
2009-12-18,26.184999465942383,25.844999313354492,26.045000076293945,25.985000610351562,475400.0,25.985000610351562
2009-12-21,26.389999389648438,26.059999465942383,26.075000762939453,26.15999984741211,232400.0,26.15999984741211
2009-12-22,26.59000015258789,26.0,26.139999389648438,26.56999969482422,252800.0,26.56999969482422
2009-12-23,27.010000228881836,26.420000076293945,26.59000015258789,26.93000030517578,652000.0,26.93000030517578
2009-12-24,26.93000030517578,26.795000076293945,26.920000076293945,26.860000610351562,97200.0,26.860000610351562
2009-12-28,27.18000030517578,26.375,26.924999237060547,27.09000015258789,210400.0,27.09000015258789
2009-12-29,27.209999084472656,27.0,27.165000915527344,27.204999923706055,193200.0,27.204999923706055
2009-12-30,27.334999084472656,27.155000686645508,27.190000534057617,27.30500030517578,303200.0,27.30500030517578
2009-12-31,27.344999313354492,26.71500015258789,27.334999084472656,26.725000381469727,494400.0,26.725000381469727
2010-01-04,27.174999237060547,26.71500015258789,26.850000381469727,27.040000915527344,325200.0,27.040000915527344
2010-01-05,27.084999084472656,26.774999618530273,26.8799991607666,27.084999084472656,223600.0,27.084999084472656
2010-01-06,27.3700008392334,27.014999389648438,27.014999389648438,27.149999618530273,262400.0,27.149999618530273
2010-01-07,28.325000762939453,26.969999313354492,27.03499984741211,28.18000030517578,748200.0,28.18000030517578
2010-01-08,28.450000762939453,27.905000686645508,28.209999084472656,27.954999923706055,642800.0,27.954999923706055
2010-01-11,28.954999923706055,28.014999389648438,28.014999389648438,28.885000228881836,697200.0,28.885000228881836
2010-01-12,28.885000228881836,28.59000015258789,28.850000381469727,28.84000015258789,492800.0,28.84000015258789
2010-01-13,29.655000686645508,28.81999969482422,28.81999969482422,29.575000762939453,1040000.0,29.575000762939453
2010-01-14,29.975000381469727,29.600000381469727,29.600000381469727,29.815000534057617,506000.0,29.815000534057617
2010-01-15,29.815000534057617,29.264999389648438,29.75,29.549999237060547,422600.0,29.549999237060547
2010-01-19,29.875,29.299999237060547,29.5049991607666,29.674999237060547,582800.0,29.674999237060547
2010-01-20,29.7549991607666,29.235000610351562,29.559999465942383,29.53499984741211,353400.0,29.53499984741211
2010-01-21,29.545000076293945,29.125,29.485000610351562,29.18000030517578,349800.0,29.18000030517578
2010-01-22,29.274999618530273,28.530000686645508,29.229999542236328,28.594999313354492,501000.0,28.594999313354492
2010-01-25,28.84000015258789,28.229999542236328,28.84000015258789,28.375,584200.0,28.375
2010-01-26,28.549999237060547,28.299999237060547,28.375,28.459999084472656,248200.0,28.459999084472656
2010-01-27,28.530000686645508,28.09000015258789,28.315000534057617,28.350000381469727,469400.0,28.350000381469727
2010-01-28,29.010000228881836,28.020000457763672,28.295000076293945,28.985000610351562,691400.0,28.985000610351562
2010-01-29,29.049999237060547,26.2450008392334,28.40999984741211,26.2450008392334,3663600.0,26.2450008392334
2010-02-01,26.649999618530273,24.514999389648438,26.375,24.96500015258789,3685000.0,24.96500015258789
2010-02-02,25.59000015258789,24.760000228881836,25.05500030517578,25.459999084472656,2079600.0,25.459999084472656
2010-02-03,25.479999542236328,25.170000076293945,25.375,25.440000534057617,720800.0,25.440000534057617
2010-02-04,25.55500030517578,25.049999237060547,25.229999542236328,25.2450008392334,1428000.0,25.2450008392334
2010-02-05,25.415000915527344,24.6299991607666,25.18000030517578,25.024999618530273,1161200.0,25.024999618530273
2010-02-08,25.1299991607666,24.625,24.799999237060547,24.9950008392334,730800.0,24.9950008392334
2010-02-09,25.315000534057617,24.875,24.954999923706055,25.280000686645508,574600.0,25.280000686645508
2010-02-10,25.5,24.96500015258789,25.350000381469727,25.204999923706055,600800.0,25.204999923706055
2010-02-11,26.06999969482422,25.1299991607666,25.274999618530273,26.0,844800.0,26.0
2010-02-12,26.71500015258789,25.65999984741211,25.65999984741211,26.655000686645508,856000.0,26.655000686645508
2010-02-16,26.790000915527344,26.280000686645508,26.520000457763672,26.790000915527344,766200.0,26.790000915527344
2010-02-17,27.184999465942383,26.579999923706055,26.770000457763672,26.815000534057617,481400.0,26.815000534057617
2010-02-18,27.094999313354492,26.645000457763672,26.889999389648438,26.94499969482422,406000.0,26.94499969482422
2010-02-19,27.075000762939453,26.450000762939453,26.850000381469727,26.475000381469727,733000.0,26.475000381469727
2010-02-22,26.594999313354492,26.25,26.454999923706055,26.344999313354492,752800.0,26.344999313354492
2010-02-23,26.809999465942383,26.200000762939453,26.325000762939453,26.25,607800.0,26.25
2010-02-24,26.600000381469727,26.34000015258789,26.375,26.524999618530273,307200.0,26.524999618530273
2010-02-25,26.725000381469727,26.03499984741211,26.350000381469727,26.25,613600.0,26.25
2010-02-26,26.735000610351562,26.170000076293945,26.184999465942383,26.399999618530273,556000.0,26.399999618530273
2010-03-01,27.15999984741211,26.075000762939453,26.459999084472656,27.110000610351562,810400.0,27.110000610351562
2010-03-02,27.799999237060547,26.989999771118164,27.03499984741211,27.709999084472656,664200.0,27.709999084472656
2010-03-03,28.100000381469727,27.725000381469727,27.774999618530273,27.950000762939453,564000.0,27.950000762939453
2010-03-04,28.274999618530273,27.665000915527344,28.020000457763672,27.719999313354492,385600.0,27.719999313354492
2010-03-05,28.25,27.600000381469727,27.725000381469727,28.225000381469727,386800.0,28.225000381469727
2010-03-08,28.350000381469727,28.040000915527344,28.280000686645508,28.28499984741211,445200.0,28.28499984741211
2010-03-09,28.350000381469727,28.0,28.200000762939453,28.075000762939453,428000.0,28.075000762939453
2010-03-10,28.264999389648438,27.8799991607666,28.0,27.975000381469727,455000.0,27.975000381469727
2010-03-11,28.010000228881836,27.649999618530273,27.790000915527344,27.934999465942383,401200.0,27.934999465942383
2010-03-12,28.1299991607666,27.5049991607666,27.924999237060547,28.1299991607666,400800.0,28.1299991607666
2010-03-15,28.31999969482422,27.895000457763672,27.895000457763672,28.309999465942383,459200.0,28.309999465942383
2010-03-16,28.6299991607666,28.170000076293945,28.350000381469727,28.2549991607666,970400.0,28.2549991607666
2010-03-17,28.44499969482422,28.270000457763672,28.364999771118164,28.375,292600.0,28.375
2010-03-18,28.78499984741211,28.264999389648438,28.264999389648438,28.78499984741211,277200.0,28.78499984741211
2010-03-19,29.040000915527344,28.600000381469727,28.954999923706055,28.924999237060547,721600.0,28.924999237060547
2010-03-22,29.510000228881836,28.71500015258789,28.735000610351562,29.3799991607666,467400.0,29.3799991607666
2010-03-23,29.604999542236328,29.200000762939453,29.315000534057617,29.579999923706055,311200.0,29.579999923706055
2010-03-24,29.645000457763672,28.655000686645508,29.56999969482422,28.655000686645508,843200.0,28.655000686645508
2010-03-25,29.1299991607666,28.614999771118164,28.8700008392334,28.614999771118164,379200.0,28.614999771118164
2010-03-26,28.700000762939453,27.8700008392334,28.614999771118164,27.940000534057617,684600.0,27.940000534057617
2010-03-29,28.864999771118164,27.6299991607666,28.0,28.774999618530273,458600.0,28.774999618530273
2010-03-30,29.030000686645508,28.645000457763672,28.75,28.825000762939453,378200.0,28.825000762939453
2010-03-31,28.959999084472656,28.68000030517578,28.760000228881836,28.774999618530273,307600.0,28.774999618530273
2010-04-01,29.184999465942383,28.799999237060547,28.934999465942383,29.03499984741211,396400.0,29.03499984741211
2010-04-05,29.110000610351562,28.809999465942383,29.0049991607666,28.975000381469727,451000.0,28.975000381469727
2010-04-06,28.96500015258789,28.795000076293945,28.799999237060547,28.834999084472656,351400.0,28.834999084472656
2010-04-07,29.299999237060547,28.959999084472656,29.05500030517578,29.084999084472656,468000.0,29.084999084472656
2010-04-08,29.260000228881836,28.655000686645508,29.084999084472656,29.170000076293945,361000.0,29.170000076293945
2010-04-09,29.5,29.075000762939453,29.125,29.5,216000.0,29.5
2010-04-12,29.7549991607666,29.43000030517578,29.43000030517578,29.725000381469727,385600.0,29.725000381469727
2010-04-13,29.75,29.520000457763672,29.7450008392334,29.75,191200.0,29.75
2010-04-14,29.9950008392334,29.56999969482422,29.75,29.969999313354492,269200.0,29.969999313354492
2010-04-15,30.434999465942383,29.825000762939453,29.905000686645508,30.434999465942383,496800.0,30.434999465942383
2010-04-16,30.655000686645508,30.110000610351562,30.270000457763672,30.155000686645508,659000.0,30.155000686645508
2010-04-19,30.399999618530273,29.875,30.104999542236328,29.959999084472656,998000.0,29.959999084472656
2010-04-20,30.1200008392334,29.850000381469727,30.1200008392334,30.045000076293945,1103800.0,30.045000076293945
2010-04-21,30.104999542236328,29.799999237060547,30.09000015258789,29.8700008392334,576200.0,29.8700008392334
2010-04-22,30.28499984741211,29.2549991607666,29.735000610351562,30.200000762939453,777800.0,30.200000762939453
2010-04-23,34.28499984741211,30.209999084472656,30.30500030517578,33.43000030517578,5843600.0,33.43000030517578
2010-04-26,33.34000015258789,32.77000045776367,33.314998626708984,33.17499923706055,1248600.0,33.17499923706055
2010-04-27,33.540000915527344,32.845001220703125,33.165000915527344,33.060001373291016,979200.0,33.060001373291016
2010-04-28,33.5,32.779998779296875,33.119998931884766,32.83000183105469,1413000.0,32.83000183105469
2010-04-29,33.47999954223633,32.94499969482422,33.07500076293945,33.130001068115234,1034000.0,33.130001068115234
2010-04-30,33.619998931884766,33.01499938964844,33.2400016784668,33.06999969482422,615200.0,33.06999969482422
2010-05-03,33.599998474121094,33.08000183105469,33.244998931884766,33.57500076293945,443200.0,33.57500076293945
2010-05-04,33.400001525878906,32.8849983215332,33.17499923706055,33.125,764800.0,33.125
2010-05-05,33.72999954223633,32.6150016784668,32.96500015258789,32.869998931884766,694800.0,32.869998931884766
2010-05-06,33.02000045776367,30.5049991607666,32.665000915527344,31.940000534057617,1160200.0,31.940000534057617
2010-05-07,32.01499938964844,30.71500015258789,32.01499938964844,30.78499984741211,1141200.0,30.78499984741211
2010-05-10,32.46500015258789,31.4950008392334,31.5,32.33000183105469,461800.0,32.33000183105469
2010-05-11,33.470001220703125,31.649999618530273,32.0099983215332,32.77000045776367,616200.0,32.77000045776367
2010-05-12,33.415000915527344,32.685001373291016,32.685001373291016,33.32500076293945,475000.0,33.32500076293945
2010-05-13,33.5,33.01499938964844,33.150001525878906,33.290000915527344,457400.0,33.290000915527344
2010-05-14,33.26499938964844,31.9950008392334,33.05500030517578,32.279998779296875,413400.0,32.279998779296875
2010-05-17,32.939998626708984,31.565000534057617,32.470001220703125,32.34000015258789,343000.0,32.34000015258789
2010-05-18,32.720001220703125,31.844999313354492,32.720001220703125,31.924999237060547,404600.0,31.924999237060547
2010-05-19,32.05500030517578,31.5,31.7450008392334,31.829999923706055,442000.0,31.829999923706055
2010-05-20,31.399999618530273,30.264999389648438,31.184999465942383,30.264999389648438,655800.0,30.264999389648438
2010-05-21,31.174999237060547,30.059999465942383,30.344999313354492,31.010000228881836,643600.0,31.010000228881836
2010-05-24,31.25,30.530000686645508,30.854999542236328,30.53499984741211,306600.0,30.53499984741211
2010-05-25,30.395000457763672,29.28499984741211,29.8799991607666,30.334999084472656,424000.0,30.334999084472656
2010-05-26,31.03499984741211,30.040000915527344,30.354999542236328,30.2450008392334,597800.0,30.2450008392334
2010-05-27,31.395000457763672,30.6200008392334,30.760000228881836,31.104999542236328,481800.0,31.104999542236328
2010-05-28,31.829999923706055,30.979999542236328,30.979999542236328,31.6200008392334,572000.0,31.6200008392334
2010-06-01,31.924999237060547,31.100000381469727,31.614999771118164,31.155000686645508,358800.0,31.155000686645508
2010-06-02,32.1349983215332,30.94499969482422,31.350000381469727,32.125,411800.0,32.125
2010-06-03,32.439998626708984,31.635000228881836,32.01499938964844,32.16999816894531,196600.0,32.16999816894531
2010-06-04,32.29999923706055,31.0,31.709999084472656,31.09000015258789,406000.0,31.09000015258789
2010-06-07,31.55500030517578,30.360000610351562,31.174999237060547,30.434999465942383,333800.0,30.434999465942383
2010-06-08,30.725000381469727,30.075000762939453,30.43000030517578,30.645000457763672,319800.0,30.645000457763672
2010-06-09,31.3799991607666,30.799999237060547,30.885000228881836,31.09000015258789,504200.0,31.09000015258789
2010-06-10,31.934999465942383,31.104999542236328,31.5,31.860000610351562,314200.0,31.860000610351562
2010-06-11,32.36000061035156,31.459999084472656,31.459999084472656,32.29499816894531,227200.0,32.29499816894531
2010-06-14,32.625,32.0,32.349998474121094,32.07500076293945,307000.0,32.07500076293945
2010-06-15,32.404998779296875,31.610000610351562,32.130001068115234,32.30500030517578,477600.0,32.30500030517578
2010-06-16,32.529998779296875,32.060001373291016,32.060001373291016,32.349998474121094,277800.0,32.349998474121094
2010-06-17,32.61000061035156,32.28499984741211,32.30500030517578,32.51499938964844,339200.0,32.51499938964844
2010-06-18,32.69499969482422,32.005001068115234,32.470001220703125,32.42499923706055,722000.0,32.42499923706055
2010-06-21,33.0099983215332,32.28499984741211,32.685001373291016,32.42499923706055,275600.0,32.42499923706055
2010-06-22,32.900001525878906,31.6200008392334,32.380001068115234,31.704999923706055,400600.0,31.704999923706055
2010-06-23,32.14500045776367,31.225000381469727,31.780000686645508,31.43000030517578,173800.0,31.43000030517578
2010-06-24,31.5,30.96500015258789,31.260000228881836,31.0,271000.0,31.0
2010-06-25,31.469999313354492,30.690000534057617,31.145000457763672,31.424999237060547,895800.0,31.424999237060547
2010-06-28,31.979999542236328,31.155000686645508,31.530000686645508,31.670000076293945,187600.0,31.670000076293945
2010-06-29,31.434999465942383,30.375,31.309999465942383,30.584999084472656,467400.0,30.584999084472656
2010-06-30,31.174999237060547,30.315000534057617,30.594999313354492,30.450000762939453,365800.0,30.450000762939453
2010-07-01,30.594999313354492,29.389999389648438,30.399999618530273,30.3799991607666,697800.0,30.3799991607666
2010-07-02,30.75,30.28499984741211,30.530000686645508,30.440000534057617,176000.0,30.440000534057617
2010-07-06,31.065000534057617,30.0049991607666,30.920000076293945,30.155000686645508,499400.0,30.155000686645508
2010-07-07,31.71500015258789,30.274999618530273,30.274999618530273,31.645000457763672,503200.0,31.645000457763672
2010-07-08,31.985000610351562,31.0,31.825000762939453,31.364999771118164,499400.0,31.364999771118164
2010-07-09,31.899999618530273,31.329999923706055,31.329999923706055,31.864999771118164,329000.0,31.864999771118164
2010-07-12,32.0,31.479999542236328,31.709999084472656,31.704999923706055,296200.0,31.704999923706055
2010-07-13,32.0,31.729999542236328,31.915000915527344,31.8700008392334,426200.0,31.8700008392334
2010-07-14,32.0,31.5,31.719999313354492,31.665000915527344,380800.0,31.665000915527344
2010-07-15,31.8700008392334,30.8700008392334,31.704999923706055,31.290000915527344,559000.0,31.290000915527344
2010-07-16,31.184999465942383,30.434999465942383,31.135000228881836,30.44499969482422,629200.0,30.44499969482422
2010-07-19,30.424999237060547,29.75,30.424999237060547,29.825000762939453,1225800.0,29.825000762939453
2010-07-20,30.579999923706055,29.25,29.520000457763672,30.479999542236328,1053200.0,30.479999542236328
2010-07-21,30.704999923706055,29.725000381469727,30.704999923706055,29.739999771118164,700200.0,29.739999771118164
2010-07-22,31.094999313354492,29.90999984741211,30.0,31.024999618530273,1254200.0,31.024999618530273
2010-07-23,30.665000915527344,29.264999389648438,30.665000915527344,29.94499969482422,1486600.0,29.94499969482422
2010-07-26,30.34000015258789,29.75,30.0,30.190000534057617,882200.0,30.190000534057617
2010-07-27,30.790000915527344,30.25,30.280000686645508,30.350000381469727,791200.0,30.350000381469727
2010-07-28,30.610000610351562,29.469999313354492,30.40999984741211,29.540000915527344,1044800.0,29.540000915527344
2010-07-29,30.049999237060547,28.90999984741211,29.950000762939453,29.21500015258789,639200.0,29.21500015258789
2010-07-30,29.424999237060547,28.7450008392334,28.94499969482422,29.3700008392334,391200.0,29.3700008392334
2010-08-02,29.979999542236328,29.514999389648438,29.81999969482422,29.829999923706055,509400.0,29.829999923706055
2010-08-03,29.850000381469727,29.510000228881836,29.7450008392334,29.635000228881836,756200.0,29.635000228881836
2010-08-04,30.065000534057617,29.704999923706055,29.75,30.065000534057617,544800.0,30.065000534057617
2010-08-05,30.075000762939453,29.649999618530273,29.825000762939453,29.780000686645508,511400.0,29.780000686645508
2010-08-06,29.704999923706055,29.280000686645508,29.434999465942383,29.604999542236328,422000.0,29.604999542236328
2010-08-09,30.079999923706055,29.684999465942383,29.684999465942383,29.895000457763672,292800.0,29.895000457763672
2010-08-10,29.809999465942383,29.329999923706055,29.764999389648438,29.344999313354492,695400.0,29.344999313354492
2010-08-11,29.280000686645508,28.290000915527344,29.020000457763672,28.510000228881836,640000.0,28.510000228881836
2010-08-12,28.510000228881836,27.850000381469727,28.19499969482422,28.270000457763672,347800.0,28.270000457763672
2010-08-13,28.469999313354492,28.024999618530273,28.135000228881836,28.139999389648438,340200.0,28.139999389648438
2010-08-16,28.299999237060547,27.895000457763672,27.93000030517578,28.09000015258789,520800.0,28.09000015258789
2010-08-17,28.7450008392334,28.21500015258789,28.274999618530273,28.459999084472656,357200.0,28.459999084472656
2010-08-18,28.825000762939453,28.0,28.399999618530273,28.575000762939453,249000.0,28.575000762939453
2010-08-19,28.594999313354492,28.1299991607666,28.385000228881836,28.454999923706055,574000.0,28.454999923706055
2010-08-20,28.55500030517578,28.145000457763672,28.260000228881836,28.524999618530273,391200.0,28.524999618530273
2010-08-23,28.829999923706055,28.375,28.575000762939453,28.399999618530273,347000.0,28.399999618530273
2010-08-24,28.209999084472656,27.399999618530273,28.03499984741211,27.844999313354492,724200.0,27.844999313354492
2010-08-25,28.15999984741211,27.545000076293945,27.594999313354492,28.020000457763672,682800.0,28.020000457763672
2010-08-26,28.219999313354492,27.860000610351562,28.170000076293945,27.924999237060547,356600.0,27.924999237060547
2010-08-27,28.645000457763672,27.760000228881836,28.114999771118164,28.4950008392334,388600.0,28.4950008392334
2010-08-30,28.524999618530273,27.75,28.354999542236328,27.75,403800.0,27.75
2010-08-31,27.975000381469727,27.514999389648438,27.649999618530273,27.635000228881836,527400.0,27.635000228881836
2010-09-01,28.594999313354492,27.770000457763672,28.024999618530273,28.56999969482422,467000.0,28.56999969482422
2010-09-02,29.06999969482422,28.479999542236328,28.479999542236328,29.020000457763672,245800.0,29.020000457763672
2010-09-03,29.670000076293945,28.969999313354492,29.260000228881836,29.149999618530273,447200.0,29.149999618530273
2010-09-07,29.729999542236328,28.565000534057617,29.729999542236328,28.725000381469727,334400.0,28.725000381469727
2010-09-08,29.079999923706055,28.649999618530273,28.700000762939453,28.81999969482422,257200.0,28.81999969482422
2010-09-09,29.274999618530273,28.645000457763672,29.104999542236328,28.670000076293945,325000.0,28.670000076293945
2010-09-10,28.934999465942383,28.459999084472656,28.670000076293945,28.739999771118164,210600.0,28.739999771118164
2010-09-13,29.100000381469727,28.774999618530273,28.875,28.860000610351562,485000.0,28.860000610351562
2010-09-14,29.309999465942383,28.774999618530273,28.84000015258789,29.1299991607666,324600.0,29.1299991607666
2010-09-15,29.614999771118164,28.78499984741211,28.985000610351562,29.5049991607666,445600.0,29.5049991607666
2010-09-16,29.665000915527344,29.270000457763672,29.450000762939453,29.530000686645508,258400.0,29.530000686645508
2010-09-17,30.075000762939453,29.549999237060547,29.614999771118164,29.96500015258789,556800.0,29.96500015258789
2010-09-20,30.5,29.84000015258789,30.0,30.43000030517578,368400.0,30.43000030517578
2010-09-21,30.44499969482422,29.604999542236328,30.31999969482422,29.635000228881836,563800.0,29.635000228881836
2010-09-22,30.0049991607666,29.264999389648438,29.545000076293945,29.68000030517578,296800.0,29.68000030517578
2010-09-23,30.094999313354492,29.3799991607666,29.44499969482422,29.8799991607666,445600.0,29.8799991607666
2010-09-24,30.524999618530273,29.90999984741211,30.25,30.280000686645508,331600.0,30.280000686645508
2010-09-27,30.290000915527344,29.81999969482422,30.25,30.149999618530273,472400.0,30.149999618530273
2010-09-28,30.454999923706055,29.915000915527344,30.15999984741211,30.3799991607666,184400.0,30.3799991607666
2010-09-29,30.4950008392334,30.18000030517578,30.360000610351562,30.459999084472656,252200.0,30.459999084472656
2010-09-30,31.204999923706055,30.524999618530273,30.524999618530273,30.860000610351562,823600.0,30.860000610351562
2010-10-01,31.25,30.700000762939453,31.030000686645508,31.145000457763672,548200.0,31.145000457763672
2010-10-04,31.25,30.780000686645508,31.030000686645508,30.934999465942383,368400.0,30.934999465942383
2010-10-05,31.575000762939453,31.040000915527344,31.145000457763672,31.420000076293945,339200.0,31.420000076293945
2010-10-06,31.584999084472656,30.9950008392334,31.424999237060547,31.114999771118164,444000.0,31.114999771118164
2010-10-07,31.270000457763672,30.8799991607666,31.229999542236328,30.975000381469727,547200.0,30.975000381469727
2010-10-08,31.2549991607666,30.764999389648438,30.889999389648438,30.93000030517578,397600.0,30.93000030517578
2010-10-11,31.114999771118164,30.834999084472656,30.905000686645508,30.924999237060547,163000.0,30.924999237060547
2010-10-12,30.889999389648438,30.459999084472656,30.80500030517578,30.760000228881836,238000.0,30.760000228881836
2010-10-13,31.239999771118164,30.780000686645508,30.989999771118164,31.06999969482422,301600.0,31.06999969482422
2010-10-14,31.5,30.975000381469727,31.065000534057617,31.065000534057617,406400.0,31.065000534057617
2010-10-15,31.31999969482422,30.854999542236328,31.204999923706055,31.135000228881836,309000.0,31.135000228881836
2010-10-18,31.8700008392334,31.09000015258789,31.09000015258789,31.864999771118164,333000.0,31.864999771118164
2010-10-19,31.700000762939453,31.104999542236328,31.43000030517578,31.19499969482422,697800.0,31.19499969482422
2010-10-20,31.450000762939453,31.170000076293945,31.25,31.25,450400.0,31.25
2010-10-21,31.530000686645508,31.084999084472656,31.25,31.229999542236328,605600.0,31.229999542236328
2010-10-22,31.7450008392334,30.9950008392334,31.395000457763672,31.56999969482422,596800.0,31.56999969482422
2010-10-25,31.524999618530273,30.75,31.5,30.78499984741211,837600.0,30.78499984741211
2010-10-26,31.014999389648438,30.5,30.56999969482422,30.5,679000.0,30.5
2010-10-27,30.540000915527344,30.049999237060547,30.350000381469727,30.170000076293945,547800.0,30.170000076293945
2010-10-28,30.4950008392334,30.075000762939453,30.375,30.2450008392334,245400.0,30.2450008392334
2010-10-29,30.235000610351562,29.915000915527344,30.059999465942383,29.979999542236328,383200.0,29.979999542236328
2010-11-01,30.325000762939453,29.825000762939453,30.079999923706055,30.094999313354492,531000.0,30.094999313354492
2010-11-02,30.4950008392334,30.014999389648438,30.235000610351562,30.014999389648438,440600.0,30.014999389648438
2010-11-03,30.540000915527344,30.020000457763672,30.020000457763672,30.434999465942383,328000.0,30.434999465942383
2010-11-04,31.450000762939453,30.625,30.80500030517578,30.8799991607666,706800.0,30.8799991607666
2010-11-05,30.920000076293945,30.5,30.790000915527344,30.905000686645508,430600.0,30.905000686645508
2010-11-08,31.34000015258789,30.674999237060547,30.690000534057617,31.34000015258789,474200.0,31.34000015258789
2010-11-09,31.549999237060547,31.295000076293945,31.399999618530273,31.469999313354492,615800.0,31.469999313354492
2010-11-10,32.185001373291016,31.270000457763672,31.34000015258789,32.17499923706055,627000.0,32.17499923706055
2010-11-11,32.16999816894531,31.799999237060547,31.850000381469727,31.979999542236328,361400.0,31.979999542236328
2010-11-12,31.934999465942383,31.459999084472656,31.75,31.549999237060547,415000.0,31.549999237060547
2010-11-15,32.07500076293945,31.43000030517578,31.6200008392334,31.799999237060547,310000.0,31.799999237060547
2010-11-16,31.65999984741211,31.31999969482422,31.594999313354492,31.604999542236328,643200.0,31.604999542236328
2010-11-17,31.924999237060547,31.299999237060547,31.579999923706055,31.7450008392334,580600.0,31.7450008392334
2010-11-18,32.584999084472656,32.029998779296875,32.11000061035156,32.2400016784668,255200.0,32.2400016784668
2010-11-19,32.41999816894531,32.05500030517578,32.25,32.275001525878906,230800.0,32.275001525878906
2010-11-22,32.28499984741211,31.75,32.05500030517578,32.119998931884766,352800.0,32.119998931884766
2010-11-23,32.584999084472656,31.75,31.950000762939453,32.47999954223633,581600.0,32.47999954223633
2010-11-24,32.97999954223633,32.404998779296875,32.625,32.915000915527344,381400.0,32.915000915527344
2010-11-26,32.775001525878906,32.36000061035156,32.630001068115234,32.46500015258789,173800.0,32.46500015258789
2010-11-29,32.27000045776367,31.700000762939453,32.20000076293945,32.14500045776367,512600.0,32.14500045776367
2010-11-30,32.30500030517578,31.905000686645508,31.920000076293945,32.10499954223633,424800.0,32.10499954223633
2010-12-01,33.0,32.369998931884766,32.439998626708984,32.82500076293945,392600.0,32.82500076293945
2010-12-02,33.25,32.51499938964844,32.51499938964844,33.125,289200.0,33.125
2010-12-03,33.459999084472656,32.845001220703125,32.845001220703125,33.369998931884766,357000.0,33.369998931884766
2010-12-06,33.459999084472656,32.98500061035156,33.380001068115234,33.119998931884766,331000.0,33.119998931884766
2010-12-07,33.70500183105469,33.3650016784668,33.435001373291016,33.51499938964844,374000.0,33.51499938964844
2010-12-08,34.08000183105469,33.349998474121094,33.5,33.58000183105469,464400.0,33.58000183105469
2010-12-09,33.939998626708984,33.59000015258789,33.79499816894531,33.70000076293945,213200.0,33.70000076293945
2010-12-10,34.900001525878906,33.724998474121094,33.724998474121094,34.869998931884766,583200.0,34.869998931884766
2010-12-13,35.3650016784668,34.70000076293945,34.869998931884766,35.04999923706055,491600.0,35.04999923706055
2010-12-14,35.834999084472656,35.0099983215332,35.0099983215332,35.529998779296875,496600.0,35.529998779296875
2010-12-15,36.20000076293945,35.525001525878906,35.525001525878906,35.744998931884766,625000.0,35.744998931884766
2010-12-16,35.65999984741211,35.33000183105469,35.52000045776367,35.5,603400.0,35.5
2010-12-17,35.959999084472656,35.3650016784668,35.6150016784668,35.91999816894531,703800.0,35.91999816894531
2010-12-20,36.119998931884766,35.75,35.88999938964844,35.845001220703125,294600.0,35.845001220703125
2010-12-21,35.92499923706055,35.505001068115234,35.875,35.59000015258789,260000.0,35.59000015258789
2010-12-22,35.939998626708984,35.505001068115234,35.505001068115234,35.66999816894531,257400.0,35.66999816894531
2010-12-23,35.84000015258789,35.505001068115234,35.63999938964844,35.5099983215332,129000.0,35.5099983215332
2010-12-27,35.96500015258789,35.32500076293945,35.3650016784668,35.72999954223633,391000.0,35.72999954223633
2010-12-28,35.75,35.470001220703125,35.625,35.61000061035156,327600.0,35.61000061035156
2010-12-29,35.779998779296875,35.22999954223633,35.625,35.22999954223633,302200.0,35.22999954223633
2010-12-30,35.474998474121094,34.939998626708984,35.13999938964844,35.099998474121094,264200.0,35.099998474121094
2010-12-31,35.119998931884766,34.564998626708984,35.08000183105469,34.61000061035156,356200.0,34.61000061035156
2011-01-03,35.540000915527344,34.814998626708984,34.91999816894531,34.875,927000.0,34.875
2011-01-04,34.96500015258789,34.23500061035156,34.82500076293945,34.439998626708984,487200.0,34.439998626708984
2011-01-05,34.915000915527344,33.650001525878906,34.13999938964844,34.54999923706055,668600.0,34.54999923706055
2011-01-06,34.76499938964844,34.39500045776367,34.51499938964844,34.5,287000.0,34.5
2011-01-07,34.630001068115234,33.98500061035156,34.625,34.2400016784668,267200.0,34.2400016784668
2011-01-10,34.459999084472656,33.7400016784668,34.0099983215332,34.25,658000.0,34.25
2011-01-11,34.5099983215332,33.959999084472656,34.244998931884766,34.470001220703125,797400.0,34.470001220703125
2011-01-12,34.744998931884766,34.45000076293945,34.45000076293945,34.68000030517578,498800.0,34.68000030517578
2011-01-13,34.720001220703125,34.16999816894531,34.56999969482422,34.25,747600.0,34.25
2011-01-14,34.775001525878906,34.165000915527344,34.244998931884766,34.665000915527344,529000.0,34.665000915527344
2011-01-18,35.29999923706055,34.54999923706055,34.584999084472656,35.275001525878906,1003200.0,35.275001525878906
2011-01-19,35.595001220703125,35.0,35.125,35.05500030517578,1092400.0,35.05500030517578
2011-01-20,35.224998474121094,34.95000076293945,35.0,35.025001525878906,724400.0,35.025001525878906
2011-01-21,35.25,35.0,35.165000915527344,35.10499954223633,455400.0,35.10499954223633
2011-01-24,35.875,35.10499954223633,35.10499954223633,35.650001525878906,573600.0,35.650001525878906
2011-01-25,36.04499816894531,35.28499984741211,35.5,36.029998779296875,402600.0,36.029998779296875
2011-01-26,36.900001525878906,36.16999816894531,36.185001373291016,36.53499984741211,918600.0,36.53499984741211
2011-01-27,36.70000076293945,36.404998779296875,36.599998474121094,36.54999923706055,633000.0,36.54999923706055
2011-01-28,37.0,35.27000045776367,36.70000076293945,35.43000030517578,1208800.0,35.43000030517578
2011-01-31,36.0,35.290000915527344,35.345001220703125,35.849998474121094,506600.0,35.849998474121094
2011-02-01,36.404998779296875,35.14500045776367,36.029998779296875,36.27000045776367,453200.0,36.27000045776367
2011-02-02,36.53499984741211,35.959999084472656,36.119998931884766,36.310001373291016,324600.0,36.310001373291016
2011-02-03,37.04999923706055,36.23500061035156,36.23500061035156,36.915000915527344,425000.0,36.915000915527344
2011-02-04,37.334999084472656,36.654998779296875,37.0,37.209999084472656,325800.0,37.209999084472656
2011-02-07,37.77000045776367,37.01499938964844,37.255001068115234,37.53499984741211,358800.0,37.53499984741211
2011-02-08,37.834999084472656,37.46500015258789,37.6150016784668,37.5,341000.0,37.5
2011-02-09,37.72999954223633,37.345001220703125,37.474998474121094,37.52000045776367,570800.0,37.52000045776367
2011-02-10,37.8849983215332,37.23500061035156,37.380001068115234,37.775001525878906,498400.0,37.775001525878906
2011-02-11,38.35499954223633,37.334999084472656,37.595001220703125,38.35499954223633,228200.0,38.35499954223633
2011-02-14,38.79999923706055,38.10499954223633,38.10499954223633,38.79499816894531,380000.0,38.79499816894531
2011-02-15,39.42499923706055,38.619998931884766,38.619998931884766,39.084999084472656,474400.0,39.084999084472656
2011-02-16,39.42499923706055,38.90999984741211,39.220001220703125,39.060001373291016,396000.0,39.060001373291016
2011-02-17,39.125,38.7400016784668,38.900001525878906,38.939998626708984,658200.0,38.939998626708984
2011-02-18,39.665000915527344,38.90999984741211,38.974998474121094,39.665000915527344,760400.0,39.665000915527344
2011-02-22,39.56999969482422,38.720001220703125,39.48500061035156,38.75,636000.0,38.75
2011-02-23,38.814998626708984,37.625,38.7599983215332,38.125,619600.0,38.125
2011-02-24,38.34000015258789,37.69499969482422,38.099998474121094,37.869998931884766,575400.0,37.869998931884766
2011-02-25,38.82500076293945,36.77000045776367,37.98500061035156,38.82500076293945,581000.0,38.82500076293945
2011-02-28,39.38999938964844,38.790000915527344,39.0099983215332,38.849998474121094,582000.0,38.849998474121094
2011-03-01,39.45000076293945,38.630001068115234,39.005001068115234,38.81999969482422,480800.0,38.81999969482422
2011-03-02,39.39500045776367,38.65999984741211,38.85499954223633,39.279998779296875,431000.0,39.279998779296875
2011-03-03,39.94499969482422,39.38999938964844,39.505001068115234,39.564998626708984,602600.0,39.564998626708984
2011-03-04,39.61000061035156,38.849998474121094,39.375,39.08000183105469,606600.0,39.08000183105469
2011-03-07,39.08000183105469,38.02000045776367,39.04499816894531,38.45000076293945,599600.0,38.45000076293945
2011-03-08,38.970001220703125,38.349998474121094,38.45000076293945,38.810001373291016,658200.0,38.810001373291016
2011-03-09,38.959999084472656,38.564998626708984,38.685001373291016,38.78499984741211,400200.0,38.78499984741211
2011-03-10,38.720001220703125,38.025001525878906,38.314998626708984,38.345001220703125,439600.0,38.345001220703125
2011-03-11,38.58000183105469,38.125,38.13999938964844,38.45500183105469,337200.0,38.45500183105469
2011-03-14,38.564998626708984,37.974998474121094,38.040000915527344,38.23500061035156,548800.0,38.23500061035156
2011-03-15,38.0,37.41999816894531,37.5,37.689998626708984,483400.0,37.689998626708984
2011-03-16,38.084999084472656,37.38999938964844,37.724998474121094,37.38999938964844,490200.0,37.38999938964844
2011-03-17,37.76499938964844,37.334999084472656,37.48500061035156,37.60499954223633,337600.0,37.60499954223633
2011-03-18,38.310001373291016,37.755001068115234,37.880001068115234,37.880001068115234,434000.0,37.880001068115234
2011-03-21,38.845001220703125,38.2400016784668,38.34000015258789,38.29999923706055,351800.0,38.29999923706055
2011-03-22,38.470001220703125,38.040000915527344,38.375,38.185001373291016,286400.0,38.185001373291016
2011-03-23,38.22999954223633,37.869998931884766,38.17499923706055,38.14500045776367,209000.0,38.14500045776367
2011-03-24,38.43000030517578,38.0099983215332,38.3650016784668,38.34000015258789,337200.0,38.34000015258789
2011-03-25,38.71500015258789,38.334999084472656,38.375,38.4900016784668,432000.0,38.4900016784668
2011-03-28,38.494998931884766,38.10499954223633,38.380001068115234,38.185001373291016,760600.0,38.185001373291016
2011-03-29,38.470001220703125,38.060001373291016,38.060001373291016,38.42499923706055,248400.0,38.42499923706055
2011-03-30,38.6150016784668,38.310001373291016,38.42499923706055,38.51499938964844,348800.0,38.51499938964844
2011-03-31,38.7400016784668,38.26499938964844,38.375,38.61000061035156,556000.0,38.61000061035156
2011-04-01,39.73500061035156,38.630001068115234,38.720001220703125,39.68000030517578,567600.0,39.68000030517578
2011-04-04,39.95000076293945,39.584999084472656,39.665000915527344,39.70500183105469,517800.0,39.70500183105469
2011-04-05,39.69499969482422,39.255001068115234,39.564998626708984,39.47999954223633,537200.0,39.47999954223633
2011-04-06,39.584999084472656,39.189998626708984,39.5,39.20000076293945,413000.0,39.20000076293945
2011-04-07,39.35499954223633,38.72999954223633,39.1349983215332,38.849998474121094,370000.0,38.849998474121094
2011-04-08,39.119998931884766,38.654998779296875,39.06999969482422,38.869998931884766,239000.0,38.869998931884766
2011-04-11,38.904998779296875,38.57500076293945,38.81999969482422,38.720001220703125,293000.0,38.720001220703125
2011-04-12,39.400001525878906,38.494998931884766,38.584999084472656,38.650001525878906,471400.0,38.650001525878906
2011-04-13,38.845001220703125,38.43000030517578,38.7599983215332,38.744998931884766,326000.0,38.744998931884766
2011-04-14,39.1150016784668,38.564998626708984,38.70000076293945,39.04999923706055,210400.0,39.04999923706055
2011-04-15,39.775001525878906,39.0,39.18000030517578,39.77000045776367,575200.0,39.77000045776367
2011-04-18,39.404998779296875,38.65999984741211,39.16999816894531,38.82500076293945,416200.0,38.82500076293945
2011-04-19,39.095001220703125,38.7599983215332,38.904998779296875,39.06999969482422,221600.0,39.06999969482422
2011-04-20,40.0,39.48500061035156,39.599998474121094,39.939998626708984,376000.0,39.939998626708984
2011-04-21,40.255001068115234,39.650001525878906,39.70000076293945,40.064998626708984,531200.0,40.064998626708984
2011-04-25,40.5,39.880001068115234,39.880001068115234,39.95000076293945,460000.0,39.95000076293945
2011-04-26,40.29999923706055,39.709999084472656,39.709999084472656,40.20500183105469,519800.0,40.20500183105469
2011-04-27,40.529998779296875,40.029998779296875,40.154998779296875,40.51499938964844,366000.0,40.51499938964844
2011-04-28,40.58000183105469,40.17499923706055,40.404998779296875,40.54999923706055,278000.0,40.54999923706055
2011-04-29,41.119998931884766,40.3849983215332,40.52000045776367,40.71500015258789,380000.0,40.71500015258789
2011-05-02,40.994998931884766,40.525001525878906,40.75,40.619998931884766,296000.0,40.619998931884766
2011-05-03,40.689998626708984,39.970001220703125,40.44499969482422,40.14500045776367,482000.0,40.14500045776367
2011-05-04,40.42499923706055,39.6349983215332,40.130001068115234,39.95000076293945,646600.0,39.95000076293945
2011-05-05,40.709999084472656,39.5,39.790000915527344,40.334999084472656,420200.0,40.334999084472656
2011-05-06,40.93000030517578,40.29999923706055,40.6349983215332,40.619998931884766,346000.0,40.619998931884766
2011-05-09,40.900001525878906,40.28499984741211,40.53499984741211,40.875,300000.0,40.875
2011-05-10,41.29499816894531,40.875,40.875,41.20000076293945,341600.0,41.20000076293945
2011-05-11,41.45500183105469,40.625,41.20000076293945,41.125,466400.0,41.125
2011-05-12,41.34000015258789,40.65999984741211,40.959999084472656,41.19499969482422,422400.0,41.19499969482422
2011-05-13,41.20500183105469,40.5,41.095001220703125,40.56999969482422,540000.0,40.56999969482422
2011-05-16,40.560001373291016,40.20000076293945,40.35499954223633,40.27000045776367,490600.0,40.27000045776367
2011-05-17,40.18000030517578,39.494998931884766,40.03499984741211,39.83000183105469,297800.0,39.83000183105469
2011-05-18,40.875,39.7599983215332,39.970001220703125,40.775001525878906,400000.0,40.775001525878906
2011-05-19,41.05500030517578,40.45000076293945,40.790000915527344,40.685001373291016,393800.0,40.685001373291016
2011-05-20,40.76499938964844,39.869998931884766,40.54499816894531,40.029998779296875,351400.0,40.029998779296875
2011-05-23,40.005001068115234,38.974998474121094,39.46500015258789,39.0,630000.0,39.0
2011-05-24,39.185001373291016,38.584999084472656,39.09000015258789,38.79999923706055,424200.0,38.79999923706055
2011-05-25,39.095001220703125,38.45500183105469,38.75,38.97999954223633,538800.0,38.97999954223633
2011-05-26,39.470001220703125,38.65999984741211,38.84000015258789,39.40999984741211,399600.0,39.40999984741211
2011-05-27,39.5099983215332,39.06999969482422,39.40999984741211,39.154998779296875,280400.0,39.154998779296875
2011-05-31,39.584999084472656,39.05500030517578,39.400001525878906,39.36000061035156,862600.0,39.36000061035156
2011-06-01,39.36000061035156,38.44499969482422,39.15999984741211,38.4900016784668,661000.0,38.4900016784668
2011-06-02,38.79999923706055,37.86000061035156,38.79999923706055,37.89500045776367,1066800.0,37.89500045776367
2011-06-03,38.224998474121094,37.28499984741211,37.5,37.345001220703125,626400.0,37.345001220703125
2011-06-06,37.35499954223633,36.67499923706055,37.2400016784668,36.689998626708984,479400.0,36.689998626708984
2011-06-07,37.16999816894531,36.53499984741211,36.90999984741211,36.875,448200.0,36.875
2011-06-08,36.875,36.42499923706055,36.875,36.439998626708984,574800.0,36.439998626708984
2011-06-09,37.084999084472656,36.400001525878906,36.459999084472656,36.775001525878906,465200.0,36.775001525878906
2011-06-10,36.73500061035156,36.1349983215332,36.66999816894531,36.314998626708984,468000.0,36.314998626708984
2011-06-13,36.45000076293945,35.994998931884766,36.32500076293945,36.209999084472656,448000.0,36.209999084472656
2011-06-14,37.29999923706055,36.474998474121094,36.52000045776367,37.099998474121094,448000.0,37.099998474121094
2011-06-15,37.189998626708984,36.44499969482422,36.744998931884766,36.54999923706055,525400.0,36.54999923706055
2011-06-16,36.900001525878906,36.255001068115234,36.494998931884766,36.48500061035156,375600.0,36.48500061035156
2011-06-17,37.07500076293945,36.564998626708984,36.755001068115234,36.6150016784668,817200.0,36.6150016784668
2011-06-20,37.14500045776367,36.625,36.625,37.119998931884766,313400.0,37.119998931884766
2011-06-21,38.0,37.154998779296875,37.400001525878906,37.79999923706055,669200.0,37.79999923706055
2011-06-22,37.880001068115234,37.46500015258789,37.71500015258789,37.70000076293945,939200.0,37.70000076293945
2011-06-23,37.7400016784668,36.5,37.349998474121094,37.65999984741211,585000.0,37.65999984741211
2011-06-24,37.654998779296875,37.18000030517578,37.654998779296875,37.380001068115234,738600.0,37.380001068115234
2011-06-27,37.69499969482422,37.16999816894531,37.41999816894531,37.494998931884766,586600.0,37.494998931884766
2011-06-28,38.86000061035156,37.68000030517578,37.68000030517578,38.55500030517578,848000.0,38.55500030517578
2011-06-29,39.02000045776367,38.349998474121094,38.630001068115234,38.8849983215332,508800.0,38.8849983215332
2011-06-30,39.314998626708984,38.779998779296875,39.0,38.779998779296875,522000.0,38.779998779296875
2011-07-01,39.380001068115234,38.709999084472656,38.709999084472656,39.334999084472656,564800.0,39.334999084472656
2011-07-05,39.45000076293945,38.91999816894531,39.255001068115234,39.224998474121094,439400.0,39.224998474121094
2011-07-06,39.775001525878906,39.154998779296875,39.2400016784668,39.7599983215332,505400.0,39.7599983215332
2011-07-07,40.334999084472656,39.834999084472656,39.84000015258789,40.20000076293945,353600.0,40.20000076293945
2011-07-08,39.97999954223633,39.55500030517578,39.8650016784668,39.755001068115234,613600.0,39.755001068115234
2011-07-11,39.61000061035156,38.93000030517578,39.415000915527344,38.9900016784668,271400.0,38.9900016784668
2011-07-12,39.4900016784668,39.06999969482422,39.06999969482422,39.2599983215332,378800.0,39.2599983215332
2011-07-13,40.36000061035156,39.39500045776367,39.599998474121094,39.6349983215332,526600.0,39.6349983215332
2011-07-14,39.94499969482422,39.10499954223633,39.724998474121094,39.20000076293945,615600.0,39.20000076293945
2011-07-15,39.67499923706055,38.93000030517578,39.34000015258789,39.244998931884766,332200.0,39.244998931884766
2011-07-18,39.35499954223633,38.439998626708984,39.130001068115234,38.71500015258789,227800.0,38.71500015258789
2011-07-19,39.8650016784668,38.98500061035156,38.98500061035156,39.560001373291016,608200.0,39.560001373291016
2011-07-20,39.974998474121094,39.38999938964844,39.54499816894531,39.79999923706055,311400.0,39.79999923706055
2011-07-21,40.869998931884766,39.875,40.03499984741211,40.7400016784668,698800.0,40.7400016784668
2011-07-22,43.64500045776367,40.4900016784668,40.6150016784668,43.48500061035156,2248600.0,43.48500061035156
2011-07-25,43.564998626708984,42.505001068115234,42.95000076293945,43.30500030517578,1961000.0,43.30500030517578
2011-07-26,43.244998931884766,42.67499923706055,43.18000030517578,42.67499923706055,676800.0,42.67499923706055
2011-07-27,42.665000915527344,41.18000030517578,42.45500183105469,41.28499984741211,982400.0,41.28499984741211
2011-07-28,42.1150016784668,41.02000045776367,41.150001525878906,41.584999084472656,958000.0,41.584999084472656
2011-07-29,41.665000915527344,40.84000015258789,41.279998779296875,41.470001220703125,587000.0,41.470001220703125
2011-08-01,41.75,40.435001373291016,41.69499969482422,40.89500045776367,509600.0,40.89500045776367
2011-08-02,41.0099983215332,39.189998626708984,40.64500045776367,39.60499954223633,817400.0,39.60499954223633
2011-08-03,39.75,38.625,39.75,39.619998931884766,1026000.0,39.619998931884766
2011-08-04,39.439998626708984,37.834999084472656,39.150001525878906,37.869998931884766,951600.0,37.869998931884766
2011-08-05,38.165000915527344,36.58000183105469,38.084999084472656,37.224998474121094,1417000.0,37.224998474121094
2011-08-08,37.10499954223633,35.35499954223633,36.290000915527344,35.564998626708984,2002400.0,35.564998626708984
2011-08-09,38.14500045776367,35.32500076293945,35.904998779296875,38.025001525878906,1782600.0,38.025001525878906
2011-08-10,37.98500061035156,36.27000045776367,37.32500076293945,36.29999923706055,1115200.0,36.29999923706055
2011-08-11,38.54999923706055,36.05500030517578,36.4900016784668,38.11000061035156,1141400.0,38.11000061035156
2011-08-12,39.08000183105469,38.06999969482422,38.40999984741211,38.94499969482422,590000.0,38.94499969482422
2011-08-15,39.64500045776367,38.77000045776367,39.23500061035156,39.08000183105469,698200.0,39.08000183105469
2011-08-16,39.0,38.064998626708984,38.79999923706055,38.654998779296875,993800.0,38.654998779296875
2011-08-17,39.59000015258789,38.6349983215332,38.845001220703125,38.69499969482422,603600.0,38.69499969482422
2011-08-18,38.064998626708984,36.45500183105469,38.0,37.084999084472656,1231600.0,37.084999084472656
2011-08-19,38.16999816894531,36.63999938964844,36.63999938964844,36.75,962800.0,36.75
2011-08-22,37.68000030517578,36.48500061035156,37.505001068115234,36.53499984741211,1144400.0,36.53499984741211
2011-08-23,37.88999938964844,36.5,36.689998626708984,37.86000061035156,1231200.0,37.86000061035156
2011-08-24,38.025001525878906,37.18000030517578,37.654998779296875,37.83000183105469,1418200.0,37.83000183105469
2011-08-25,38.17499923706055,36.744998931884766,37.994998931884766,37.21500015258789,469200.0,37.21500015258789
2011-08-26,38.310001373291016,36.5,36.915000915527344,38.15999984741211,493400.0,38.15999984741211
2011-08-29,40.47999954223633,38.58000183105469,38.599998474121094,40.28499984741211,718400.0,40.28499984741211
2011-08-30,40.849998474121094,39.67499923706055,40.06999969482422,40.185001373291016,604000.0,40.185001373291016
2011-08-31,41.22999954223633,39.79999923706055,40.45000076293945,39.88999938964844,674800.0,39.88999938964844
2011-09-01,40.2400016784668,38.70000076293945,39.81999969482422,38.89500045776367,774600.0,38.89500045776367
2011-09-02,38.8650016784668,37.654998779296875,38.209999084472656,37.76499938964844,423000.0,37.76499938964844
2011-09-06,37.755001068115234,36.59000015258789,36.70500183105469,37.650001525878906,466000.0,37.650001525878906
2011-09-07,38.834999084472656,37.814998626708984,38.23500061035156,38.79499816894531,806800.0,38.79499816894531
2011-09-08,38.86000061035156,37.790000915527344,37.790000915527344,38.30500030517578,580800.0,38.30500030517578
2011-09-09,38.10499954223633,36.16999816894531,38.0,36.494998931884766,1208000.0,36.494998931884766
2011-09-12,36.915000915527344,36.040000915527344,36.040000915527344,36.790000915527344,586800.0,36.790000915527344
2011-09-13,37.34000015258789,36.650001525878906,36.935001373291016,37.09000015258789,416200.0,37.09000015258789
2011-09-14,38.025001525878906,36.75,37.125,37.54999923706055,617000.0,37.54999923706055
2011-09-15,37.85499954223633,36.92499923706055,37.790000915527344,37.39500045776367,680000.0,37.39500045776367
2011-09-16,37.755001068115234,37.084999084472656,37.415000915527344,37.380001068115234,837000.0,37.380001068115234
2011-09-19,37.220001220703125,36.46500015258789,36.77000045776367,36.86000061035156,528400.0,36.86000061035156
2011-09-20,37.66999816894531,36.755001068115234,37.03499984741211,37.2400016784668,851000.0,37.2400016784668
2011-09-21,37.380001068115234,36.60499954223633,37.15999984741211,36.619998931884766,1052000.0,36.619998931884766
2011-09-22,36.29499816894531,34.57500076293945,35.5099983215332,36.1150016784668,1539000.0,36.1150016784668
2011-09-23,36.55500030517578,35.73500061035156,35.775001525878906,36.275001525878906,1274800.0,36.275001525878906
2011-09-26,36.60499954223633,35.904998779296875,36.60499954223633,36.1150016784668,780200.0,36.1150016784668
2011-09-27,37.849998474121094,36.65999984741211,36.89500045776367,36.95500183105469,660000.0,36.95500183105469
2011-09-28,37.54499816894531,35.5099983215332,37.13999938964844,35.564998626708984,386800.0,35.564998626708984
2011-09-29,36.25,34.89500045776367,36.154998779296875,35.6349983215332,536600.0,35.6349983215332
2011-09-30,35.599998474121094,34.45500183105469,35.13999938964844,34.48500061035156,828400.0,34.48500061035156
2011-10-03,35.04499816894531,33.029998779296875,34.30500030517578,33.064998626708984,843600.0,33.064998626708984
2011-10-04,33.58000183105469,31.915000915527344,32.68000030517578,33.47999954223633,1349800.0,33.47999954223633
2011-10-05,34.375,32.81999969482422,33.52000045776367,34.220001220703125,856000.0,34.220001220703125
2011-10-06,34.98500061035156,33.96500015258789,34.21500015258789,34.915000915527344,474200.0,34.915000915527344
2011-10-07,35.334999084472656,34.630001068115234,35.01499938964844,34.80500030517578,553400.0,34.80500030517578
2011-10-10,36.02000045776367,35.0099983215332,35.290000915527344,35.76499938964844,542600.0,35.76499938964844
2011-10-11,36.06999969482422,35.47999954223633,35.55500030517578,35.70500183105469,292600.0,35.70500183105469
2011-10-12,36.55500030517578,35.79499816894531,35.8650016784668,35.86000061035156,482200.0,35.86000061035156
2011-10-13,36.06999969482422,35.5099983215332,35.6150016784668,36.01499938964844,566200.0,36.01499938964844
2011-10-14,36.42499923706055,35.91999816894531,36.334999084472656,36.029998779296875,362200.0,36.029998779296875
2011-10-17,35.875,34.689998626708984,35.875,34.81999969482422,529200.0,34.81999969482422
2011-10-18,35.540000915527344,34.5,34.94499969482422,35.21500015258789,618000.0,35.21500015258789
2011-10-19,35.97999954223633,35.14500045776367,35.25,35.53499984741211,682200.0,35.53499984741211
2011-10-20,36.494998931884766,35.314998626708984,35.650001525878906,36.435001373291016,1332600.0,36.435001373291016
2011-10-21,38.224998474121094,35.099998474121094,36.7599983215332,36.85499954223633,2141600.0,36.85499954223633
2011-10-24,37.73500061035156,36.70500183105469,37.150001525878906,37.59000015258789,706600.0,37.59000015258789
2011-10-25,37.68000030517578,36.27000045776367,37.38999938964844,36.34000015258789,908800.0,36.34000015258789
2011-10-26,37.224998474121094,35.85499954223633,36.959999084472656,35.91999816894531,810400.0,35.91999816894531
2011-10-27,37.400001525878906,36.39500045776367,36.64500045776367,37.02000045776367,1011200.0,37.02000045776367
2011-10-28,37.41999816894531,36.76499938964844,36.95500183105469,37.005001068115234,718000.0,37.005001068115234
2011-10-31,36.689998626708984,35.974998474121094,36.689998626708984,35.994998931884766,787800.0,35.994998931884766
2011-11-01,35.41999816894531,34.474998474121094,35.279998779296875,34.78499984741211,570400.0,34.78499984741211
2011-11-02,35.82500076293945,34.97999954223633,35.1150016784668,35.560001373291016,457600.0,35.560001373291016
2011-11-03,36.505001068115234,35.45000076293945,35.779998779296875,36.2599983215332,386800.0,36.2599983215332
2011-11-04,36.56999969482422,35.64500045776367,36.07500076293945,36.345001220703125,361400.0,36.345001220703125
2011-11-07,36.63999938964844,35.75,36.209999084472656,36.595001220703125,332600.0,36.595001220703125
2011-11-08,37.185001373291016,36.435001373291016,36.7400016784668,37.05500030517578,370200.0,37.05500030517578
2011-11-09,36.6150016784668,35.564998626708984,36.349998474121094,35.69499969482422,293400.0,35.69499969482422
2011-11-10,36.209999084472656,35.70000076293945,36.0,35.8849983215332,275800.0,35.8849983215332
2011-11-11,36.88999938964844,35.78499984741211,35.78499984741211,36.525001525878906,253000.0,36.525001525878906
2011-11-14,36.60499954223633,36.0,36.45500183105469,36.119998931884766,182800.0,36.119998931884766
2011-11-15,36.849998474121094,35.96500015258789,36.1150016784668,36.459999084472656,380600.0,36.459999084472656
2011-11-16,36.9900016784668,35.96500015258789,36.255001068115234,36.06999969482422,340600.0,36.06999969482422
2011-11-17,38.98500061035156,36.1349983215332,36.1349983215332,37.154998779296875,3510600.0,37.154998779296875
2011-11-18,37.21500015258789,35.935001373291016,37.21500015258789,36.095001220703125,700800.0,36.095001220703125
2011-11-21,35.92499923706055,35.27000045776367,35.619998931884766,35.28499984741211,423000.0,35.28499984741211
2011-11-22,35.93000030517578,35.130001068115234,35.36000061035156,35.59000015258789,422000.0,35.59000015258789
2011-11-23,35.43000030517578,34.47999954223633,35.345001220703125,34.744998931884766,506600.0,34.744998931884766
2011-11-25,35.189998626708984,34.6150016784668,34.66999816894531,34.6349983215332,185600.0,34.6349983215332
2011-11-28,36.099998474121094,34.89500045776367,35.150001525878906,36.0,491400.0,36.0
2011-11-29,36.58000183105469,35.93000030517578,36.29499816894531,36.23500061035156,614800.0,36.23500061035156
2011-11-30,37.72999954223633,36.91999816894531,37.15999984741211,37.595001220703125,628600.0,37.595001220703125
2011-12-01,38.0,37.27000045776367,37.334999084472656,37.3849983215332,373200.0,37.3849983215332
2011-12-02,37.83000183105469,36.404998779296875,37.57500076293945,36.4900016784668,704200.0,36.4900016784668
2011-12-05,37.63999938964844,36.80500030517578,36.88999938964844,37.1349983215332,584000.0,37.1349983215332
2011-12-06,37.439998626708984,36.84000015258789,37.119998931884766,37.1349983215332,594200.0,37.1349983215332
2011-12-07,37.314998626708984,36.28499984741211,36.91999816894531,37.1349983215332,339400.0,37.1349983215332
2011-12-08,37.060001373291016,35.8650016784668,36.970001220703125,35.939998626708984,488000.0,35.939998626708984
2011-12-09,37.345001220703125,36.04999923706055,36.04999923706055,37.27000045776367,520800.0,37.27000045776367
2011-12-12,37.494998931884766,36.72999954223633,36.97999954223633,37.45500183105469,575600.0,37.45500183105469
2011-12-13,37.900001525878906,37.060001373291016,37.709999084472656,37.244998931884766,591800.0,37.244998931884766
2011-12-14,37.310001373291016,36.779998779296875,37.01499938964844,37.0099983215332,541800.0,37.0099983215332
2011-12-15,37.540000915527344,36.72999954223633,37.4900016784668,36.92499923706055,400000.0,36.92499923706055
2011-12-16,37.47999954223633,36.849998474121094,37.03499984741211,37.005001068115234,680600.0,37.005001068115234
2011-12-19,37.33000183105469,36.525001525878906,37.005001068115234,36.60499954223633,392400.0,36.60499954223633
2011-12-20,37.5099983215332,36.970001220703125,37.16999816894531,37.279998779296875,877400.0,37.279998779296875
2011-12-21,37.69499969482422,37.150001525878906,37.20000076293945,37.57500076293945,373800.0,37.57500076293945
2011-12-22,38.89500045776367,37.540000915527344,37.58000183105469,38.59000015258789,547400.0,38.59000015258789
2011-12-23,38.95500183105469,38.21500015258789,38.630001068115234,38.55500030517578,201000.0,38.55500030517578
2011-12-27,39.64500045776367,38.38999938964844,38.38999938964844,39.31999969482422,559200.0,39.31999969482422
2011-12-28,39.54499816894531,38.41999816894531,39.54499816894531,38.47999954223633,325800.0,38.47999954223633
2011-12-29,39.2599983215332,38.439998626708984,38.439998626708984,38.994998931884766,270800.0,38.994998931884766
2011-12-30,39.14500045776367,38.459999084472656,38.98500061035156,38.47999954223633,405200.0,38.47999954223633
2012-01-03,39.56999969482422,38.904998779296875,38.94499969482422,39.54499816894531,641400.0,39.54499816894531
2012-01-04,39.654998779296875,39.064998626708984,39.36000061035156,39.4900016784668,625200.0,39.4900016784668
2012-01-05,39.88999938964844,39.16999816894531,39.34000015258789,39.685001373291016,604800.0,39.685001373291016
2012-01-06,39.90999984741211,39.3849983215332,39.65999984741211,39.630001068115234,329400.0,39.630001068115234
2012-01-09,40.154998779296875,39.5099983215332,39.71500015258789,39.93000030517578,460800.0,39.93000030517578
2012-01-10,40.35499954223633,39.94499969482422,40.20500183105469,40.119998931884766,154800.0,40.119998931884766
2012-01-11,40.595001220703125,39.94499969482422,40.13999938964844,40.505001068115234,254600.0,40.505001068115234
2012-01-12,40.66999816894531,40.16999816894531,40.58000183105469,40.58000183105469,308400.0,40.58000183105469
2012-01-13,41.45000076293945,39.88999938964844,40.28499984741211,41.310001373291016,459400.0,41.310001373291016
2012-01-17,41.654998779296875,41.21500015258789,41.595001220703125,41.36000061035156,253600.0,41.36000061035156
2012-01-18,42.10499954223633,41.209999084472656,41.349998474121094,42.04999923706055,305400.0,42.04999923706055
2012-01-19,42.77000045776367,41.96500015258789,42.02000045776367,42.45000076293945,527400.0,42.45000076293945
2012-01-20,42.959999084472656,42.27000045776367,42.470001220703125,42.63999938964844,443600.0,42.63999938964844
2012-01-23,43.0099983215332,42.34000015258789,42.34000015258789,42.94499969482422,352600.0,42.94499969482422
2012-01-24,43.54999923706055,42.60499954223633,42.81999969482422,43.279998779296875,618600.0,43.279998779296875
2012-01-25,43.685001373291016,42.70000076293945,43.36000061035156,43.48500061035156,907400.0,43.48500061035156
2012-01-26,43.845001220703125,43.189998626708984,43.6150016784668,43.654998779296875,599800.0,43.654998779296875
2012-01-27,43.290000915527344,40.95500183105469,43.16999816894531,41.72999954223633,2271600.0,41.72999954223633
2012-01-30,42.4900016784668,41.05500030517578,41.625,42.345001220703125,802000.0,42.345001220703125
2012-01-31,42.78499984741211,42.04499816894531,42.31999969482422,42.29499816894531,565800.0,42.29499816894531
2012-02-01,43.22999954223633,42.31999969482422,42.439998626708984,43.185001373291016,490800.0,43.185001373291016
2012-02-02,43.619998931884766,43.025001525878906,43.04499816894531,43.39500045776367,605200.0,43.39500045776367
2012-02-03,43.80500030517578,43.209999084472656,43.70000076293945,43.27000045776367,353800.0,43.27000045776367
2012-02-06,43.15999984741211,42.6349983215332,43.14500045776367,42.8650016784668,435000.0,42.8650016784668
2012-02-07,43.185001373291016,42.459999084472656,42.80500030517578,42.92499923706055,295200.0,42.92499923706055
2012-02-08,43.19499969482422,42.40999984741211,42.91999816894531,43.029998779296875,224200.0,43.029998779296875
2012-02-09,43.2400016784668,42.45500183105469,43.1349983215332,43.029998779296875,255400.0,43.029998779296875
2012-02-10,43.09000015258789,42.380001068115234,42.654998779296875,42.84000015258789,364000.0,42.84000015258789
2012-02-13,43.55500030517578,42.875,43.290000915527344,43.470001220703125,454200.0,43.470001220703125
2012-02-14,43.709999084472656,43.22999954223633,43.334999084472656,43.709999084472656,210400.0,43.709999084472656
2012-02-15,43.96500015258789,43.400001525878906,43.69499969482422,43.95500183105469,482600.0,43.95500183105469
2012-02-16,44.6150016784668,43.7400016784668,43.75,44.51499938964844,572000.0,44.51499938964844
2012-02-17,44.75,44.1150016784668,44.375,44.244998931884766,386800.0,44.244998931884766
2012-02-21,44.345001220703125,43.90999984741211,44.25,44.29499816894531,383000.0,44.29499816894531
2012-02-22,44.51499938964844,43.80500030517578,44.14500045776367,44.36000061035156,502800.0,44.36000061035156
2012-02-23,44.540000915527344,43.959999084472656,44.3650016784668,44.04999923706055,487400.0,44.04999923706055
2012-02-24,44.23500061035156,43.915000915527344,44.005001068115234,43.994998931884766,806600.0,43.994998931884766
2012-02-27,44.04499816894531,43.42499923706055,43.755001068115234,43.70000076293945,739000.0,43.70000076293945
2012-02-28,43.95500183105469,43.3849983215332,43.775001525878906,43.56999969482422,342000.0,43.56999969482422
2012-02-29,43.814998626708984,42.849998474121094,43.630001068115234,42.875,475000.0,42.875
2012-03-01,43.314998626708984,42.814998626708984,42.814998626708984,43.064998626708984,421200.0,43.064998626708984
2012-03-02,43.23500061035156,42.470001220703125,43.05500030517578,42.56999969482422,290400.0,42.56999969482422
2012-03-05,42.61000061035156,42.26499938964844,42.27000045776367,42.439998626708984,256000.0,42.439998626708984
2012-03-06,42.224998474121094,41.4900016784668,42.154998779296875,41.5099983215332,382400.0,41.5099983215332
2012-03-07,41.814998626708984,41.45000076293945,41.529998779296875,41.619998931884766,417600.0,41.619998931884766
2012-03-08,42.20500183105469,41.4900016784668,41.95000076293945,41.95000076293945,774400.0,41.95000076293945
2012-03-09,43.45500183105469,41.9900016784668,41.9900016784668,42.54499816894531,619800.0,42.54499816894531
2012-03-12,42.52000045776367,41.279998779296875,42.5,41.5,1056600.0,41.5
2012-03-13,42.189998626708984,41.560001373291016,41.755001068115234,42.189998626708984,580000.0,42.189998626708984
2012-03-14,42.34000015258789,41.68000030517578,42.02000045776367,42.0,566800.0,42.0
2012-03-15,42.525001525878906,41.88999938964844,41.88999938964844,42.435001373291016,355000.0,42.435001373291016
2012-03-16,42.400001525878906,42.04999923706055,42.400001525878906,42.27000045776367,732600.0,42.27000045776367
2012-03-19,42.3650016784668,41.779998779296875,42.209999084472656,41.94499969482422,608600.0,41.94499969482422
2012-03-20,42.375,41.709999084472656,41.709999084472656,42.20500183105469,401600.0,42.20500183105469
2012-03-21,42.525001525878906,41.970001220703125,42.17499923706055,42.26499938964844,296600.0,42.26499938964844
2012-03-22,42.17499923706055,41.459999084472656,42.07500076293945,41.814998626708984,218600.0,41.814998626708984
2012-03-23,42.244998931884766,41.630001068115234,41.85499954223633,42.224998474121094,317600.0,42.224998474121094
2012-03-26,43.310001373291016,42.540000915527344,42.540000915527344,43.04999923706055,462200.0,43.04999923706055
2012-03-27,43.334999084472656,42.724998474121094,42.994998931884766,43.08000183105469,336600.0,43.08000183105469
2012-03-28,43.630001068115234,43.0099983215332,43.0099983215332,43.404998779296875,584600.0,43.404998779296875
2012-03-29,43.63999938964844,43.04999923706055,43.29999923706055,43.32500076293945,410200.0,43.32500076293945
2012-03-30,43.935001373291016,43.310001373291016,43.32500076293945,43.724998474121094,591200.0,43.724998474121094
2012-04-02,43.970001220703125,43.415000915527344,43.57500076293945,43.55500030517578,536600.0,43.55500030517578
2012-04-03,43.900001525878906,43.31999969482422,43.52000045776367,43.75,456400.0,43.75
2012-04-04,43.654998779296875,43.07500076293945,43.375,43.46500015258789,493000.0,43.46500015258789
2012-04-05,43.55500030517578,43.23500061035156,43.375,43.48500061035156,210200.0,43.48500061035156
2012-04-09,43.27000045776367,42.665000915527344,42.849998474121094,43.03499984741211,386400.0,43.03499984741211
2012-04-10,42.974998474121094,42.13999938964844,42.939998626708984,42.185001373291016,394200.0,42.185001373291016
2012-04-11,42.6150016784668,42.2599983215332,42.6150016784668,42.45500183105469,365400.0,42.45500183105469
2012-04-12,43.28499984741211,42.29499816894531,42.54499816894531,43.1150016784668,311000.0,43.1150016784668
2012-04-13,43.13999938964844,42.459999084472656,43.060001373291016,42.5099983215332,179600.0,42.5099983215332
2012-04-16,43.0,41.94499969482422,42.72999954223633,42.19499969482422,519000.0,42.19499969482422
2012-04-17,43.54499816894531,42.5,42.5,43.32500076293945,519000.0,43.32500076293945
2012-04-18,43.875,43.279998779296875,43.279998779296875,43.845001220703125,690800.0,43.845001220703125
2012-04-19,44.4900016784668,43.625,43.80500030517578,44.09000015258789,696000.0,44.09000015258789
2012-04-20,44.3849983215332,41.349998474121094,44.33000183105469,43.220001220703125,2379600.0,43.220001220703125
2012-04-23,44.084999084472656,42.474998474121094,43.64500045776367,42.58000183105469,1192400.0,42.58000183105469
2012-04-24,42.89500045776367,42.435001373291016,42.540000915527344,42.744998931884766,616000.0,42.744998931884766
2012-04-25,43.5,42.814998626708984,43.0,43.125,377200.0,43.125
2012-04-26,43.584999084472656,42.915000915527344,43.189998626708984,43.415000915527344,300200.0,43.415000915527344
2012-04-27,44.5,43.3650016784668,43.625,44.099998474121094,480400.0,44.099998474121094
2012-04-30,44.25,43.834999084472656,44.13999938964844,43.96500015258789,376000.0,43.96500015258789
2012-05-01,44.810001373291016,43.650001525878906,43.90999984741211,44.39500045776367,540000.0,44.39500045776367
2012-05-02,44.56999969482422,43.875,43.875,44.4900016784668,445400.0,44.4900016784668
2012-05-03,44.75,44.14500045776367,44.525001525878906,44.369998931884766,434200.0,44.369998931884766
2012-05-04,44.224998474121094,43.33000183105469,44.064998626708984,43.584999084472656,546000.0,43.584999084472656
2012-05-07,44.51499938964844,43.30500030517578,43.68000030517578,44.45000076293945,821600.0,44.45000076293945
2012-05-08,44.57500076293945,43.81999969482422,44.21500015258789,44.54999923706055,931800.0,44.54999923706055
2012-05-09,44.2400016784668,43.73500061035156,44.15999984741211,44.04499816894531,384000.0,44.04499816894531
2012-05-10,44.4900016784668,43.974998474121094,44.3849983215332,44.10499954223633,270000.0,44.10499954223633
2012-05-11,44.5,43.625,43.744998931884766,44.060001373291016,495600.0,44.060001373291016
2012-05-14,44.0099983215332,43.255001068115234,43.650001525878906,43.34000015258789,637200.0,43.34000015258789
2012-05-15,43.7599983215332,43.03499984741211,43.29999923706055,43.435001373291016,494000.0,43.435001373291016
2012-05-16,43.625,42.91999816894531,43.625,42.96500015258789,499600.0,42.96500015258789
2012-05-17,43.185001373291016,42.05500030517578,43.0,42.06999969482422,354000.0,42.06999969482422
2012-05-18,42.415000915527344,40.974998474121094,42.29999923706055,41.060001373291016,666000.0,41.060001373291016
2012-05-21,42.25,40.95500183105469,41.04999923706055,42.18000030517578,683200.0,42.18000030517578
2012-05-22,42.90999984741211,41.970001220703125,42.255001068115234,42.220001220703125,600000.0,42.220001220703125
2012-05-23,42.5,41.54999923706055,41.939998626708984,42.400001525878906,406000.0,42.400001525878906
2012-05-24,43.185001373291016,42.5,42.59000015258789,43.119998931884766,640400.0,43.119998931884766
2012-05-25,43.314998626708984,42.689998626708984,43.060001373291016,43.060001373291016,268200.0,43.060001373291016
2012-05-29,43.810001373291016,43.27000045776367,43.474998474121094,43.5099983215332,190000.0,43.5099983215332
2012-05-30,43.400001525878906,42.70000076293945,43.15999984741211,42.720001220703125,344600.0,42.720001220703125
2012-05-31,42.70000076293945,41.89500045776367,42.64500045776367,42.41999816894531,903800.0,42.41999816894531
2012-06-01,42.0099983215332,40.91999816894531,41.650001525878906,40.959999084472656,549800.0,40.959999084472656
2012-06-04,41.35499954223633,40.654998779296875,41.11000061035156,41.255001068115234,808600.0,41.255001068115234
2012-06-05,41.900001525878906,40.92499923706055,41.17499923706055,41.869998931884766,479800.0,41.869998931884766
2012-06-06,42.709999084472656,42.165000915527344,42.22999954223633,42.650001525878906,189800.0,42.650001525878906
2012-06-07,43.224998474121094,42.375,42.974998474121094,42.46500015258789,292600.0,42.46500015258789
2012-06-08,42.98500061035156,42.19499969482422,42.28499984741211,42.810001373291016,149600.0,42.810001373291016
2012-06-11,43.19499969482422,42.48500061035156,43.005001068115234,42.529998779296875,354400.0,42.529998779296875
2012-06-12,42.85499954223633,42.32500076293945,42.7400016784668,42.744998931884766,237600.0,42.744998931884766
2012-06-13,43.1349983215332,42.470001220703125,42.619998931884766,42.70500183105469,343400.0,42.70500183105469
2012-06-14,44.31999969482422,42.66999816894531,42.66999816894531,43.994998931884766,742000.0,43.994998931884766
2012-06-15,44.560001373291016,43.875,44.334999084472656,44.189998626708984,929000.0,44.189998626708984
2012-06-18,45.459999084472656,43.70500183105469,43.869998931884766,45.45000076293945,514800.0,45.45000076293945
2012-06-19,47.33000183105469,45.45000076293945,45.625,47.07500076293945,1019800.0,47.07500076293945
2012-06-20,47.5,46.48500061035156,46.97999954223633,47.43000030517578,739800.0,47.43000030517578
2012-06-21,47.974998474121094,45.71500015258789,47.369998931884766,45.77000045776367,1092200.0,45.77000045776367
2012-06-22,46.724998474121094,45.6349983215332,45.7599983215332,46.6150016784668,723200.0,46.6150016784668
2012-06-25,46.415000915527344,45.68000030517578,46.189998626708984,46.29499816894531,327000.0,46.29499816894531
2012-06-26,46.959999084472656,46.060001373291016,46.435001373291016,46.875,548600.0,46.875
2012-06-27,47.73500061035156,46.875,47.0,47.63999938964844,772800.0,47.63999938964844
2012-06-28,47.875,46.29999923706055,47.40999984741211,46.790000915527344,921800.0,46.790000915527344
2012-06-29,48.400001525878906,47.400001525878906,47.78499984741211,48.064998626708984,916200.0,48.064998626708984
2012-07-02,49.154998779296875,47.85499954223633,48.05500030517578,49.0099983215332,559400.0,49.0099983215332
2012-07-03,49.189998626708984,48.66999816894531,48.84000015258789,48.77000045776367,343200.0,48.77000045776367
2012-07-05,48.845001220703125,47.95000076293945,48.18000030517578,48.11000061035156,1174800.0,48.11000061035156
2012-07-06,48.029998779296875,47.55500030517578,47.79499816894531,47.755001068115234,371800.0,47.755001068115234
2012-07-09,48.04999923706055,47.665000915527344,47.869998931884766,47.90999984741211,747000.0,47.90999984741211
2012-07-10,48.505001068115234,46.80500030517578,48.310001373291016,46.974998474121094,774200.0,46.974998474121094
2012-07-11,47.71500015258789,46.86000061035156,47.224998474121094,47.65999984741211,899600.0,47.65999984741211
2012-07-12,47.43000030517578,46.790000915527344,47.290000915527344,46.81999969482422,668600.0,46.81999969482422
2012-07-13,46.63999938964844,46.07500076293945,46.5,46.189998626708984,1109800.0,46.189998626708984
2012-07-16,46.10499954223633,45.1349983215332,46.07500076293945,45.349998474121094,1147000.0,45.349998474121094
2012-07-17,46.1150016784668,45.18000030517578,45.630001068115234,46.005001068115234,806600.0,46.005001068115234
2012-07-18,46.439998626708984,45.685001373291016,45.900001525878906,46.029998779296875,691600.0,46.029998779296875
2012-07-19,46.56999969482422,45.95000076293945,46.0,46.35499954223633,772400.0,46.35499954223633
2012-07-20,45.125,43.82500076293945,44.75,44.91999816894531,2189000.0,44.91999816894531
2012-07-23,44.0099983215332,43.18000030517578,43.18000030517578,43.904998779296875,830800.0,43.904998779296875
2012-07-24,44.150001525878906,43.255001068115234,43.904998779296875,43.60499954223633,898400.0,43.60499954223633
2012-07-25,44.064998626708984,43.18000030517578,43.72999954223633,43.81999969482422,801000.0,43.81999969482422
2012-07-26,44.5,43.584999084472656,44.349998474121094,43.95500183105469,601600.0,43.95500183105469
2012-07-27,45.209999084472656,44.275001525878906,44.38999938964844,44.76499938964844,757800.0,44.76499938964844
2012-07-30,44.625,44.04499816894531,44.095001220703125,44.564998626708984,506200.0,44.564998626708984
2012-07-31,44.7400016784668,43.97999954223633,44.46500015258789,44.084999084472656,519000.0,44.084999084472656
2012-08-01,44.349998474121094,43.75,43.91999816894531,43.959999084472656,457000.0,43.959999084472656
2012-08-02,44.13999938964844,43.375,43.720001220703125,43.75,475000.0,43.75
2012-08-03,45.39500045776367,44.564998626708984,44.6150016784668,45.0099983215332,486200.0,45.0099983215332
2012-08-06,45.2599983215332,44.79499816894531,44.970001220703125,44.8849983215332,581200.0,44.8849983215332
2012-08-07,45.46500015258789,44.51499938964844,44.959999084472656,44.60499954223633,535400.0,44.60499954223633
2012-08-08,45.064998626708984,44.01499938964844,44.369998931884766,44.96500015258789,1338800.0,44.96500015258789
2012-08-09,45.040000915527344,44.400001525878906,44.86000061035156,44.80500030517578,549800.0,44.80500030517578
2012-08-10,46.30500030517578,45.14500045776367,45.165000915527344,46.27000045776367,910600.0,46.27000045776367
2012-08-13,46.21500015258789,45.21500015258789,46.029998779296875,45.599998474121094,492800.0,45.599998474121094
2012-08-14,45.96500015258789,45.505001068115234,45.709999084472656,45.724998474121094,278200.0,45.724998474121094
2012-08-15,46.470001220703125,45.494998931884766,45.665000915527344,46.3849983215332,285800.0,46.3849983215332
2012-08-16,47.0,46.36000061035156,46.56999969482422,46.8849983215332,535400.0,46.8849983215332
2012-08-17,47.44499969482422,46.65999984741211,47.0,47.18000030517578,507600.0,47.18000030517578
2012-08-20,47.275001525878906,46.849998474121094,46.89500045776367,47.13999938964844,420600.0,47.13999938964844
2012-08-21,47.6349983215332,46.92499923706055,47.119998931884766,46.95500183105469,617600.0,46.95500183105469
2012-08-22,47.1150016784668,46.56999969482422,46.994998931884766,46.650001525878906,351600.0,46.650001525878906
2012-08-23,47.125,46.380001068115234,46.54999923706055,47.0,449200.0,47.0
2012-08-24,47.43000030517578,46.91999816894531,46.91999816894531,47.0,244800.0,47.0
2012-08-27,47.72999954223633,47.0,47.22999954223633,47.064998626708984,635200.0,47.064998626708984
2012-08-28,47.665000915527344,46.849998474121094,46.849998474121094,47.54999923706055,392800.0,47.54999923706055
2012-08-29,47.845001220703125,47.23500061035156,47.4900016784668,47.435001373291016,444600.0,47.435001373291016
2012-08-30,47.494998931884766,46.875,47.099998474121094,47.29999923706055,378400.0,47.29999923706055
2012-08-31,47.904998779296875,47.119998931884766,47.70000076293945,47.529998779296875,332400.0,47.529998779296875
2012-09-04,48.5,47.32500076293945,47.6349983215332,48.35499954223633,560400.0,48.35499954223633
2012-09-05,48.76499938964844,48.040000915527344,48.29999923706055,48.459999084472656,784600.0,48.459999084472656
2012-09-06,49.70000076293945,48.47999954223633,48.7599983215332,49.3849983215332,760600.0,49.3849983215332
2012-09-07,49.79999923706055,49.220001220703125,49.375,49.2599983215332,444400.0,49.2599983215332
2012-09-10,49.57500076293945,48.834999084472656,48.834999084472656,49.125,273600.0,49.125
2012-09-11,49.334999084472656,48.79999923706055,48.95000076293945,48.915000915527344,339200.0,48.915000915527344
2012-09-12,49.6150016784668,47.15999984741211,49.1150016784668,49.584999084472656,392600.0,49.584999084472656
2012-09-13,49.875,49.255001068115234,49.77000045776367,49.69499969482422,826400.0,49.69499969482422
2012-09-14,50.0,49.3849983215332,49.724998474121094,50.0,460000.0,50.0
2012-09-17,49.79999923706055,48.474998474121094,49.79999923706055,48.7400016784668,1040000.0,48.7400016784668
2012-09-18,49.04999923706055,48.45000076293945,48.779998779296875,48.814998626708984,728000.0,48.814998626708984
2012-09-19,48.97999954223633,48.44499969482422,48.67499923706055,48.810001373291016,469400.0,48.810001373291016
2012-09-20,49.310001373291016,48.474998474121094,48.474998474121094,49.224998474121094,329200.0,49.224998474121094
2012-09-21,50.0,49.38999938964844,49.525001525878906,49.51499938964844,938200.0,49.51499938964844
2012-09-24,50.11000061035156,49.17499923706055,49.36000061035156,50.07500076293945,538800.0,50.07500076293945
2012-09-25,50.59000015258789,49.79499816894531,50.334999084472656,49.96500015258789,870600.0,49.96500015258789
2012-09-26,50.20500183105469,49.25,49.939998626708984,49.494998931884766,573800.0,49.494998931884766
2012-09-27,49.95500183105469,49.459999084472656,49.61000061035156,49.79499816894531,467000.0,49.79499816894531
2012-09-28,49.845001220703125,49.17499923706055,49.56999969482422,49.67499923706055,396600.0,49.67499923706055
2012-10-01,49.85499954223633,48.220001220703125,49.85499954223633,48.83000183105469,1209800.0,48.83000183105469
2012-10-02,49.18000030517578,48.60499954223633,48.915000915527344,48.849998474121094,452000.0,48.849998474121094
2012-10-03,49.46500015258789,48.76499938964844,49.04499816894531,49.09000015258789,462000.0,49.09000015258789
2012-10-04,49.60499954223633,49.189998626708984,49.189998626708984,49.5,271400.0,49.5
2012-10-05,50.025001525878906,49.29999923706055,49.63999938964844,49.39500045776367,358600.0,49.39500045776367
2012-10-08,49.849998474121094,49.209999084472656,49.39500045776367,49.44499969482422,262200.0,49.44499969482422
2012-10-09,49.619998931884766,47.83000183105469,49.29499816894531,47.8650016784668,306200.0,47.8650016784668
2012-10-10,48.185001373291016,47.70500183105469,47.959999084472656,47.84000015258789,394200.0,47.84000015258789
2012-10-11,48.630001068115234,48.0099983215332,48.220001220703125,48.45000076293945,245400.0,48.45000076293945
2012-10-12,48.724998474121094,47.8849983215332,48.47999954223633,47.970001220703125,230000.0,47.970001220703125
2012-10-15,48.790000915527344,47.88999938964844,48.209999084472656,48.52000045776367,368400.0,48.52000045776367
2012-10-16,49.095001220703125,48.65999984741211,48.900001525878906,49.01499938964844,233400.0,49.01499938964844
2012-10-17,49.474998474121094,48.7400016784668,49.040000915527344,49.244998931884766,328600.0,49.244998931884766
2012-10-18,49.599998474121094,48.375,49.064998626708984,49.47999954223633,835400.0,49.47999954223633
2012-10-19,49.5,47.63999938964844,49.11000061035156,48.79499816894531,1138200.0,48.79499816894531
2012-10-22,49.06999969482422,48.314998626708984,48.65999984741211,48.94499969482422,430200.0,48.94499969482422
2012-10-23,49.040000915527344,48.0,48.57500076293945,48.494998931884766,306000.0,48.494998931884766
2012-10-24,48.775001525878906,47.94499969482422,48.75,48.025001525878906,344400.0,48.025001525878906
2012-10-25,48.5,47.849998474121094,48.22999954223633,48.119998931884766,538600.0,48.119998931884766
2012-10-26,48.72999954223633,47.61000061035156,48.0,47.880001068115234,571200.0,47.880001068115234
2012-10-31,49.20500183105469,47.650001525878906,47.834999084472656,48.099998474121094,421800.0,48.099998474121094
2012-11-01,48.220001220703125,47.60499954223633,47.94499969482422,47.71500015258789,1060800.0,47.71500015258789
2012-11-02,48.11000061035156,47.224998474121094,47.994998931884766,47.31999969482422,547600.0,47.31999969482422
2012-11-05,47.345001220703125,46.81999969482422,47.345001220703125,46.95000076293945,791600.0,46.95000076293945
2012-11-06,47.42499923706055,46.8650016784668,47.255001068115234,46.94499969482422,970400.0,46.94499969482422
2012-11-07,46.81999969482422,46.099998474121094,46.625,46.44499969482422,758200.0,46.44499969482422
2012-11-08,46.404998779296875,44.94499969482422,46.20500183105469,44.95500183105469,1051600.0,44.95500183105469
2012-11-09,45.10499954223633,44.599998474121094,44.88999938964844,44.775001525878906,1044000.0,44.775001525878906
2012-11-12,44.97999954223633,44.470001220703125,44.775001525878906,44.85499954223633,508800.0,44.85499954223633
2012-11-13,45.244998931884766,44.45000076293945,44.665000915527344,44.994998931884766,625000.0,44.994998931884766
2012-11-14,45.560001373291016,44.560001373291016,45.025001525878906,44.65999984741211,757600.0,44.65999984741211
2012-11-15,45.11000061035156,43.755001068115234,44.7400016784668,44.880001068115234,893400.0,44.880001068115234
2012-11-16,45.400001525878906,44.82500076293945,44.92499923706055,45.15999984741211,754000.0,45.15999984741211
2012-11-19,46.31999969482422,45.33000183105469,45.380001068115234,46.310001373291016,747600.0,46.310001373291016
2012-11-20,46.33000183105469,45.54499816894531,46.21500015258789,45.974998474121094,442000.0,45.974998474121094
2012-11-21,46.23500061035156,45.564998626708984,46.0,45.935001373291016,414000.0,45.935001373291016
2012-11-23,47.084999084472656,45.900001525878906,45.900001525878906,47.025001525878906,245400.0,47.025001525878906
2012-11-26,47.130001068115234,46.70500183105469,46.810001373291016,46.96500015258789,374600.0,46.96500015258789
2012-11-27,47.150001525878906,46.03499984741211,46.65999984741211,46.150001525878906,693200.0,46.150001525878906
2012-11-28,46.025001525878906,45.11000061035156,45.849998474121094,45.709999084472656,785600.0,45.709999084472656
2012-11-29,46.88999938964844,46.04499816894531,46.060001373291016,46.630001068115234,520600.0,46.630001068115234
2012-11-30,46.92499923706055,46.4900016784668,46.59000015258789,46.73500061035156,1495400.0,46.73500061035156
2012-12-03,46.98500061035156,45.900001525878906,46.814998626708984,46.08000183105469,605400.0,46.08000183105469
2012-12-04,46.29999923706055,45.72999954223633,46.064998626708984,46.15999984741211,606200.0,46.15999984741211
2012-12-05,46.47999954223633,45.904998779296875,46.224998474121094,46.34000015258789,427600.0,46.34000015258789
2012-12-06,46.63999938964844,46.26499938964844,46.33000183105469,46.54999923706055,278400.0,46.54999923706055
2012-12-07,46.95000076293945,46.44499969482422,46.625,46.755001068115234,331800.0,46.755001068115234
2012-12-10,47.21500015258789,46.525001525878906,46.650001525878906,46.90999984741211,379600.0,46.90999984741211
2012-12-11,47.439998626708984,46.900001525878906,46.90999984741211,47.25,363200.0,47.25
2012-12-12,48.369998931884766,47.095001220703125,47.27000045776367,47.79499816894531,639400.0,47.79499816894531
2012-12-13,47.904998779296875,47.400001525878906,47.73500061035156,47.52000045776367,393800.0,47.52000045776367
2012-12-14,48.3849983215332,47.01499938964844,47.189998626708984,47.84000015258789,473200.0,47.84000015258789
2012-12-17,48.21500015258789,47.779998779296875,47.79999923706055,47.959999084472656,512400.0,47.959999084472656
2012-12-18,48.15999984741211,47.810001373291016,47.8849983215332,48.02000045776367,406000.0,48.02000045776367
2012-12-19,48.45500183105469,47.779998779296875,48.23500061035156,47.79499816894531,496400.0,47.79499816894531
2012-12-20,48.189998626708984,47.665000915527344,47.665000915527344,48.119998931884766,330600.0,48.119998931884766
2012-12-21,48.56999969482422,47.33000183105469,47.33000183105469,47.619998931884766,1578600.0,47.619998931884766
2012-12-24,48.35499954223633,47.19499969482422,47.810001373291016,47.630001068115234,264000.0,47.630001068115234
2012-12-26,47.83000183105469,46.275001525878906,47.814998626708984,46.279998779296875,642400.0,46.279998779296875
2012-12-27,46.625,45.95500183105469,46.349998474121094,46.459999084472656,496200.0,46.459999084472656
2012-12-28,46.47999954223633,45.79499816894531,46.165000915527344,45.85499954223633,314800.0,45.85499954223633
2012-12-31,46.5,45.54499816894531,45.75,46.400001525878906,572400.0,46.400001525878906
2013-01-02,47.404998779296875,46.69499969482422,47.29499816894531,47.025001525878906,447000.0,47.025001525878906
2013-01-03,47.375,46.689998626708984,46.834999084472656,47.0,492000.0,47.0
2013-01-04,47.96500015258789,46.94499969482422,47.15999984741211,47.439998626708984,519400.0,47.439998626708984
2013-01-07,47.939998626708984,47.255001068115234,47.32500076293945,47.720001220703125,394200.0,47.720001220703125
2013-01-08,48.290000915527344,47.560001373291016,47.79999923706055,48.005001068115234,525000.0,48.005001068115234
2013-01-09,48.94499969482422,48.06999969482422,48.25,48.56999969482422,511800.0,48.56999969482422
2013-01-10,49.0099983215332,48.45000076293945,48.845001220703125,48.630001068115234,302000.0,48.630001068115234
2013-01-11,48.95500183105469,48.36000061035156,48.709999084472656,48.54999923706055,256000.0,48.54999923706055
2013-01-14,48.70000076293945,47.970001220703125,48.584999084472656,47.97999954223633,349600.0,47.97999954223633
2013-01-15,48.33000183105469,47.459999084472656,47.875,47.474998474121094,554200.0,47.474998474121094
2013-01-16,47.939998626708984,46.71500015258789,47.375,47.19499969482422,721800.0,47.19499969482422
2013-01-17,47.650001525878906,47.125,47.3650016784668,47.165000915527344,427400.0,47.165000915527344
2013-01-18,47.334999084472656,46.599998474121094,47.125,46.625,735400.0,46.625
2013-01-22,47.779998779296875,46.71500015258789,46.71500015258789,47.744998931884766,1147000.0,47.744998931884766
2013-01-23,47.66999816894531,47.40999984741211,47.625,47.619998931884766,1344000.0,47.619998931884766
2013-01-24,48.31999969482422,47.51499938964844,47.625,48.314998626708984,2059400.0,48.314998626708984
2013-01-25,49.875,48.31999969482422,48.42499923706055,49.72999954223633,1505800.0,49.72999954223633
2013-01-28,50.404998779296875,49.400001525878906,49.400001525878906,49.82500076293945,1128600.0,49.82500076293945
2013-01-29,49.06999969482422,46.744998931884766,46.744998931884766,48.709999084472656,1682000.0,48.709999084472656
2013-01-30,49.1349983215332,47.970001220703125,48.70500183105469,48.08000183105469,785000.0,48.08000183105469
2013-01-31,48.060001373291016,47.40999984741211,47.76499938964844,47.60499954223633,807000.0,47.60499954223633
2013-02-01,48.1150016784668,47.10499954223633,47.81999969482422,47.22999954223633,1259600.0,47.22999954223633
2013-02-04,47.22999954223633,46.60499954223633,47.03499984741211,46.810001373291016,720200.0,46.810001373291016
2013-02-05,47.08000183105469,46.810001373291016,46.98500061035156,46.900001525878906,726200.0,46.900001525878906
2013-02-06,47.0,46.6349983215332,46.845001220703125,46.95000076293945,611200.0,46.95000076293945
2013-02-07,47.0,46.68000030517578,47.0,46.95000076293945,372200.0,46.95000076293945
2013-02-08,47.06999969482422,46.7400016784668,46.95000076293945,46.78499984741211,491600.0,46.78499984741211
2013-02-11,46.98500061035156,46.525001525878906,46.900001525878906,46.779998779296875,319000.0,46.779998779296875
2013-02-12,47.01499938964844,46.349998474121094,46.935001373291016,46.46500015258789,658600.0,46.46500015258789
2013-02-13,46.60499954223633,45.79499816894531,46.595001220703125,46.040000915527344,1646800.0,46.040000915527344
2013-02-14,46.255001068115234,45.75,46.029998779296875,45.84000015258789,477600.0,45.84000015258789
2013-02-15,45.82500076293945,45.375,45.79999923706055,45.599998474121094,666200.0,45.599998474121094
2013-02-19,46.130001068115234,45.5099983215332,45.61000061035156,45.97999954223633,621000.0,45.97999954223633
2013-02-20,46.345001220703125,45.849998474121094,45.8650016784668,46.03499984741211,809800.0,46.03499984741211
2013-02-21,45.93000030517578,45.53499984741211,45.85499954223633,45.60499954223633,526200.0,45.60499954223633
2013-02-22,46.17499923706055,45.6349983215332,45.834999084472656,46.099998474121094,442800.0,46.099998474121094
2013-02-25,46.45000076293945,46.005001068115234,46.20500183105469,46.099998474121094,1187000.0,46.099998474121094
2013-02-26,46.48500061035156,45.599998474121094,46.13999938964844,45.650001525878906,844200.0,45.650001525878906
2013-02-27,46.69499969482422,45.61000061035156,45.65999984741211,46.275001525878906,640800.0,46.275001525878906
2013-02-28,46.6150016784668,45.98500061035156,46.3849983215332,46.060001373291016,764600.0,46.060001373291016
2013-03-01,46.029998779296875,45.38999938964844,45.915000915527344,45.625,1301600.0,45.625
2013-03-04,45.665000915527344,45.095001220703125,45.52000045776367,45.57500076293945,662000.0,45.57500076293945
2013-03-05,46.685001373291016,45.75,45.849998474121094,46.625,609800.0,46.625
2013-03-06,47.1349983215332,45.970001220703125,46.779998779296875,46.064998626708984,657000.0,46.064998626708984
2013-03-07,46.189998626708984,45.28499984741211,46.0,45.5099983215332,491400.0,45.5099983215332
2013-03-08,46.025001525878906,45.119998931884766,45.529998779296875,45.72999954223633,1221600.0,45.72999954223633
2013-03-11,46.310001373291016,45.689998626708984,45.755001068115234,45.915000915527344,339000.0,45.915000915527344
2013-03-12,45.900001525878906,45.494998931884766,45.790000915527344,45.755001068115234,348800.0,45.755001068115234
2013-03-13,46.005001068115234,45.5099983215332,45.779998779296875,45.83000183105469,373800.0,45.83000183105469
2013-03-14,46.57500076293945,45.814998626708984,45.81999969482422,46.36000061035156,902600.0,46.36000061035156
2013-03-15,46.42499923706055,46.0099983215332,46.290000915527344,46.224998474121094,927600.0,46.224998474121094
2013-03-18,46.17499923706055,45.52000045776367,45.724998474121094,45.595001220703125,380800.0,45.595001220703125
2013-03-19,46.06999969482422,45.165000915527344,45.709999084472656,45.68000030517578,413600.0,45.68000030517578
2013-03-20,46.209999084472656,45.689998626708984,45.744998931884766,45.78499984741211,271000.0,45.78499984741211
2013-03-21,46.0099983215332,45.35499954223633,45.599998474121094,45.79999923706055,441000.0,45.79999923706055
2013-03-22,46.21500015258789,45.86000061035156,45.86000061035156,46.03499984741211,586200.0,46.03499984741211
2013-03-25,46.21500015258789,45.470001220703125,46.20000076293945,45.630001068115234,386600.0,45.630001068115234
2013-03-26,46.16999816894531,45.70000076293945,45.8849983215332,46.13999938964844,230400.0,46.13999938964844
2013-03-27,46.61000061035156,45.8650016784668,45.98500061035156,46.44499969482422,549400.0,46.44499969482422
2013-03-28,46.505001068115234,45.8849983215332,46.435001373291016,46.19499969482422,452200.0,46.19499969482422
2013-04-01,46.20000076293945,45.14500045776367,46.029998779296875,45.415000915527344,727400.0,45.415000915527344
2013-04-02,45.900001525878906,45.375,45.470001220703125,45.5,339600.0,45.5
2013-04-03,45.529998779296875,44.404998779296875,45.404998779296875,44.53499984741211,582800.0,44.53499984741211
2013-04-04,44.82500076293945,43.94499969482422,44.67499923706055,44.814998626708984,889000.0,44.814998626708984
2013-04-05,44.974998474121094,44.224998474121094,44.47999954223633,44.8650016784668,543600.0,44.8650016784668
2013-04-08,45.275001525878906,44.70000076293945,44.85499954223633,45.19499969482422,369000.0,45.19499969482422
2013-04-09,45.56999969482422,44.95000076293945,45.25,45.255001068115234,463000.0,45.255001068115234
2013-04-10,45.564998626708984,45.01499938964844,45.564998626708984,45.44499969482422,667400.0,45.44499969482422
2013-04-11,45.79499816894531,45.38999938964844,45.400001525878906,45.47999954223633,862800.0,45.47999954223633
2013-04-12,45.470001220703125,43.95000076293945,45.349998474121094,44.314998626708984,1007400.0,44.314998626708984
2013-04-15,44.52000045776367,43.79999923706055,44.099998474121094,43.86000061035156,627800.0,43.86000061035156
2013-04-16,44.85499954223633,43.625,44.16999816894531,44.81999969482422,756400.0,44.81999969482422
2013-04-17,44.6349983215332,44.06999969482422,44.54499816894531,44.47999954223633,990800.0,44.47999954223633
2013-04-18,44.79999923706055,44.32500076293945,44.505001068115234,44.65999984741211,764400.0,44.65999984741211
2013-04-19,45.31999969482422,44.5099983215332,44.75,45.279998779296875,613200.0,45.279998779296875
2013-04-22,45.48500061035156,44.775001525878906,45.40999984741211,45.0,1069200.0,45.0
2013-04-23,44.10499954223633,41.525001525878906,41.91999816894531,43.32500076293945,6353200.0,43.32500076293945
2013-04-24,43.29999923706055,42.01499938964844,43.224998474121094,42.1349983215332,2763200.0,42.1349983215332
2013-04-25,43.76499938964844,42.224998474121094,42.290000915527344,43.51499938964844,1782200.0,43.51499938964844
2013-04-26,43.974998474121094,43.349998474121094,43.529998779296875,43.96500015258789,1006800.0,43.96500015258789
2013-04-29,44.53499984741211,44.06999969482422,44.1150016784668,44.18000030517578,1481200.0,44.18000030517578
2013-04-30,44.474998474121094,43.744998931884766,44.290000915527344,43.97999954223633,1522600.0,43.97999954223633
2013-05-01,43.9900016784668,42.57500076293945,43.7599983215332,42.619998931884766,1502600.0,42.619998931884766
2013-05-02,42.880001068115234,42.04999923706055,42.755001068115234,42.20000076293945,1177800.0,42.20000076293945
2013-05-03,42.744998931884766,42.33000183105469,42.54499816894531,42.654998779296875,1099600.0,42.654998779296875
2013-05-06,43.0,42.70500183105469,42.79499816894531,42.900001525878906,497400.0,42.900001525878906
2013-05-07,43.165000915527344,42.79499816894531,42.994998931884766,42.95000076293945,575400.0,42.95000076293945
2013-05-08,43.755001068115234,42.869998931884766,42.869998931884766,43.68000030517578,510000.0,43.68000030517578
2013-05-09,43.75,43.27000045776367,43.5,43.40999984741211,568000.0,43.40999984741211
2013-05-10,43.970001220703125,43.29499816894531,43.470001220703125,43.880001068115234,491400.0,43.880001068115234
2013-05-13,44.03499984741211,43.47999954223633,43.86000061035156,43.5,402800.0,43.5
2013-05-14,44.52000045776367,43.564998626708984,43.77000045776367,44.3849983215332,630200.0,44.3849983215332
2013-05-15,44.474998474121094,43.60499954223633,44.25,43.76499938964844,924800.0,43.76499938964844
2013-05-16,44.064998626708984,43.25,43.790000915527344,43.29999923706055,505000.0,43.29999923706055
2013-05-17,43.470001220703125,43.02000045776367,43.470001220703125,43.20000076293945,686200.0,43.20000076293945
2013-05-20,43.41999816894531,42.75,43.07500076293945,42.82500076293945,562800.0,42.82500076293945
2013-05-21,43.084999084472656,42.654998779296875,42.82500076293945,42.779998779296875,676400.0,42.779998779296875
2013-05-22,43.125,41.66999816894531,42.779998779296875,41.685001373291016,948000.0,41.685001373291016
2013-05-23,42.48500061035156,41.20000076293945,41.53499984741211,42.2400016784668,1193600.0,42.2400016784668
2013-05-24,42.1349983215332,41.744998931884766,42.119998931884766,41.904998779296875,503200.0,41.904998779296875
2013-05-28,42.494998931884766,42.185001373291016,42.224998474121094,42.23500061035156,1211600.0,42.23500061035156
2013-05-29,42.20000076293945,41.540000915527344,42.0,41.849998474121094,1003800.0,41.849998474121094
2013-05-30,41.994998931884766,40.78499984741211,41.994998931884766,41.60499954223633,1266400.0,41.60499954223633
2013-05-31,41.79999923706055,41.005001068115234,41.47999954223633,41.220001220703125,932800.0,41.220001220703125
2013-06-03,41.70000076293945,41.11000061035156,41.38999938964844,41.46500015258789,876000.0,41.46500015258789
2013-06-04,42.165000915527344,41.47999954223633,41.58000183105469,41.845001220703125,1044200.0,41.845001220703125
2013-06-05,42.095001220703125,41.69499969482422,41.8849983215332,41.790000915527344,654800.0,41.790000915527344
2013-06-06,42.36000061035156,41.810001373291016,41.85499954223633,42.025001525878906,959800.0,42.025001525878906
2013-06-07,42.33000183105469,41.810001373291016,42.33000183105469,41.939998626708984,808800.0,41.939998626708984
2013-06-10,42.439998626708984,41.75,42.064998626708984,41.9900016784668,745000.0,41.9900016784668
2013-06-11,42.88999938964844,41.73500061035156,42.8849983215332,42.529998779296875,1268200.0,42.529998779296875
2013-06-12,43.04499816894531,42.38999938964844,42.814998626708984,42.96500015258789,1013800.0,42.96500015258789
2013-06-13,44.81999969482422,42.755001068115234,43.01499938964844,44.68000030517578,1378000.0,44.68000030517578
2013-06-14,44.8650016784668,44.53499984741211,44.75,44.63999938964844,1039200.0,44.63999938964844
2013-06-17,46.29999923706055,45.04499816894531,45.04499816894531,45.439998626708984,2211800.0,45.439998626708984
2013-06-18,45.939998626708984,45.064998626708984,45.46500015258789,45.244998931884766,1050000.0,45.244998931884766
2013-06-19,45.474998474121094,44.5099983215332,45.310001373291016,44.525001525878906,1424400.0,44.525001525878906
2013-06-20,44.435001373291016,43.89500045776367,44.125,44.09000015258789,1098000.0,44.09000015258789
2013-06-21,45.52000045776367,44.119998931884766,44.3849983215332,44.95000076293945,1556400.0,44.95000076293945
2013-06-24,45.15999984741211,44.20500183105469,44.505001068115234,44.73500061035156,848600.0,44.73500061035156
2013-06-25,45.290000915527344,44.404998779296875,44.970001220703125,45.130001068115234,547800.0,45.130001068115234
2013-06-26,45.6150016784668,45.21500015258789,45.540000915527344,45.35499954223633,734600.0,45.35499954223633
2013-06-27,45.970001220703125,45.36000061035156,45.45500183105469,45.36000061035156,412000.0,45.36000061035156
2013-06-28,45.630001068115234,44.82500076293945,45.36000061035156,44.845001220703125,1122000.0,44.845001220703125
2013-07-01,46.095001220703125,44.755001068115234,45.220001220703125,45.3650016784668,844200.0,45.3650016784668
2013-07-02,45.790000915527344,44.81999969482422,45.42499923706055,44.92499923706055,669400.0,44.92499923706055
2013-07-03,44.95000076293945,43.994998931884766,44.95000076293945,44.3650016784668,934000.0,44.3650016784668
2013-07-05,45.69499969482422,44.5,44.73500061035156,45.529998779296875,988200.0,45.529998779296875
2013-07-08,45.8650016784668,45.154998779296875,45.52000045776367,45.54999923706055,721800.0,45.54999923706055
2013-07-09,46.42499923706055,45.595001220703125,45.79999923706055,46.27000045776367,892200.0,46.27000045776367
2013-07-10,46.27000045776367,45.47999954223633,46.130001068115234,45.73500061035156,959200.0,45.73500061035156
2013-07-11,46.709999084472656,45.8650016784668,46.33000183105469,46.630001068115234,905400.0,46.630001068115234
2013-07-12,47.0,46.345001220703125,46.630001068115234,46.94499969482422,500200.0,46.94499969482422
2013-07-15,48.48500061035156,47.79999923706055,47.79999923706055,48.040000915527344,1284200.0,48.040000915527344
2013-07-16,48.209999084472656,47.69499969482422,48.20500183105469,47.779998779296875,455800.0,47.779998779296875
2013-07-17,48.10499954223633,47.619998931884766,48.0,48.025001525878906,530800.0,48.025001525878906
2013-07-18,48.2400016784668,47.724998474121094,47.974998474121094,47.79999923706055,485800.0,47.79999923706055
2013-07-19,48.25,47.599998474121094,47.689998626708984,48.0099983215332,490400.0,48.0099983215332
2013-07-22,48.900001525878906,47.79999923706055,47.89500045776367,48.709999084472656,1441000.0,48.709999084472656
2013-07-23,48.52000045776367,45.51499938964844,48.0,48.185001373291016,3181800.0,48.185001373291016
2013-07-24,49.349998474121094,48.2599983215332,48.494998931884766,48.39500045776367,988400.0,48.39500045776367
2013-07-25,49.0099983215332,48.21500015258789,48.21500015258789,48.685001373291016,595400.0,48.685001373291016
2013-07-26,48.70000076293945,48.02000045776367,48.63999938964844,48.29999923706055,480400.0,48.29999923706055
2013-07-29,48.90999984741211,48.0099983215332,48.0099983215332,48.8650016784668,454400.0,48.8650016784668
2013-07-30,49.310001373291016,48.654998779296875,48.875,48.92499923706055,589600.0,48.92499923706055
2013-07-31,49.45000076293945,48.80500030517578,49.05500030517578,48.994998931884766,637400.0,48.994998931884766
2013-08-01,50.185001373291016,49.14500045776367,49.14500045776367,49.595001220703125,946000.0,49.595001220703125
2013-08-02,49.79499816894531,49.20500183105469,49.439998626708984,49.45500183105469,448800.0,49.45500183105469
2013-08-05,49.68000030517578,49.04499816894531,49.345001220703125,49.32500076293945,362200.0,49.32500076293945
2013-08-06,49.43000030517578,48.59000015258789,49.209999084472656,48.744998931884766,696400.0,48.744998931884766
2013-08-07,48.83000183105469,48.3650016784668,48.61000061035156,48.3849983215332,425000.0,48.3849983215332
2013-08-08,48.685001373291016,48.39500045776367,48.5,48.5,543000.0,48.5
2013-08-09,48.654998779296875,48.27000045776367,48.5099983215332,48.41999816894531,533800.0,48.41999816894531
2013-08-12,48.57500076293945,48.154998779296875,48.279998779296875,48.525001525878906,456000.0,48.525001525878906
2013-08-13,48.56999969482422,48.095001220703125,48.5,48.5,510000.0,48.5
2013-08-14,48.595001220703125,48.13999938964844,48.55500030517578,48.26499938964844,389200.0,48.26499938964844
2013-08-15,48.08000183105469,47.43000030517578,47.875,47.83000183105469,402200.0,47.83000183105469
2013-08-16,48.0099983215332,47.525001525878906,47.709999084472656,47.880001068115234,324200.0,47.880001068115234
2013-08-19,48.220001220703125,47.7400016784668,47.7400016784668,48.0,265600.0,48.0
2013-08-20,48.46500015258789,47.77000045776367,48.060001373291016,48.255001068115234,405400.0,48.255001068115234
2013-08-21,48.3650016784668,47.904998779296875,48.029998779296875,47.935001373291016,385800.0,47.935001373291016
2013-08-22,48.98500061035156,48.04499816894531,48.154998779296875,48.56999969482422,195400.0,48.56999969482422
2013-08-23,48.8650016784668,48.28499984741211,48.755001068115234,48.64500045776367,313200.0,48.64500045776367
2013-08-26,49.17499923706055,48.595001220703125,48.595001220703125,48.81999969482422,251200.0,48.81999969482422
2013-08-27,48.45000076293945,47.474998474121094,48.40999984741211,47.77000045776367,422400.0,47.77000045776367
2013-08-28,48.130001068115234,47.34000015258789,47.66999816894531,47.63999938964844,265000.0,47.63999938964844
2013-08-29,47.904998779296875,47.25,47.650001525878906,47.584999084472656,315400.0,47.584999084472656
2013-08-30,47.7400016784668,46.849998474121094,47.42499923706055,46.90999984741211,427200.0,46.90999984741211
2013-09-03,47.45000076293945,46.04499816894531,47.130001068115234,46.595001220703125,910000.0,46.595001220703125
2013-09-04,47.80500030517578,46.41999816894531,46.54499816894531,47.66999816894531,644000.0,47.66999816894531
2013-09-05,47.86000061035156,47.0,47.0,47.625,328400.0,47.625
2013-09-06,48.125,47.244998931884766,47.810001373291016,47.70000076293945,338200.0,47.70000076293945
2013-09-09,48.32500076293945,47.68000030517578,47.880001068115234,48.20500183105469,402200.0,48.20500183105469
2013-09-10,48.64500045776367,48.244998931884766,48.30500030517578,48.595001220703125,447200.0,48.595001220703125
2013-09-11,48.65999984741211,48.15999984741211,48.400001525878906,48.6150016784668,325400.0,48.6150016784668
2013-09-12,49.0,48.099998474121094,48.599998474121094,48.18000030517578,258400.0,48.18000030517578
2013-09-13,48.58000183105469,47.92499923706055,48.17499923706055,48.369998931884766,451200.0,48.369998931884766
2013-09-16,48.779998779296875,48.30500030517578,48.54499816894531,48.52000045776367,322400.0,48.52000045776367
2013-09-17,49.16999816894531,48.32500076293945,48.599998474121094,49.03499984741211,279800.0,49.03499984741211
2013-09-18,49.375,48.404998779296875,49.02000045776367,49.17499923706055,312000.0,49.17499923706055
2013-09-19,49.459999084472656,48.814998626708984,49.275001525878906,49.040000915527344,233000.0,49.040000915527344
2013-09-20,49.474998474121094,48.80500030517578,49.130001068115234,49.22999954223633,966400.0,49.22999954223633
2013-09-23,49.775001525878906,48.959999084472656,49.025001525878906,49.595001220703125,532800.0,49.595001220703125
2013-09-24,49.720001220703125,48.970001220703125,49.709999084472656,49.005001068115234,547800.0,49.005001068115234
2013-09-25,49.119998931884766,48.72999954223633,48.92499923706055,48.845001220703125,513200.0,48.845001220703125
2013-09-26,49.19499969482422,48.81999969482422,48.970001220703125,49.130001068115234,256600.0,49.130001068115234
2013-09-27,49.400001525878906,48.63999938964844,48.84000015258789,49.28499984741211,341200.0,49.28499984741211
2013-09-30,50.17499923706055,48.39500045776367,48.974998474121094,49.82500076293945,996600.0,49.82500076293945
2013-10-01,51.404998779296875,49.564998626708984,49.834999084472656,51.369998931884766,1366200.0,51.369998931884766
2013-10-02,51.755001068115234,50.53499984741211,50.89500045776367,51.38999938964844,933000.0,51.38999938964844
2013-10-03,51.3849983215332,50.224998474121094,51.14500045776367,50.630001068115234,545800.0,50.630001068115234
2013-10-04,51.36000061035156,50.540000915527344,50.540000915527344,50.994998931884766,334400.0,50.994998931884766
2013-10-07,51.1349983215332,50.45000076293945,50.61000061035156,50.79999923706055,334000.0,50.79999923706055
2013-10-08,51.11000061035156,50.48500061035156,50.904998779296875,50.60499954223633,545600.0,50.60499954223633
2013-10-09,51.154998779296875,50.60499954223633,50.904998779296875,50.67499923706055,624000.0,50.67499923706055
2013-10-10,51.60499954223633,51.02000045776367,51.165000915527344,51.57500076293945,539600.0,51.57500076293945
2013-10-11,52.09000015258789,51.30500030517578,51.59000015258789,52.084999084472656,368400.0,52.084999084472656
2013-10-14,53.13999938964844,51.73500061035156,51.86000061035156,53.09000015258789,476400.0,53.09000015258789
2013-10-15,53.435001373291016,52.459999084472656,52.84000015258789,52.59000015258789,589800.0,52.59000015258789
2013-10-16,53.314998626708984,52.56999969482422,52.775001525878906,52.900001525878906,491200.0,52.900001525878906
2013-10-17,53.185001373291016,52.619998931884766,52.619998931884766,53.119998931884766,465200.0,53.119998931884766
2013-10-18,53.39500045776367,52.834999084472656,53.18000030517578,53.23500061035156,521400.0,53.23500061035156
2013-10-21,53.31999969482422,52.84000015258789,53.15999984741211,52.98500061035156,1185600.0,52.98500061035156
2013-10-22,53.400001525878906,51.040000915527344,52.91999816894531,51.6150016784668,1463400.0,51.6150016784668
2013-10-23,52.70000076293945,51.17499923706055,51.17499923706055,52.470001220703125,728000.0,52.470001220703125
2013-10-24,52.625,51.91999816894531,52.35499954223633,51.974998474121094,583400.0,51.974998474121094
2013-10-25,52.459999084472656,51.7400016784668,51.95000076293945,52.29999923706055,429200.0,52.29999923706055
2013-10-28,53.70500183105469,52.029998779296875,52.185001373291016,53.70500183105469,841200.0,53.70500183105469
2013-10-29,54.3849983215332,53.459999084472656,53.77000045776367,54.150001525878906,964400.0,54.150001525878906
2013-10-30,54.38999938964844,53.71500015258789,54.084999084472656,53.915000915527344,364000.0,53.915000915527344
2013-10-31,54.334999084472656,53.45500183105469,53.814998626708984,53.93000030517578,530800.0,53.93000030517578
2013-11-01,54.29999923706055,53.46500015258789,54.0,54.099998474121094,457800.0,54.099998474121094
2013-11-04,56.55500030517578,53.724998474121094,56.55500030517578,54.415000915527344,471800.0,54.415000915527344
2013-11-05,54.5099983215332,53.599998474121094,54.060001373291016,54.34000015258789,499800.0,54.34000015258789
2013-11-06,54.685001373291016,53.814998626708984,54.685001373291016,54.31999969482422,230600.0,54.31999969482422
2013-11-07,54.90999984741211,54.20500183105469,54.6349983215332,54.279998779296875,557600.0,54.279998779296875
2013-11-08,54.86000061035156,54.025001525878906,54.400001525878906,54.80500030517578,311600.0,54.80500030517578
2013-11-11,54.52000045776367,54.10499954223633,54.52000045776367,54.2400016784668,315800.0,54.2400016784668
2013-11-12,54.05500030517578,53.28499984741211,54.0,53.349998474121094,843200.0,53.349998474121094
2013-11-13,53.314998626708984,52.58000183105469,53.314998626708984,52.959999084472656,1670600.0,52.959999084472656
2013-11-14,53.814998626708984,53.0,53.130001068115234,53.224998474121094,881200.0,53.224998474121094
2013-11-15,54.26499938964844,53.30500030517578,53.46500015258789,53.5,1209600.0,53.5
2013-11-18,53.85499954223633,52.8849983215332,53.70000076293945,53.04499816894531,497600.0,53.04499816894531
2013-11-19,53.755001068115234,52.78499984741211,53.01499938964844,53.53499984741211,282000.0,53.53499984741211
2013-11-20,54.09000015258789,53.31999969482422,53.474998474121094,53.67499923706055,504000.0,53.67499923706055
2013-11-21,54.415000915527344,53.5,53.89500045776367,53.755001068115234,450600.0,53.755001068115234
2013-11-22,54.21500015258789,52.73500061035156,53.91999816894531,52.744998931884766,902600.0,52.744998931884766
2013-11-25,53.29499816894531,52.45000076293945,53.0099983215332,52.69499969482422,589800.0,52.69499969482422
2013-11-26,52.80500030517578,52.10499954223633,52.665000915527344,52.26499938964844,747800.0,52.26499938964844
2013-11-27,52.540000915527344,52.025001525878906,52.4900016784668,52.2400016784668,557600.0,52.2400016784668
2013-11-29,52.61000061035156,51.88999938964844,52.41999816894531,52.08000183105469,416200.0,52.08000183105469
2013-12-02,52.7400016784668,51.55500030517578,51.97999954223633,52.5099983215332,1466600.0,52.5099983215332
2013-12-03,52.65999984741211,52.20500183105469,52.28499984741211,52.47999954223633,334200.0,52.47999954223633
2013-12-04,52.61000061035156,51.724998474121094,52.15999984741211,52.189998626708984,324600.0,52.189998626708984
2013-12-05,52.439998626708984,51.630001068115234,52.1349983215332,52.0,306400.0,52.0
2013-12-06,52.709999084472656,51.875,52.334999084472656,52.0,478400.0,52.0
2013-12-09,52.81999969482422,51.5099983215332,52.0,52.060001373291016,562600.0,52.060001373291016
2013-12-10,52.25,51.5099983215332,51.94499969482422,51.75,709600.0,51.75
2013-12-11,51.970001220703125,50.97999954223633,51.875,51.07500076293945,760600.0,51.07500076293945
2013-12-12,51.6150016784668,50.665000915527344,51.154998779296875,50.79499816894531,938200.0,50.79499816894531
2013-12-13,51.3849983215332,50.70500183105469,50.70500183105469,51.1349983215332,752000.0,51.1349983215332
2013-12-16,52.39500045776367,51.345001220703125,51.459999084472656,51.71500015258789,2050800.0,51.71500015258789
2013-12-17,52.345001220703125,51.529998779296875,51.83000183105469,52.16999816894531,2697400.0,52.16999816894531
2013-12-18,52.654998779296875,51.77000045776367,52.369998931884766,52.0,1183800.0,52.0
2013-12-19,52.3849983215332,51.349998474121094,51.71500015258789,51.904998779296875,1546400.0,51.904998779296875
2013-12-20,53.06999969482422,51.90999984741211,51.90999984741211,52.60499954223633,2206800.0,52.60499954223633
2013-12-23,52.875,52.1349983215332,52.875,52.66999816894531,423200.0,52.66999816894531
2013-12-24,53.220001220703125,52.099998474121094,52.595001220703125,53.0,174800.0,53.0
2013-12-26,53.255001068115234,52.83000183105469,53.08000183105469,52.86000061035156,411600.0,52.86000061035156
2013-12-27,53.529998779296875,52.85499954223633,53.0099983215332,53.3849983215332,411000.0,53.3849983215332
2013-12-30,53.474998474121094,52.79999923706055,53.279998779296875,53.345001220703125,378400.0,53.345001220703125
2013-12-31,53.59000015258789,52.779998779296875,53.59000015258789,53.185001373291016,739800.0,53.185001373291016
2014-01-02,53.73500061035156,52.31999969482422,52.994998931884766,52.51499938964844,855200.0,52.51499938964844
2014-01-03,53.279998779296875,52.529998779296875,52.79499816894531,53.14500045776367,583800.0,53.14500045776367
2014-01-06,53.46500015258789,52.505001068115234,53.29999923706055,52.65999984741211,695600.0,52.65999984741211
2014-01-07,53.95000076293945,52.525001525878906,52.834999084472656,53.93000030517578,504400.0,53.93000030517578
2014-01-08,54.45000076293945,53.57500076293945,53.97999954223633,54.154998779296875,500800.0,54.154998779296875
2014-01-09,54.54499816894531,53.73500061035156,54.17499923706055,54.4900016784668,329400.0,54.4900016784668
2014-01-10,54.994998931884766,54.1150016784668,54.5,54.525001525878906,464800.0,54.525001525878906
2014-01-13,54.75,53.875,54.2599983215332,54.189998626708984,408600.0,54.189998626708984
2014-01-14,55.290000915527344,54.005001068115234,54.439998626708984,55.005001068115234,468000.0,55.005001068115234
2014-01-15,56.279998779296875,54.994998931884766,54.994998931884766,56.05500030517578,819600.0,56.05500030517578
2014-01-16,56.375,55.685001373291016,56.005001068115234,56.255001068115234,577800.0,56.255001068115234
2014-01-17,56.86000061035156,55.970001220703125,56.11000061035156,56.790000915527344,649800.0,56.790000915527344
2014-01-21,57.5,56.67499923706055,56.915000915527344,57.09000015258789,842400.0,57.09000015258789
2014-01-22,57.4900016784668,56.810001373291016,57.16999816894531,57.290000915527344,544200.0,57.290000915527344
2014-01-23,57.46500015258789,56.80500030517578,56.97999954223633,57.29999923706055,528400.0,57.29999923706055
2014-01-24,57.18000030517578,55.849998474121094,57.18000030517578,56.63999938964844,607000.0,56.63999938964844
2014-01-27,57.345001220703125,56.21500015258789,56.71500015258789,56.45500183105469,551800.0,56.45500183105469
2014-01-28,56.80500030517578,56.3849983215332,56.6150016784668,56.55500030517578,684800.0,56.55500030517578
2014-01-29,56.939998626708984,56.03499984741211,56.03499984741211,56.724998474121094,428800.0,56.724998474121094
2014-01-30,57.07500076293945,55.65999984741211,56.154998779296875,56.880001068115234,877200.0,56.880001068115234
2014-01-31,57.19499969482422,55.474998474121094,56.1349983215332,57.130001068115234,1340200.0,57.130001068115234
2014-02-03,56.845001220703125,54.290000915527344,56.845001220703125,54.54499816894531,1568600.0,54.54499816894531
2014-02-04,58.439998626708984,55.42499923706055,57.5,57.54999923706055,1704600.0,57.54999923706055
2014-02-05,58.23500061035156,56.51499938964844,57.25,58.1150016784668,1014600.0,58.1150016784668
2014-02-06,58.900001525878906,57.69499969482422,58.400001525878906,58.525001525878906,860800.0,58.525001525878906
2014-02-07,59.564998626708984,58.42499923706055,58.900001525878906,59.44499969482422,664400.0,59.44499969482422
2014-02-10,60.4900016784668,59.375,59.55500030517578,60.439998626708984,968400.0,60.439998626708984
2014-02-11,61.53499984741211,59.915000915527344,60.375,61.13999938964844,684200.0,61.13999938964844
2014-02-12,61.93000030517578,60.30500030517578,61.02000045776367,61.34000015258789,599200.0,61.34000015258789
2014-02-13,62.1150016784668,59.540000915527344,60.89500045776367,62.03499984741211,410600.0,62.03499984741211
2014-02-14,62.150001525878906,61.255001068115234,61.7400016784668,62.0,620600.0,62.0
2014-02-18,62.849998474121094,61.720001220703125,62.0,62.79999923706055,630800.0,62.79999923706055
2014-02-19,62.89500045776367,62.029998779296875,62.32500076293945,62.54499816894531,360000.0,62.54499816894531
2014-02-20,63.415000915527344,62.11000061035156,62.61000061035156,63.165000915527344,522800.0,63.165000915527344
2014-02-21,63.21500015258789,62.189998626708984,63.11000061035156,62.31999969482422,613000.0,62.31999969482422
2014-02-24,63.095001220703125,62.32500076293945,62.654998779296875,62.720001220703125,390200.0,62.720001220703125
2014-02-25,63.18000030517578,62.540000915527344,62.85499954223633,62.77000045776367,517200.0,62.77000045776367
2014-02-26,63.36000061035156,62.81999969482422,63.0,63.064998626708984,384200.0,63.064998626708984
2014-02-27,63.42499923706055,62.46500015258789,63.099998474121094,63.17499923706055,489000.0,63.17499923706055
2014-02-28,63.494998931884766,62.540000915527344,63.060001373291016,62.95000076293945,531200.0,62.95000076293945
2014-03-03,62.779998779296875,62.03499984741211,62.345001220703125,62.290000915527344,529600.0,62.290000915527344
2014-03-04,63.40999984741211,62.65999984741211,63.025001525878906,63.04499816894531,656000.0,63.04499816894531
2014-03-05,63.380001068115234,62.6150016784668,63.21500015258789,63.0,399200.0,63.0
2014-03-06,63.724998474121094,62.8849983215332,63.189998626708984,63.334999084472656,703600.0,63.334999084472656
2014-03-07,63.689998626708984,63.0,63.529998779296875,63.3650016784668,420000.0,63.3650016784668
2014-03-10,64.125,63.08000183105469,63.08000183105469,63.775001525878906,491000.0,63.775001525878906
2014-03-11,64.63500213623047,63.720001220703125,64.01000213623047,63.79499816894531,406600.0,63.79499816894531
2014-03-12,64.23500061035156,63.11000061035156,63.404998779296875,64.12999725341797,497000.0,64.12999725341797
2014-03-13,64.27999877929688,63.01499938964844,64.27999877929688,63.04499816894531,435200.0,63.04499816894531
2014-03-14,64.0250015258789,62.79499816894531,62.79499816894531,63.95500183105469,576800.0,63.95500183105469
2014-03-17,64.58499908447266,61.81999969482422,63.994998931884766,61.84000015258789,1255000.0,61.84000015258789
2014-03-18,62.810001373291016,61.56999969482422,62.04499816894531,62.470001220703125,559600.0,62.470001220703125
2014-03-19,62.35499954223633,61.47999954223633,62.35499954223633,61.869998931884766,622600.0,61.869998931884766
2014-03-20,62.07500076293945,61.435001373291016,61.94499969482422,61.77000045776367,526200.0,61.77000045776367
2014-03-21,62.40999984741211,60.744998931884766,61.994998931884766,60.875,1084600.0,60.875
2014-03-24,61.189998626708984,60.025001525878906,61.15999984741211,60.8650016784668,830400.0,60.8650016784668
2014-03-25,61.724998474121094,60.814998626708984,60.974998474121094,61.09000015258789,610800.0,61.09000015258789
2014-03-26,61.54999923706055,60.75,61.4900016784668,60.775001525878906,404000.0,60.775001525878906
2014-03-27,61.2599983215332,60.095001220703125,60.84000015258789,60.775001525878906,424000.0,60.775001525878906
2014-03-28,61.36000061035156,60.47999954223633,61.04499816894531,60.79499816894531,290600.0,60.79499816894531
2014-03-31,61.17499923706055,60.6349983215332,60.970001220703125,60.70000076293945,1048200.0,60.70000076293945
2014-04-01,61.0,60.404998779296875,61.0,60.82500076293945,878600.0,60.82500076293945
2014-04-02,61.18000030517578,60.599998474121094,61.0,61.15999984741211,684800.0,61.15999984741211
2014-04-03,62.32500076293945,60.654998779296875,61.244998931884766,62.099998474121094,1703000.0,62.099998474121094
2014-04-04,62.599998474121094,60.88999938964844,62.494998931884766,60.974998474121094,459200.0,60.974998474121094
2014-04-07,61.3650016784668,59.790000915527344,60.720001220703125,60.0099983215332,817800.0,60.0099983215332
2014-04-08,60.599998474121094,59.459999084472656,60.10499954223633,60.48500061035156,656200.0,60.48500061035156
2014-04-09,61.314998626708984,60.334999084472656,60.7400016784668,61.27000045776367,481400.0,61.27000045776367
2014-04-10,61.915000915527344,59.59000015258789,61.255001068115234,59.81999969482422,348000.0,59.81999969482422
2014-04-11,60.084999084472656,58.689998626708984,59.415000915527344,58.75,401800.0,58.75
2014-04-14,59.77000045776367,58.05500030517578,59.435001373291016,59.19499969482422,468000.0,59.19499969482422
2014-04-15,59.630001068115234,57.91999816894531,59.314998626708984,59.06999969482422,341000.0,59.06999969482422
2014-04-16,59.7599983215332,58.94499969482422,59.36000061035156,59.119998931884766,439800.0,59.119998931884766
2014-04-17,59.8650016784668,58.93000030517578,59.209999084472656,58.970001220703125,303400.0,58.970001220703125
2014-04-21,59.58000183105469,59.01499938964844,59.150001525878906,59.165000915527344,565200.0,59.165000915527344
2014-04-22,59.7400016784668,58.57500076293945,59.17499923706055,59.375,498600.0,59.375
2014-04-23,59.95000076293945,58.8650016784668,59.380001068115234,59.939998626708984,406400.0,59.939998626708984
2014-04-24,60.57500076293945,59.310001373291016,60.275001525878906,60.32500076293945,624800.0,60.32500076293945
2014-04-25,62.665000915527344,60.005001068115234,61.099998474121094,61.875,932000.0,61.875
2014-04-28,62.73500061035156,61.119998931884766,62.17499923706055,62.04499816894531,428800.0,62.04499816894531
2014-04-29,63.3650016784668,62.10499954223633,62.10499954223633,63.255001068115234,802800.0,63.255001068115234
2014-04-30,63.415000915527344,62.880001068115234,63.025001525878906,63.220001220703125,575000.0,63.220001220703125
2014-05-01,64.0999984741211,62.834999084472656,63.224998474121094,63.86000061035156,605800.0,63.86000061035156
2014-05-02,64.41500091552734,63.54499816894531,63.79499816894531,64.19000244140625,507200.0,64.19000244140625
2014-05-05,64.98999786376953,63.51499938964844,64.40499877929688,64.94000244140625,703000.0,64.94000244140625
2014-05-06,65.07499694824219,64.13500213623047,64.69999694824219,64.96499633789062,697200.0,64.96499633789062
2014-05-07,65.5,63.845001220703125,65.11000061035156,64.69000244140625,966600.0,64.69000244140625
2014-05-08,65.95999908447266,64.4749984741211,64.80500030517578,65.42500305175781,673400.0,65.42500305175781
2014-05-09,65.72000122070312,64.83000183105469,65.2750015258789,65.6500015258789,523800.0,65.6500015258789
2014-05-12,66.69999694824219,65.97000122070312,66.1050033569336,66.2300033569336,402400.0,66.2300033569336
2014-05-13,66.15499877929688,64.19000244140625,66.15499877929688,64.44000244140625,846200.0,64.44000244140625
2014-05-14,64.3949966430664,63.79499816894531,64.20500183105469,63.9900016784668,674800.0,63.9900016784668
2014-05-15,64.47000122070312,63.02000045776367,63.8849983215332,63.39500045776367,495200.0,63.39500045776367
2014-05-16,63.72999954223633,63.064998626708984,63.5,63.54499816894531,514200.0,63.54499816894531
2014-05-19,64.28500366210938,62.97999954223633,63.3650016784668,63.85499954223633,475800.0,63.85499954223633
2014-05-20,64.23999786376953,63.099998474121094,63.720001220703125,63.779998779296875,358800.0,63.779998779296875
2014-05-21,64.2699966430664,63.3849983215332,63.880001068115234,63.81999969482422,369600.0,63.81999969482422
2014-05-22,64.53500366210938,63.78499984741211,63.814998626708984,64.12000274658203,279000.0,64.12000274658203
2014-05-23,64.48999786376953,63.75,64.11000061035156,64.29499816894531,396200.0,64.29499816894531
2014-05-27,65.03500366210938,64.19000244140625,64.34500122070312,64.5999984741211,323000.0,64.5999984741211
2014-05-28,64.5,63.5,64.4800033569336,63.775001525878906,580600.0,63.775001525878906
2014-05-29,64.05000305175781,63.35499954223633,64.01499938964844,64.05000305175781,352600.0,64.05000305175781
2014-05-30,64.4749984741211,63.92499923706055,64.19000244140625,64.23999786376953,630400.0,64.23999786376953
2014-06-02,64.73500061035156,63.7599983215332,64.25,64.58499908447266,306200.0,64.58499908447266
2014-06-03,65.11499786376953,64.26499938964844,64.38500213623047,64.91500091552734,373800.0,64.91500091552734
2014-06-04,65.5199966430664,64.5250015258789,64.75499725341797,65.38500213623047,286600.0,65.38500213623047
2014-06-05,65.96499633789062,65.16500091552734,65.6050033569336,65.48500061035156,278800.0,65.48500061035156
2014-06-06,66.04000091552734,65.20999908447266,65.5,65.67500305175781,290600.0,65.67500305175781
2014-06-09,65.625,65.16999816894531,65.625,65.3949966430664,268200.0,65.3949966430664
2014-06-10,65.45999908447266,64.65499877929688,65.19499969482422,65.33999633789062,321000.0,65.33999633789062
2014-06-11,66.41500091552734,65.08999633789062,65.18000030517578,65.97000122070312,488200.0,65.97000122070312
2014-06-12,66.13500213623047,65.46499633789062,66.0199966430664,65.51000213623047,434400.0,65.51000213623047
2014-06-13,65.87999725341797,65.08000183105469,65.51499938964844,65.48999786376953,243200.0,65.48999786376953
2014-06-16,65.83000183105469,64.91999816894531,65.25499725341797,65.1449966430664,431800.0,65.1449966430664
2014-06-17,66.1500015258789,64.76499938964844,65.22000122070312,65.36000061035156,478200.0,65.36000061035156
2014-06-18,66.08999633789062,65.28500366210938,65.36499786376953,65.67500305175781,313200.0,65.67500305175781
2014-06-19,65.8499984741211,65.19499969482422,65.8499984741211,65.3499984741211,430600.0,65.3499984741211
2014-06-20,66.03500366210938,65.31500244140625,65.33000183105469,65.97000122070312,915600.0,65.97000122070312
2014-06-23,66.63500213623047,65.40499877929688,65.83999633789062,66.30999755859375,408400.0,66.30999755859375
2014-06-24,68.06500244140625,67.08000183105469,67.08000183105469,67.19000244140625,815600.0,67.19000244140625
2014-06-25,67.98500061035156,67.26499938964844,67.46499633789062,67.44000244140625,389800.0,67.44000244140625
2014-06-26,67.875,66.68000030517578,67.2249984741211,67.08499908447266,399000.0,67.08499908447266
2014-06-27,67.19000244140625,66.4800033569336,66.80999755859375,66.8550033569336,547000.0,66.8550033569336
2014-06-30,67.20999908447266,66.12999725341797,66.88999938964844,66.78500366210938,501200.0,66.78500366210938
2014-07-01,68.50499725341797,66.36000061035156,66.78500366210938,68.3550033569336,821600.0,68.3550033569336
2014-07-02,68.83999633789062,67.59500122070312,68.25499725341797,67.75499725341797,329800.0,67.75499725341797
2014-07-03,68.36000061035156,67.68000030517578,67.87999725341797,68.20500183105469,240400.0,68.20500183105469
2014-07-07,68.15499877929688,67.41000366210938,68.06500244140625,67.50499725341797,315200.0,67.50499725341797
2014-07-08,67.55000305175781,66.71499633789062,67.33999633789062,66.98500061035156,419800.0,66.98500061035156
2014-07-09,67.51000213623047,66.49500274658203,67.26499938964844,67.1500015258789,327200.0,67.1500015258789
2014-07-10,66.94999694824219,65.87000274658203,66.4000015258789,66.69499969482422,384400.0,66.69499969482422
2014-07-11,67.11000061035156,66.29000091552734,66.87000274658203,66.80500030517578,268200.0,66.80500030517578
2014-07-14,67.77999877929688,66.81999969482422,67.27999877929688,67.6449966430664,523600.0,67.6449966430664
2014-07-15,67.71499633789062,66.36000061035156,67.5,66.40499877929688,465400.0,66.40499877929688
2014-07-16,67.0,65.19000244140625,66.5,65.71499633789062,874400.0,65.71499633789062
2014-07-17,65.73999786376953,64.9800033569336,65.37999725341797,65.0999984741211,490200.0,65.0999984741211
2014-07-18,66.57499694824219,64.7249984741211,65.125,65.625,940400.0,65.625
2014-07-21,65.57499694824219,64.84500122070312,65.57499694824219,64.9800033569336,712800.0,64.9800033569336
2014-07-22,66.34500122070312,65.34500122070312,65.42500305175781,65.7750015258789,891400.0,65.7750015258789
2014-07-23,66.90499877929688,65.94000244140625,65.94000244140625,66.75499725341797,873400.0,66.75499725341797
2014-07-24,67.16000366210938,66.28500366210938,67.04499816894531,66.5250015258789,1154800.0,66.5250015258789
2014-07-25,70.0,64.08999633789062,70.0,64.52999877929688,2871400.0,64.52999877929688
2014-07-28,65.38500213623047,64.42500305175781,64.91000366210938,64.69999694824219,981800.0,64.69999694824219
2014-07-29,64.8499984741211,64.12999725341797,64.54499816894531,64.13500213623047,744600.0,64.13500213623047
2014-07-30,64.99500274658203,62.790000915527344,64.57499694824219,63.35499954223633,1176200.0,63.35499954223633
2014-07-31,63.255001068115234,62.220001220703125,63.06999969482422,62.2400016784668,842200.0,62.2400016784668
2014-08-01,62.7400016784668,61.83000183105469,62.21500015258789,62.334999084472656,1378200.0,62.334999084472656
2014-08-04,63.314998626708984,62.150001525878906,62.595001220703125,63.15999984741211,703400.0,63.15999984741211
2014-08-05,63.33000183105469,62.595001220703125,62.79499816894531,62.880001068115234,970800.0,62.880001068115234
2014-08-06,63.46500015258789,62.689998626708984,62.73500061035156,63.10499954223633,632600.0,63.10499954223633
2014-08-07,63.720001220703125,62.970001220703125,63.275001525878906,63.1349983215332,786800.0,63.1349983215332
2014-08-08,63.974998474121094,63.165000915527344,63.290000915527344,63.939998626708984,583800.0,63.939998626708984
2014-08-11,64.54499816894531,62.86000061035156,64.43499755859375,62.95000076293945,931400.0,62.95000076293945
2014-08-12,63.41999816894531,62.70500183105469,62.95000076293945,63.32500076293945,807400.0,63.32500076293945
2014-08-13,64.06999969482422,63.310001373291016,63.41999816894531,63.79499816894531,549400.0,63.79499816894531
2014-08-14,64.33000183105469,63.20000076293945,63.974998474121094,63.650001525878906,654400.0,63.650001525878906
2014-08-15,64.06500244140625,62.790000915527344,63.959999084472656,63.16999816894531,488200.0,63.16999816894531
2014-08-18,63.90999984741211,63.185001373291016,63.625,63.685001373291016,595200.0,63.685001373291016
2014-08-19,64.4000015258789,63.36000061035156,63.84000015258789,64.38999938964844,508600.0,64.38999938964844
2014-08-20,63.53499984741211,62.084999084472656,63.45000076293945,62.41999816894531,2213200.0,62.41999816894531
2014-08-21,62.494998931884766,61.040000915527344,62.380001068115234,61.19499969482422,1404600.0,61.19499969482422
2014-08-22,61.82500076293945,60.77000045776367,61.07500076293945,61.54999923706055,851000.0,61.54999923706055
2014-08-25,62.540000915527344,61.67499923706055,61.959999084472656,62.255001068115234,725600.0,62.255001068115234
2014-08-26,62.560001373291016,62.02000045776367,62.224998474121094,62.435001373291016,570000.0,62.435001373291016
2014-08-27,62.720001220703125,61.959999084472656,62.380001068115234,62.0,436000.0,62.0
2014-08-28,61.970001220703125,61.57500076293945,61.91999816894531,61.85499954223633,427800.0,61.85499954223633
2014-08-29,62.060001373291016,61.41999816894531,62.0,61.98500061035156,673400.0,61.98500061035156
2014-09-02,62.54999923706055,61.685001373291016,62.150001525878906,62.0099983215332,712800.0,62.0099983215332
2014-09-03,63.880001068115234,62.5,62.5,63.36000061035156,1341000.0,63.36000061035156
2014-09-04,63.810001373291016,62.92499923706055,63.28499984741211,63.255001068115234,988400.0,63.255001068115234
2014-09-05,63.255001068115234,62.46500015258789,63.220001220703125,62.78499984741211,419800.0,62.78499984741211
2014-09-08,63.119998931884766,61.875,62.80500030517578,62.46500015258789,816000.0,62.46500015258789
2014-09-09,62.959999084472656,62.2599983215332,62.2599983215332,62.44499969482422,760600.0,62.44499969482422
2014-09-10,62.63999938964844,62.084999084472656,62.334999084472656,62.32500076293945,732400.0,62.32500076293945
2014-09-11,62.59000015258789,61.970001220703125,62.119998931884766,62.060001373291016,658200.0,62.060001373291016
2014-09-12,62.6349983215332,61.80500030517578,61.92499923706055,61.84000015258789,767600.0,61.84000015258789
2014-09-15,61.834999084472656,60.345001220703125,61.45000076293945,60.88999938964844,811400.0,60.88999938964844
2014-09-16,61.459999084472656,60.51499938964844,60.71500015258789,61.35499954223633,623200.0,61.35499954223633
2014-09-17,61.45500183105469,60.35499954223633,61.16999816894531,60.45000076293945,816400.0,60.45000076293945
2014-09-18,60.6349983215332,59.84000015258789,60.6349983215332,59.89500045776367,1182400.0,59.89500045776367
2014-09-19,60.560001373291016,58.2400016784668,59.8849983215332,58.38999938964844,2747200.0,58.38999938964844
2014-09-22,58.27000045776367,57.2599983215332,58.27000045776367,57.334999084472656,1873800.0,57.334999084472656
2014-09-23,58.05500030517578,56.744998931884766,56.994998931884766,57.625,1800600.0,57.625
2014-09-24,59.52000045776367,57.70500183105469,57.76499938964844,59.35499954223633,1495000.0,59.35499954223633
2014-09-25,59.915000915527344,58.654998779296875,59.314998626708984,58.654998779296875,1265200.0,58.654998779296875
2014-09-26,59.185001373291016,58.52000045776367,58.654998779296875,58.880001068115234,899800.0,58.880001068115234
2014-09-29,59.8849983215332,58.29499816894531,58.33000183105469,59.7599983215332,875200.0,59.7599983215332
2014-09-30,59.8849983215332,58.89500045776367,59.7599983215332,58.915000915527344,1425400.0,58.915000915527344
2014-10-01,61.04999923706055,58.005001068115234,58.69499969482422,60.47999954223633,2721000.0,60.47999954223633
2014-10-02,60.95000076293945,60.18000030517578,60.310001373291016,60.779998779296875,1377200.0,60.779998779296875
2014-10-03,61.30500030517578,60.244998931884766,61.30500030517578,60.974998474121094,2072800.0,60.974998474121094
2014-10-06,61.65999984741211,60.849998474121094,61.14500045776367,61.025001525878906,840000.0,61.025001525878906
2014-10-07,61.345001220703125,60.55500030517578,60.90999984741211,60.75,919600.0,60.75
2014-10-08,61.595001220703125,60.21500015258789,60.69499969482422,61.4900016784668,760600.0,61.4900016784668
2014-10-09,61.57500076293945,60.244998931884766,61.345001220703125,60.41999816894531,1339200.0,60.41999816894531
2014-10-10,61.084999084472656,59.97999954223633,60.470001220703125,59.994998931884766,1223000.0,59.994998931884766
2014-10-13,60.36000061035156,59.15999984741211,60.099998474121094,59.22999954223633,908000.0,59.22999954223633
2014-10-14,59.69499969482422,58.685001373291016,59.375,58.904998779296875,663400.0,58.904998779296875
2014-10-15,59.23500061035156,57.560001373291016,58.165000915527344,58.834999084472656,888000.0,58.834999084472656
2014-10-16,59.29999923706055,57.915000915527344,57.9900016784668,59.095001220703125,1106800.0,59.095001220703125
2014-10-17,59.994998931884766,59.04999923706055,59.5,59.67499923706055,745800.0,59.67499923706055
2014-10-20,60.29999923706055,59.095001220703125,59.42499923706055,60.290000915527344,844400.0,60.290000915527344
2014-10-21,62.23500061035156,60.279998779296875,60.77000045776367,62.20000076293945,852600.0,62.20000076293945
2014-10-22,62.689998626708984,61.650001525878906,62.19499969482422,62.369998931884766,1118400.0,62.369998931884766
2014-10-23,63.209999084472656,61.959999084472656,62.935001373291016,63.17499923706055,1152400.0,63.17499923706055
2014-10-24,70.20999908447266,65.02999877929688,66.5,67.5999984741211,3559600.0,67.5999984741211
2014-10-27,69.49500274658203,67.66500091552734,67.66500091552734,69.37999725341797,1252800.0,69.37999725341797
2014-10-28,71.56500244140625,69.13500213623047,69.83000183105469,71.29499816894531,1313200.0,71.29499816894531
2014-10-29,71.83999633789062,70.30999755859375,71.08499908447266,70.9749984741211,1126400.0,70.9749984741211
2014-10-30,71.55500030517578,69.83499908447266,70.57499694824219,71.43000030517578,636000.0,71.43000030517578
2014-10-31,72.25499725341797,70.7699966430664,72.25499725341797,70.83499908447266,1042200.0,70.83499908447266
2014-11-03,71.49500274658203,69.98999786376953,71.04499816894531,71.41500091552734,1137000.0,71.41500091552734
2014-11-04,72.2249984741211,70.91500091552734,71.41999816894531,72.1449966430664,971800.0,72.1449966430664
2014-11-05,72.80999755859375,71.07499694824219,72.46499633789062,72.05500030517578,1202600.0,72.05500030517578
2014-11-06,72.97000122070312,71.5199966430664,72.21499633789062,72.95500183105469,939600.0,72.95500183105469
2014-11-07,73.0,71.93000030517578,72.80500030517578,72.58000183105469,1990200.0,72.58000183105469
2014-11-10,73.83499908447266,72.09500122070312,72.875,73.58999633789062,1120200.0,73.58999633789062
2014-11-11,76.11499786376953,73.30999755859375,73.54499816894531,76.09500122070312,1778000.0,76.09500122070312
2014-11-12,76.58000183105469,75.4800033569336,75.69999694824219,76.44000244140625,859800.0,76.44000244140625
2014-11-13,76.94499969482422,76.05999755859375,76.73999786376953,76.25,1027000.0,76.25
2014-11-14,76.05500030517578,74.76000213623047,76.04000091552734,75.11000061035156,957400.0,75.11000061035156
2014-11-17,75.5,74.69999694824219,75.00499725341797,74.70500183105469,1338000.0,74.70500183105469
2014-11-18,75.4749984741211,74.625,74.68000030517578,74.98500061035156,935400.0,74.98500061035156
2014-11-19,75.03500366210938,73.97000122070312,74.99500274658203,74.29000091552734,670000.0,74.29000091552734
2014-11-20,74.5250015258789,73.3499984741211,73.86000061035156,73.93000030517578,781000.0,73.93000030517578
2014-11-21,74.75499725341797,73.7300033569336,74.67500305175781,73.875,554400.0,73.875
2014-11-24,74.875,73.75,74.12999725341797,74.79499816894531,678600.0,74.79499816894531
2014-11-25,75.0,73.42500305175781,74.73999786376953,74.05999755859375,790600.0,74.05999755859375
2014-11-26,74.83999633789062,73.6050033569336,74.01000213623047,74.47000122070312,498800.0,74.47000122070312
2014-11-28,75.2249984741211,73.90499877929688,74.43000030517578,74.67500305175781,416600.0,74.67500305175781
2014-12-01,75.13999938964844,73.55500030517578,74.55999755859375,73.7750015258789,800200.0,73.7750015258789
2014-12-02,74.99500274658203,73.56500244140625,73.91500091552734,74.53500366210938,615600.0,74.53500366210938
2014-12-03,74.5250015258789,73.68499755859375,74.5,74.32499694824219,578400.0,74.32499694824219
2014-12-04,75.06999969482422,73.75,74.05000305175781,74.36000061035156,677400.0,74.36000061035156
2014-12-05,74.92500305175781,74.08999633789062,74.42500305175781,74.30999755859375,611800.0,74.30999755859375
2014-12-08,74.11000061035156,73.1050033569336,74.11000061035156,73.91999816894531,859200.0,73.91999816894531
2014-12-09,74.74500274658203,72.50499725341797,73.20500183105469,74.62999725341797,656000.0,74.62999725341797
2014-12-10,74.86499786376953,73.44499969482422,74.7750015258789,73.5199966430664,500400.0,73.5199966430664
2014-12-11,75.08000183105469,73.57499694824219,74.02999877929688,74.54499816894531,715200.0,74.54499816894531
2014-12-12,75.18499755859375,73.875,74.04000091552734,74.43000030517578,627200.0,74.43000030517578
2014-12-15,75.2249984741211,73.23500061035156,74.6449966430664,73.25,982600.0,73.25
2014-12-16,73.58499908447266,71.62999725341797,73.17500305175781,71.68499755859375,952000.0,71.68499755859375
2014-12-17,72.56500244140625,71.31500244140625,71.98999786376953,72.25,690800.0,72.25
2014-12-18,74.00499725341797,72.30999755859375,73.05500030517578,73.98999786376953,578000.0,73.98999786376953
2014-12-19,75.0999984741211,73.96499633789062,73.96499633789062,74.12000274658203,1589000.0,74.12000274658203
2014-12-22,74.83000183105469,73.53500366210938,73.94499969482422,74.23999786376953,495400.0,74.23999786376953
2014-12-23,74.81999969482422,73.12999725341797,74.7249984741211,73.61499786376953,460000.0,73.61499786376953
2014-12-24,75.09500122070312,73.3499984741211,73.59500122070312,74.33999633789062,197000.0,74.33999633789062
2014-12-26,75.06999969482422,74.08499908447266,74.42500305175781,74.31999969482422,418000.0,74.31999969482422
2014-12-29,75.3550033569336,73.76000213623047,74.11000061035156,75.125,586200.0,75.125
2014-12-30,75.49500274658203,74.70999908447266,75.0,74.8499984741211,338600.0,74.8499984741211
2014-12-31,75.30000305175781,74.05500030517578,75.0,74.13500213623047,619000.0,74.13500213623047
2015-01-02,75.07499694824219,73.1449966430664,74.31500244140625,73.66500091552734,514200.0,73.66500091552734
2015-01-05,73.9800033569336,72.73500061035156,73.76000213623047,73.15499877929688,622400.0,73.15499877929688
2015-01-06,73.90499877929688,72.37999725341797,73.30999755859375,73.38999938964844,1301000.0,73.38999938964844
2015-01-07,74.9000015258789,73.19499969482422,73.94000244140625,74.87000274658203,572200.0,74.87000274658203
2015-01-08,75.71499633789062,74.84500122070312,75.125,75.41500091552734,959600.0,75.41500091552734
2015-01-09,75.75499725341797,74.66500091552734,75.31999969482422,74.99500274658203,709800.0,74.99500274658203
2015-01-12,76.125,75.0,75.22000122070312,75.63500213623047,590800.0,75.63500213623047
2015-01-13,78.0250015258789,75.6449966430664,76.20999908447266,78.0,922600.0,78.0
2015-01-14,81.2300033569336,76.8499984741211,77.62999725341797,80.2249984741211,1881000.0,80.2249984741211
2015-01-15,80.76000213623047,78.95500183105469,80.2249984741211,79.16500091552734,930600.0,79.16500091552734
2015-01-16,82.43000030517578,78.3550033569336,79.66000366210938,79.74500274658203,749800.0,79.74500274658203
2015-01-20,80.44000244140625,78.80500030517578,80.17500305175781,80.0,733400.0,80.0
2015-01-21,80.54499816894531,79.34500122070312,80.2249984741211,79.91500091552734,561400.0,79.91500091552734
2015-01-22,83.2699966430664,79.38500213623047,80.0,82.66999816894531,1009200.0,82.66999816894531
2015-01-23,84.25499725341797,82.23999786376953,82.75,83.52999877929688,786200.0,83.52999877929688
2015-01-26,84.13999938964844,82.30999755859375,83.81500244140625,83.05000305175781,938400.0,83.05000305175781
2015-01-27,83.04000091552734,81.7699966430664,82.20500183105469,82.44000244140625,879200.0,82.44000244140625
2015-01-28,83.16500091552734,80.79499816894531,83.12999725341797,81.06500244140625,1050600.0,81.06500244140625
2015-01-29,82.11499786376953,80.5999984741211,81.6500015258789,81.66000366210938,900000.0,81.66000366210938
2015-01-30,82.11499786376953,78.95999908447266,81.12999725341797,79.20999908447266,1687200.0,79.20999908447266
2015-02-02,80.45999908447266,77.80500030517578,79.53500366210938,79.12999725341797,1306600.0,79.12999725341797
2015-02-03,79.91999816894531,77.30500030517578,79.12999725341797,78.45500183105469,813200.0,78.45500183105469
2015-02-04,78.81500244140625,77.33999633789062,78.31500244140625,77.68499755859375,611400.0,77.68499755859375
2015-02-05,78.69999694824219,77.80000305175781,78.05000305175781,77.98999786376953,599400.0,77.98999786376953
2015-02-06,78.86000061035156,76.72000122070312,77.875,77.37000274658203,800000.0,77.37000274658203
2015-02-09,77.58499908447266,76.16000366210938,76.88500213623047,76.43499755859375,763400.0,76.43499755859375
2015-02-10,77.76499938964844,76.44000244140625,77.13500213623047,77.1500015258789,605800.0,77.1500015258789
2015-02-11,79.08000183105469,76.66000366210938,76.88500213623047,78.63500213623047,1161600.0,78.63500213623047
2015-02-12,79.16000366210938,77.68499755859375,78.74500274658203,78.68000030517578,698600.0,78.68000030517578
2015-02-13,79.8550033569336,78.69000244140625,79.41000366210938,79.54000091552734,775400.0,79.54000091552734
2015-02-17,79.98999786376953,77.6050033569336,78.80999755859375,78.00499725341797,936600.0,78.00499725341797
2015-02-18,78.54000091552734,77.26499938964844,77.78500366210938,78.33999633789062,624600.0,78.33999633789062
2015-02-19,78.72000122070312,77.7300033569336,77.94999694824219,78.2699966430664,425800.0,78.2699966430664
2015-02-20,79.36000061035156,77.87000274658203,77.9749984741211,79.07499694824219,481800.0,79.07499694824219
2015-02-23,79.79000091552734,78.73999786376953,78.9800033569336,79.2300033569336,485400.0,79.2300033569336
2015-02-24,79.58999633789062,78.13500213623047,79.15499877929688,78.49500274658203,428800.0,78.49500274658203
2015-02-25,78.90499877929688,78.00499725341797,78.5999984741211,78.54499816894531,449000.0,78.54499816894531
2015-02-26,79.21499633789062,78.07499694824219,78.66500091552734,79.01499938964844,459400.0,79.01499938964844
2015-02-27,79.5,78.36000061035156,79.0999984741211,78.41500091552734,568800.0,78.41500091552734
2015-03-02,79.93000030517578,78.26499938964844,78.26499938964844,79.7300033569336,619000.0,79.7300033569336
2015-03-03,79.54000091552734,77.92500305175781,79.41000366210938,78.61499786376953,499600.0,78.61499786376953
2015-03-04,79.44499969482422,78.11499786376953,78.50499725341797,78.78500366210938,695400.0,78.78500366210938
2015-03-05,79.8550033569336,78.31999969482422,78.80000305175781,78.94499969482422,718200.0,78.94499969482422
2015-03-06,78.83000183105469,76.94999694824219,78.55500030517578,77.26499938964844,593000.0,77.26499938964844
2015-03-09,77.15499877929688,76.01000213623047,77.13999938964844,76.20999908447266,897400.0,76.20999908447266
2015-03-10,76.0250015258789,74.63999938964844,76.0,75.23999786376953,862400.0,75.23999786376953
2015-03-11,75.43000030517578,74.55999755859375,75.43000030517578,74.98500061035156,587200.0,74.98500061035156
2015-03-12,75.31999969482422,74.31500244140625,75.01000213623047,75.16000366210938,479400.0,75.16000366210938
2015-03-13,75.16500091552734,74.37000274658203,74.7750015258789,74.5,509400.0,74.5
2015-03-16,76.83999633789062,75.0,75.12000274658203,76.21499633789062,660000.0,76.21499633789062
2015-03-17,76.31500244140625,75.52999877929688,76.24500274658203,75.83999633789062,359800.0,75.83999633789062
2015-03-18,76.41999816894531,75.2249984741211,75.52999877929688,75.82499694824219,591600.0,75.82499694824219
2015-03-19,77.86000061035156,75.20999908447266,75.69999694824219,77.2249984741211,638600.0,77.2249984741211
2015-03-20,78.18499755859375,75.41999816894531,77.62000274658203,76.4000015258789,1099600.0,76.4000015258789
2015-03-23,77.32499694824219,75.71499633789062,76.27999877929688,77.21499633789062,651000.0,77.21499633789062
2015-03-24,77.87000274658203,76.25499725341797,77.46499633789062,76.28500366210938,470800.0,76.28500366210938
2015-03-25,76.74500274658203,74.84500122070312,76.20999908447266,75.05000305175781,410000.0,75.05000305175781
2015-03-26,75.66000366210938,74.0199966430664,74.4800033569336,75.07499694824219,343400.0,75.07499694824219
2015-03-27,76.7249984741211,74.75,75.08499908447266,76.58499908447266,454400.0,76.58499908447266
2015-03-30,78.5999984741211,76.70999908447266,77.1500015258789,78.05500030517578,662600.0,78.05500030517578
2015-03-31,78.66000366210938,77.19000244140625,77.58000183105469,77.23999786376953,670600.0,77.23999786376953
2015-04-01,76.88500213623047,75.0250015258789,76.88500213623047,75.87999725341797,650600.0,75.87999725341797
2015-04-02,76.82499694824219,75.73999786376953,76.0250015258789,76.54000091552734,399000.0,76.54000091552734
2015-04-06,77.30500030517578,76.02999877929688,76.08000183105469,76.54000091552734,729200.0,76.54000091552734
2015-04-07,76.94999694824219,75.43499755859375,76.47000122070312,75.53500366210938,427800.0,75.53500366210938
2015-04-08,77.30500030517578,75.28500366210938,75.5,76.70500183105469,587000.0,76.70500183105469
2015-04-09,77.02999877929688,75.69000244140625,77.0199966430664,76.38999938964844,232200.0,76.38999938964844
2015-04-10,77.26000213623047,76.56999969482422,76.62999725341797,76.77999877929688,214000.0,76.77999877929688
2015-04-13,77.3499984741211,76.32499694824219,76.58000183105469,76.40499877929688,220600.0,76.40499877929688
2015-04-14,76.5199966430664,75.08999633789062,76.45999908447266,75.90499877929688,354400.0,75.90499877929688
2015-04-15,76.55500030517578,75.33000183105469,76.00499725341797,75.49500274658203,209400.0,75.49500274658203
2015-04-16,76.11000061035156,74.88999938964844,75.09500122070312,75.99500274658203,324200.0,75.99500274658203
2015-04-17,75.66000366210938,74.17500305175781,75.45500183105469,74.70999908447266,384000.0,74.70999908447266
2015-04-20,77.07499694824219,74.68000030517578,75.04000091552734,76.05999755859375,503800.0,76.05999755859375
2015-04-21,77.87000274658203,76.18499755859375,76.43000030517578,77.61000061035156,390000.0,77.61000061035156
2015-04-22,78.05500030517578,76.71499633789062,77.8499984741211,77.98500061035156,490600.0,77.98500061035156
2015-04-23,81.0,77.50499725341797,77.50499725341797,79.69999694824219,833600.0,79.69999694824219
2015-04-24,82.23999786376953,79.41000366210938,80.0,82.0250015258789,1067800.0,82.0250015258789
2015-04-27,81.97000122070312,80.29499816894531,81.91999816894531,80.52999877929688,1062000.0,80.52999877929688
2015-04-28,74.75,66.7300033569336,73.50499725341797,66.77999877929688,4908000.0,66.77999877929688
2015-04-29,65.95500183105469,61.369998931884766,64.88500213623047,65.29000091552734,3964600.0,65.29000091552734
2015-04-30,65.30000305175781,62.494998931884766,65.0250015258789,62.685001373291016,1908000.0,62.685001373291016
2015-05-01,66.52999877929688,62.5,62.5,66.46499633789062,1930200.0,66.46499633789062
2015-05-04,66.94999694824219,65.0999984741211,66.49500274658203,65.26000213623047,1315200.0,65.26000213623047
2015-05-05,65.75,63.084999084472656,65.70500183105469,63.47999954223633,1132200.0,63.47999954223633
2015-05-06,66.82499694824219,63.220001220703125,65.91000366210938,63.95000076293945,1350000.0,63.95000076293945
2015-05-07,65.9749984741211,64.125,64.25,65.12999725341797,1209200.0,65.12999725341797
2015-05-08,66.53500366210938,64.81500244140625,65.79499816894531,65.0999984741211,810200.0,65.0999984741211
2015-05-11,65.51499938964844,64.63999938964844,65.0,65.2699966430664,708400.0,65.2699966430664
2015-05-12,66.24500274658203,64.78500366210938,65.0,65.84500122070312,792600.0,65.84500122070312
2015-05-13,66.68000030517578,65.16500091552734,66.0,65.37000274658203,1237000.0,65.37000274658203
2015-05-14,66.91000366210938,65.05999755859375,65.94499969482422,66.63999938964844,560000.0,66.63999938964844
2015-05-15,68.08499908447266,66.11000061035156,66.86499786376953,67.62000274658203,938400.0,67.62000274658203
2015-05-18,68.23999786376953,67.08999633789062,67.51000213623047,67.7699966430664,503800.0,67.7699966430664
2015-05-19,68.30999755859375,66.80500030517578,67.9800033569336,67.67500305175781,661600.0,67.67500305175781
2015-05-20,69.625,67.8949966430664,68.01499938964844,68.56999969482422,975400.0,68.56999969482422
2015-05-21,69.05999755859375,67.4800033569336,68.4000015258789,69.01499938964844,673400.0,69.01499938964844
2015-05-22,69.81500244140625,68.66000366210938,69.23500061035156,69.36000061035156,703400.0,69.36000061035156
2015-05-26,69.5999984741211,68.1449966430664,68.91999816894531,68.90499877929688,748600.0,68.90499877929688
2015-05-27,68.875,67.84500122070312,68.80500030517578,68.66999816894531,748800.0,68.66999816894531
2015-05-28,68.83999633789062,66.90499877929688,68.73999786376953,68.0250015258789,1145800.0,68.0250015258789
2015-05-29,68.68499755859375,67.44999694824219,68.16999816894531,67.80000305175781,966000.0,67.80000305175781
2015-06-01,68.51499938964844,67.08499908447266,67.88999938964844,67.76499938964844,670600.0,67.76499938964844
2015-06-02,68.16999816894531,66.88999938964844,67.27999877929688,67.03500366210938,742000.0,67.03500366210938
2015-06-03,67.48999786376953,65.5,67.48999786376953,66.08499908447266,1631600.0,66.08499908447266
2015-06-04,66.67500305175781,65.58000183105469,66.0199966430664,66.20500183105469,829000.0,66.20500183105469
2015-06-05,66.17500305175781,65.31500244140625,65.94499969482422,65.5999984741211,1018200.0,65.5999984741211
2015-06-08,66.11499786376953,65.19499969482422,65.41999816894531,65.49500274658203,775600.0,65.49500274658203
2015-06-09,65.58499908447266,64.38999938964844,65.23999786376953,64.62999725341797,723800.0,64.62999725341797
2015-06-10,65.3499984741211,64.06500244140625,64.66000366210938,65.1449966430664,829600.0,65.1449966430664
2015-06-11,65.88500213623047,64.80500030517578,65.18000030517578,65.4000015258789,704000.0,65.4000015258789
2015-06-12,65.38999938964844,64.76000213623047,64.96499633789062,64.81500244140625,733600.0,64.81500244140625
2015-06-15,66.22000122070312,64.0,64.5,66.22000122070312,965400.0,66.22000122070312
2015-06-16,66.97000122070312,66.01000213623047,66.4000015258789,66.44000244140625,409300.0,66.44000244140625
2015-06-17,67.16000366210938,66.19999694824219,66.33999633789062,66.4000015258789,424900.0,66.4000015258789
2015-06-18,67.94999694824219,66.47000122070312,66.47000122070312,67.26000213623047,611200.0,67.26000213623047
2015-06-19,67.77999877929688,66.4000015258789,67.47000122070312,66.5,853000.0,66.5
2015-06-22,66.7300033569336,66.08000183105469,66.5,66.51000213623047,675600.0,66.51000213623047
2015-06-23,66.4800033569336,65.52999877929688,66.37000274658203,65.7699966430664,533200.0,65.7699966430664
2015-06-24,65.91000366210938,64.56999969482422,65.83000183105469,64.77999877929688,460300.0,64.77999877929688
2015-06-25,65.62999725341797,64.26000213623047,65.12000274658203,64.37999725341797,608800.0,64.37999725341797
2015-06-26,64.72000122070312,63.470001220703125,64.3499984741211,63.689998626708984,1250700.0,63.689998626708984
2015-06-29,65.8499984741211,63.38999938964844,63.5,63.52000045776367,1282800.0,63.52000045776367
2015-06-30,64.62999725341797,63.369998931884766,64.16999816894531,64.13999938964844,1181800.0,64.13999938964844
2015-07-01,65.25,62.900001525878906,64.97000122070312,63.130001068115234,985200.0,63.130001068115234
2015-07-02,63.47999954223633,62.09000015258789,62.959999084472656,62.400001525878906,768100.0,62.400001525878906
2015-07-06,63.06999969482422,61.90999984741211,62.0,62.59000015258789,1941900.0,62.59000015258789
2015-07-07,63.119998931884766,61.58000183105469,62.900001525878906,62.63999938964844,641600.0,62.63999938964844
2015-07-08,63.33000183105469,61.77000045776367,62.11000061035156,61.959999084472656,655500.0,61.959999084472656
2015-07-09,63.45000076293945,62.310001373291016,62.5099983215332,62.869998931884766,688200.0,62.869998931884766
2015-07-10,64.38999938964844,62.970001220703125,63.5,64.08999633789062,561100.0,64.08999633789062
2015-07-13,65.05000305175781,64.05999755859375,64.56999969482422,64.9000015258789,387400.0,64.9000015258789
2015-07-14,65.23999786376953,64.56999969482422,64.86000061035156,64.72000122070312,486500.0,64.72000122070312
2015-07-15,65.36000061035156,63.540000915527344,64.63999938964844,64.12000274658203,690700.0,64.12000274658203
2015-07-16,64.88999938964844,63.0099983215332,64.76000213623047,63.83000183105469,718600.0,63.83000183105469
2015-07-17,64.13999938964844,63.04999923706055,63.91999816894531,63.25,508300.0,63.25
2015-07-20,63.58000183105469,62.630001068115234,63.13999938964844,63.400001525878906,762700.0,63.400001525878906
2015-07-21,64.38999938964844,63.470001220703125,63.470001220703125,63.9900016784668,775800.0,63.9900016784668
2015-07-22,70.36000061035156,63.88999938964844,63.88999938964844,70.36000061035156,2239900.0,70.36000061035156
2015-07-23,71.16999816894531,66.79000091552734,70.87999725341797,67.05000305175781,2217600.0,67.05000305175781
2015-07-24,66.80000305175781,65.54000091552734,66.5999984741211,66.2699966430664,848000.0,66.2699966430664
2015-07-27,67.11000061035156,65.61000061035156,66.25,66.30000305175781,607300.0,66.30000305175781
2015-07-28,66.33999633789062,65.27999877929688,66.2699966430664,65.83999633789062,765200.0,65.83999633789062
2015-07-29,66.83999633789062,65.55999755859375,65.83999633789062,66.45999908447266,1168800.0,66.45999908447266
2015-07-30,73.47000122070312,65.05999755859375,66.0,71.33999633789062,2015600.0,71.33999633789062
2015-07-31,73.7699966430664,71.62000274658203,71.94999694824219,72.7300033569336,1565200.0,72.7300033569336
2015-08-03,74.2699966430664,72.87999725341797,73.19000244140625,74.16999816894531,1239100.0,74.16999816894531
2015-08-04,74.80000305175781,73.08000183105469,74.30999755859375,73.44999694824219,717400.0,73.44999694824219
2015-08-05,75.20999908447266,73.44000244140625,73.44000244140625,75.12000274658203,988700.0,75.12000274658203
2015-08-06,77.69999694824219,74.87000274658203,75.9800033569336,75.20999908447266,1514200.0,75.20999908447266
2015-08-07,76.68000030517578,74.55000305175781,75.33999633789062,76.55000305175781,842500.0,76.55000305175781
2015-08-10,78.19000244140625,76.76000213623047,76.91999816894531,77.47000122070312,967200.0,77.47000122070312
2015-08-11,78.05999755859375,76.5,76.94999694824219,77.2300033569336,651000.0,77.2300033569336
2015-08-12,77.19999694824219,75.80000305175781,76.7300033569336,77.12999725341797,465800.0,77.12999725341797
2015-08-13,77.76000213623047,76.51000213623047,77.20999908447266,77.16000366210938,360200.0,77.16000366210938
2015-08-14,77.80000305175781,76.75,77.3499984741211,77.61000061035156,327100.0,77.61000061035156
2015-08-17,78.86000061035156,76.86000061035156,77.22000122070312,78.66000366210938,592800.0,78.66000366210938
2015-08-18,79.62000274658203,78.13999938964844,78.13999938964844,78.4000015258789,502900.0,78.4000015258789
2015-08-19,78.80999755859375,77.29000091552734,78.47000122070312,78.20999908447266,507600.0,78.20999908447266
2015-08-20,77.33999633789062,75.7699966430664,77.16999816894531,75.83000183105469,555400.0,75.83000183105469
2015-08-21,75.80000305175781,73.95999908447266,75.29000091552734,74.19999694824219,695300.0,74.19999694824219
2015-08-24,72.91000366210938,69.9000015258789,71.27999877929688,70.86000061035156,1224500.0,70.86000061035156
2015-08-25,73.77999877929688,69.87999725341797,72.95999908447266,69.94000244140625,894300.0,69.94000244140625
2015-08-26,72.05999755859375,69.7699966430664,71.2300033569336,71.93000030517578,474800.0,71.93000030517578
2015-08-27,73.4800033569336,71.61000061035156,73.0199966430664,73.41999816894531,406600.0,73.41999816894531
2015-08-28,73.68000030517578,71.16999816894531,71.94999694824219,73.20999908447266,564300.0,73.20999908447266
2015-08-31,73.86000061035156,71.25,73.05999755859375,71.47000122070312,526100.0,71.47000122070312
2015-09-01,71.41000366210938,69.45999908447266,69.94000244140625,70.54000091552734,1015400.0,70.54000091552734
2015-09-02,72.91000366210938,71.08000183105469,71.62000274658203,72.91000366210938,615000.0,72.91000366210938
2015-09-03,73.68000030517578,72.19999694824219,72.94999694824219,72.97000122070312,563300.0,72.97000122070312
2015-09-04,72.91999816894531,71.88999938964844,71.97000122070312,72.55999755859375,320000.0,72.55999755859375
2015-09-08,74.97000122070312,73.01000213623047,73.5,74.76000213623047,506900.0,74.76000213623047
2015-09-09,75.4800033569336,74.20999908447266,75.20999908447266,74.3499984741211,478200.0,74.3499984741211
2015-09-10,75.93000030517578,74.19000244140625,74.4800033569336,75.33000183105469,536100.0,75.33000183105469
2015-09-11,76.58000183105469,74.55999755859375,75.12999725341797,76.3499984741211,308800.0,76.3499984741211
2015-09-14,76.4000015258789,74.66000366210938,76.4000015258789,75.69999694824219,509500.0,75.69999694824219
2015-09-15,77.12000274658203,74.95999908447266,75.76000213623047,76.94000244140625,370600.0,76.94000244140625
2015-09-16,77.23999786376953,76.04000091552734,76.55000305175781,76.95999908447266,349400.0,76.95999908447266
2015-09-17,79.11000061035156,76.81999969482422,77.16999816894531,77.91999816894531,534300.0,77.91999816894531
2015-09-18,77.54000091552734,76.47000122070312,76.80000305175781,76.63999938964844,1075400.0,76.63999938964844
2015-09-21,78.31999969482422,76.12000274658203,77.02999877929688,76.44999694824219,517800.0,76.44999694824219
2015-09-22,76.36000061035156,75.4000015258789,75.62999725341797,76.16000366210938,521200.0,76.16000366210938
2015-09-23,77.5199966430664,75.9800033569336,76.12999725341797,76.6500015258789,414000.0,76.6500015258789
2015-09-24,76.52999877929688,75.13999938964844,76.05000305175781,76.08000183105469,384200.0,76.08000183105469
2015-09-25,76.91000366210938,73.93000030517578,76.9000015258789,74.54000091552734,357700.0,74.54000091552734
2015-09-28,74.56999969482422,71.80999755859375,74.26000213623047,72.44999694824219,639100.0,72.44999694824219
2015-09-29,72.94000244140625,71.29000091552734,72.58000183105469,72.02999877929688,667200.0,72.02999877929688
2015-09-30,74.41999816894531,71.9000015258789,72.7699966430664,74.25,883600.0,74.25
2015-10-01,74.47000122070312,72.19000244140625,74.08000183105469,73.68000030517578,901500.0,73.68000030517578
2015-10-02,75.58999633789062,72.16999816894531,73.08000183105469,75.55999755859375,614300.0,75.55999755859375
2015-10-05,77.2699966430664,74.55000305175781,75.83000183105469,75.01000213623047,1577200.0,75.01000213623047
2015-10-06,75.06999969482422,70.93000030517578,75.06999969482422,71.69999694824219,1062800.0,71.69999694824219
2015-10-07,74.25,71.13999938964844,71.73999786376953,72.63999938964844,758900.0,72.63999938964844
2015-10-08,73.44000244140625,70.97000122070312,72.3499984741211,73.19999694824219,464200.0,73.19999694824219
2015-10-09,74.6500015258789,72.73999786376953,73.62000274658203,74.05000305175781,391200.0,74.05000305175781
2015-10-12,75.41000366210938,73.7300033569336,73.9000015258789,75.20999908447266,292700.0,75.20999908447266
2015-10-13,75.13999938964844,72.6500015258789,74.73999786376953,72.73999786376953,559200.0,72.73999786376953
2015-10-14,73.75,71.05999755859375,72.98999786376953,71.56999969482422,597900.0,71.56999969482422
2015-10-15,73.55000305175781,71.18000030517578,71.25,73.36000061035156,406500.0,73.36000061035156
2015-10-16,74.41000366210938,72.41000366210938,73.69000244140625,73.69999694824219,527900.0,73.69999694824219
2015-10-19,74.91000366210938,73.33000183105469,73.75,74.22000122070312,464300.0,74.22000122070312
2015-10-20,74.86000061035156,73.48999786376953,73.91000366210938,74.2699966430664,491000.0,74.2699966430664
2015-10-21,75.4800033569336,73.66000366210938,74.93000030517578,74.68000030517578,462700.0,74.68000030517578
2015-10-22,75.0999984741211,71.66999816894531,75.02999877929688,73.30000305175781,647900.0,73.30000305175781
2015-10-23,75.12000274658203,73.1500015258789,74.01000213623047,75.0199966430664,705300.0,75.0199966430664
2015-10-26,76.19999694824219,74.44999694824219,74.80000305175781,75.94000244140625,638100.0,75.94000244140625
2015-10-27,77.08000183105469,73.68000030517578,75.77999877929688,76.73999786376953,1385400.0,76.73999786376953
2015-10-28,69.12999725341797,65.02999877929688,68.75,68.91999816894531,3941700.0,68.91999816894531
2015-10-29,71.9000015258789,66.88999938964844,67.91999816894531,69.95999908447266,2245300.0,69.95999908447266
2015-10-30,70.30000305175781,67.8499984741211,70.2699966430664,68.62000274658203,1067100.0,68.62000274658203
2015-11-02,69.61000061035156,68.55999755859375,68.66000366210938,69.5999984741211,654700.0,69.5999984741211
2015-11-03,70.44000244140625,68.29000091552734,69.19999694824219,70.02999877929688,623100.0,70.02999877929688
2015-11-04,71.44000244140625,68.95999908447266,70.26000213623047,70.41999816894531,692000.0,70.41999816894531
2015-11-05,70.91000366210938,69.19999694824219,70.12000274658203,70.69999694824219,409100.0,70.69999694824219
2015-11-06,70.98999786376953,69.91000366210938,70.5999984741211,70.54000091552734,425000.0,70.54000091552734
2015-11-09,70.91999816894531,69.25,70.01000213623047,70.68000030517578,508600.0,70.68000030517578
2015-11-10,71.16000366210938,69.43000030517578,70.44999694824219,70.8499984741211,425900.0,70.8499984741211
2015-11-11,71.33999633789062,69.0,71.33999633789062,69.73999786376953,556700.0,69.73999786376953
2015-11-12,69.7699966430664,67.12999725341797,69.63999938964844,67.20999908447266,754800.0,67.20999908447266
2015-11-13,68.0199966430664,66.08000183105469,68.0199966430664,66.95999908447266,750200.0,66.95999908447266
2015-11-16,68.1500015258789,66.51000213623047,66.9800033569336,67.91999816894531,522300.0,67.91999816894531
2015-11-17,68.55000305175781,67.43000030517578,68.16999816894531,68.18000030517578,603700.0,68.18000030517578
2015-11-18,68.58999633789062,67.69999694824219,68.31999969482422,68.37000274658203,881600.0,68.37000274658203
2015-11-19,69.37999725341797,68.02999877929688,68.58999633789062,69.05999755859375,425900.0,69.05999755859375
2015-11-20,70.52999877929688,68.94000244140625,69.5,69.2300033569336,373600.0,69.2300033569336
2015-11-23,69.98999786376953,68.01000213623047,68.66000366210938,69.08000183105469,569000.0,69.08000183105469
2015-11-24,69.16000366210938,68.16000366210938,68.58999633789062,69.01000213623047,427700.0,69.01000213623047
2015-11-25,70.47000122070312,68.87000274658203,69.1500015258789,70.23999786376953,312300.0,70.23999786376953
2015-11-27,71.19999694824219,69.9800033569336,70.27999877929688,70.66999816894531,162000.0,70.66999816894531
2015-11-30,71.3499984741211,69.52999877929688,70.86000061035156,70.81999969482422,525100.0,70.81999969482422
2015-12-01,71.87000274658203,69.16000366210938,70.25,71.54000091552734,500600.0,71.54000091552734
2015-12-02,72.80000305175781,71.05000305175781,71.54000091552734,71.87999725341797,620000.0,71.87999725341797
2015-12-03,72.56999969482422,69.8499984741211,71.95999908447266,70.0199966430664,465000.0,70.0199966430664
2015-12-04,71.18000030517578,69.69000244140625,70.0,70.4000015258789,459400.0,70.4000015258789
2015-12-07,70.70999908447266,69.70999908447266,70.5199966430664,70.19000244140625,399400.0,70.19000244140625
2015-12-08,70.94999694824219,68.61000061035156,69.75,69.54000091552734,476200.0,69.54000091552734
2015-12-09,69.88999938964844,68.12000274658203,69.33999633789062,69.01000213623047,653500.0,69.01000213623047
2015-12-10,69.61000061035156,68.0,69.16000366210938,69.05000305175781,370500.0,69.05000305175781
2015-12-11,69.58000183105469,68.18000030517578,68.31999969482422,68.44999694824219,352500.0,68.44999694824219
2015-12-14,69.44999694824219,68.05000305175781,68.29000091552734,68.81999969482422,433000.0,68.81999969482422
2015-12-15,69.73999786376953,68.55000305175781,69.33000183105469,69.19999694824219,492500.0,69.19999694824219
2015-12-16,70.2699966430664,68.25,69.75,69.81999969482422,539400.0,69.81999969482422
2015-12-17,70.19000244140625,69.41000366210938,70.04000091552734,69.83000183105469,377900.0,69.83000183105469
2015-12-18,70.55999755859375,68.83999633789062,69.81999969482422,69.95999908447266,1061800.0,69.95999908447266
2015-12-21,71.37000274658203,70.05000305175781,70.23999786376953,71.33999633789062,494300.0,71.33999633789062
2015-12-22,72.33999633789062,71.30000305175781,71.5199966430664,72.19999694824219,475700.0,72.19999694824219
2015-12-23,73.58999633789062,72.16999816894531,72.52999877929688,72.47000122070312,353600.0,72.47000122070312
2015-12-24,73.23999786376953,71.91000366210938,72.4800033569336,72.94999694824219,204000.0,72.94999694824219
2015-12-28,74.36000061035156,72.4800033569336,72.79000091552734,74.16000366210938,440700.0,74.16000366210938
2015-12-29,74.97000122070312,73.75,74.31999969482422,74.30000305175781,303200.0,74.30000305175781
2015-12-30,74.98999786376953,73.69999694824219,74.33000183105469,73.97000122070312,336100.0,73.97000122070312
2015-12-31,74.16999816894531,72.9000015258789,73.52999877929688,72.91999816894531,361600.0,72.91999816894531
2016-01-04,72.66000366210938,70.5999984741211,72.3499984741211,71.12000274658203,765700.0,71.12000274658203
2016-01-05,72.81999969482422,70.94999694824219,71.2300033569336,71.83000183105469,548800.0,71.83000183105469
2016-01-06,72.73999786376953,70.58000183105469,71.5,71.31999969482422,1645700.0,71.31999969482422
2016-01-07,70.73999786376953,69.5999984741211,70.48999786376953,69.80999755859375,665300.0,69.80999755859375
2016-01-08,70.94999694824219,69.05000305175781,70.3499984741211,69.0999984741211,640000.0,69.0999984741211
2016-01-11,69.77999877929688,67.93000030517578,69.30000305175781,68.47000122070312,504900.0,68.47000122070312
2016-01-12,69.77999877929688,68.6500015258789,68.94999694824219,69.26000213623047,454400.0,69.26000213623047
2016-01-13,69.72000122070312,67.33000183105469,69.5,67.4000015258789,914100.0,67.4000015258789
2016-01-14,68.36000061035156,66.69999694824219,67.4800033569336,68.0999984741211,876400.0,68.0999984741211
2016-01-15,68.0,66.18000030517578,66.87000274658203,67.12000274658203,778000.0,67.12000274658203
2016-01-19,68.37999725341797,66.41999816894531,67.66999816894531,66.94999694824219,886000.0,66.94999694824219
2016-01-20,67.0,63.84000015258789,66.19999694824219,66.43000030517578,1142900.0,66.43000030517578
2016-01-21,67.23999786376953,65.38999938964844,66.70999908447266,65.58000183105469,1005900.0,65.58000183105469
2016-01-22,66.47000122070312,63.65999984741211,66.01000213623047,66.36000061035156,1599900.0,66.36000061035156
2016-01-25,66.7300033569336,65.56999969482422,66.18000030517578,65.87000274658203,761000.0,65.87000274658203
2016-01-26,66.48999786376953,65.26000213623047,66.04000091552734,65.79000091552734,755500.0,65.79000091552734
2016-01-27,66.54000091552734,64.83999633789062,65.62000274658203,65.19000244140625,883400.0,65.19000244140625
2016-01-28,65.68000030517578,63.47999954223633,65.61000061035156,64.66999816894531,847000.0,64.66999816894531
2016-01-29,70.44000244140625,67.5,67.69999694824219,70.13999938964844,1915800.0,70.13999938964844
2016-02-01,71.88999938964844,68.55999755859375,69.8499984741211,71.4000015258789,1373100.0,71.4000015258789
2016-02-02,72.01000213623047,70.29000091552734,70.29000091552734,71.44000244140625,1143400.0,71.44000244140625
2016-02-03,71.94999694824219,70.41999816894531,71.68000030517578,71.45999908447266,1153000.0,71.45999908447266
2016-02-04,72.37000274658203,70.72000122070312,71.58999633789062,70.91999816894531,722300.0,70.91999816894531
2016-02-05,71.83000183105469,69.69999694824219,70.76000213623047,71.04000091552734,1404300.0,71.04000091552734
2016-02-08,70.45999908447266,68.44000244140625,70.2699966430664,69.58000183105469,2260000.0,69.58000183105469
2016-02-09,70.06999969482422,67.22000122070312,67.73999786376953,68.48999786376953,938000.0,68.48999786376953
2016-02-10,71.05000305175781,68.95999908447266,69.05000305175781,69.66000366210938,541600.0,69.66000366210938
2016-02-11,69.55000305175781,67.0,68.66000366210938,67.2699966430664,679800.0,67.2699966430664
2016-02-12,68.86000061035156,66.81999969482422,68.08999633789062,67.8499984741211,1039100.0,67.8499984741211
2016-02-16,69.93000030517578,68.16000366210938,68.38999938964844,69.41000366210938,489900.0,69.41000366210938
2016-02-17,71.5999984741211,69.52999877929688,69.69999694824219,71.5199966430664,531600.0,71.5199966430664
2016-02-18,71.5199966430664,70.02999877929688,71.5199966430664,70.62999725341797,436100.0,70.62999725341797
2016-02-19,71.61000061035156,70.08000183105469,70.11000061035156,71.33999633789062,400500.0,71.33999633789062
2016-02-22,72.48999786376953,71.05000305175781,71.83999633789062,71.41999816894531,301200.0,71.41999816894531
2016-02-23,71.97000122070312,70.43000030517578,71.16999816894531,71.69999694824219,436100.0,71.69999694824219
2016-02-24,72.26000213623047,70.26000213623047,71.08999633789062,72.05999755859375,337600.0,72.05999755859375
2016-02-25,73.20999908447266,71.58000183105469,71.7300033569336,73.16000366210938,470800.0,73.16000366210938
2016-02-26,74.12000274658203,73.04000091552734,73.51000213623047,73.4800033569336,432800.0,73.4800033569336
2016-02-29,74.4000015258789,72.81999969482422,73.30999755859375,73.16000366210938,477700.0,73.16000366210938
2016-03-01,75.76000213623047,72.5999984741211,73.41999816894531,75.4800033569336,731100.0,75.4800033569336
2016-03-02,75.94000244140625,74.72000122070312,75.2300033569336,75.58999633789062,546000.0,75.58999633789062
2016-03-03,75.87999725341797,74.37000274658203,75.20999908447266,75.5,570200.0,75.5
2016-03-04,76.5999984741211,75.23999786376953,75.69999694824219,76.43000030517578,769500.0,76.43000030517578
2016-03-07,77.94000244140625,76.22000122070312,76.22000122070312,77.7699966430664,617700.0,77.7699966430664
2016-03-08,77.81999969482422,76.19000244140625,77.80000305175781,77.18000030517578,554700.0,77.18000030517578
2016-03-09,78.04000091552734,75.08000183105469,77.18000030517578,77.91000366210938,598000.0,77.91000366210938
2016-03-10,78.37999725341797,76.66000366210938,78.37999725341797,77.41000366210938,535200.0,77.41000366210938
2016-03-11,78.48999786376953,77.61000061035156,78.0,78.1500015258789,352700.0,78.1500015258789
2016-03-14,78.37999725341797,76.83999633789062,78.12999725341797,78.18000030517578,328400.0,78.18000030517578
2016-03-15,78.16999816894531,76.79000091552734,77.48999786376953,77.04000091552734,845700.0,77.04000091552734
2016-03-16,76.41000366210938,72.87999725341797,76.26000213623047,74.36000061035156,1192100.0,74.36000061035156
2016-03-17,74.87000274658203,72.29000091552734,74.0999984741211,74.62000274658203,649100.0,74.62000274658203
2016-03-18,75.56999969482422,74.16000366210938,74.2300033569336,75.44999694824219,924600.0,75.44999694824219
2016-03-21,76.68000030517578,75.44999694824219,75.9000015258789,76.16000366210938,497300.0,76.16000366210938
2016-03-22,76.91000366210938,75.66999816894531,75.66999816894531,76.5999984741211,547600.0,76.5999984741211
2016-03-23,76.52999877929688,75.30000305175781,76.37000274658203,75.45999908447266,434500.0,75.45999908447266
2016-03-24,75.73999786376953,74.4800033569336,75.4000015258789,75.58999633789062,416400.0,75.58999633789062
2016-03-28,76.3499984741211,75.38999938964844,76.0,75.86000061035156,345800.0,75.86000061035156
2016-03-29,78.33999633789062,75.55000305175781,75.70999908447266,78.12999725341797,488700.0,78.12999725341797
2016-03-30,78.94999694824219,77.55999755859375,78.43000030517578,77.75,403000.0,77.75
2016-03-31,79.02999877929688,75.02999877929688,77.5,78.31999969482422,625800.0,78.31999969482422
2016-04-01,79.43000030517578,76.55000305175781,77.52999877929688,79.37000274658203,683100.0,79.37000274658203
2016-04-04,80.19000244140625,78.58000183105469,79.2699966430664,79.75,654400.0,79.75
2016-04-05,79.83999633789062,78.81999969482422,79.2300033569336,79.19000244140625,847300.0,79.19000244140625
2016-04-06,80.2300033569336,76.9800033569336,79.08000183105469,80.16000366210938,433700.0,80.16000366210938
2016-04-07,80.55999755859375,78.9000015258789,80.0,80.4800033569336,923900.0,80.4800033569336
2016-04-08,81.19000244140625,79.02999877929688,80.91999816894531,80.54000091552734,400300.0,80.54000091552734
2016-04-11,81.19999694824219,80.06999969482422,81.0199966430664,80.33000183105469,392200.0,80.33000183105469
2016-04-12,80.87999725341797,79.75,80.29000091552734,80.33999633789062,682000.0,80.33999633789062
2016-04-13,80.98999786376953,79.97000122070312,80.98999786376953,80.44999694824219,729500.0,80.44999694824219
2016-04-14,80.7699966430664,79.29000091552734,80.36000061035156,79.81999969482422,1025300.0,79.81999969482422
2016-04-15,79.95999908447266,78.87000274658203,79.62000274658203,79.7300033569336,930600.0,79.7300033569336
2016-04-18,80.3499984741211,79.30000305175781,79.7300033569336,79.93000030517578,925700.0,79.93000030517578
2016-04-19,80.41999816894531,79.86000061035156,80.41999816894531,80.31999969482422,816100.0,80.31999969482422
2016-04-20,81.43000030517578,80.11000061035156,80.44000244140625,80.98999786376953,883600.0,80.98999786376953
2016-04-21,81.2300033569336,80.16999816894531,80.81999969482422,80.7300033569336,812200.0,80.7300033569336
2016-04-22,81.63999938964844,80.33000183105469,80.4800033569336,81.11000061035156,599700.0,81.11000061035156
2016-04-25,81.48999786376953,80.52999877929688,80.91000366210938,81.22000122070312,770000.0,81.22000122070312
2016-04-26,81.98999786376953,81.05000305175781,81.29000091552734,81.83999633789062,747700.0,81.83999633789062
2016-04-27,82.41000366210938,80.61000061035156,81.61000061035156,81.93000030517578,776200.0,81.93000030517578
2016-04-28,82.05999755859375,80.56999969482422,81.5199966430664,80.79000091552734,803400.0,80.79000091552734
2016-04-29,84.5,81.38999938964844,84.0,84.3499984741211,2620600.0,84.3499984741211
2016-05-02,85.43000030517578,84.3499984741211,85.0,85.27999877929688,1034900.0,85.27999877929688
2016-05-03,85.29000091552734,84.4000015258789,84.4800033569336,85.1500015258789,614500.0,85.1500015258789
2016-05-04,85.45999908447266,83.6500015258789,84.72000122070312,85.0,601900.0,85.0
2016-05-05,86.61000061035156,84.4800033569336,84.4800033569336,86.12999725341797,750400.0,86.12999725341797
2016-05-06,87.19000244140625,85.62999725341797,85.62999725341797,86.58999633789062,702200.0,86.58999633789062
2016-05-09,87.37000274658203,86.2300033569336,86.2300033569336,87.19999694824219,628700.0,87.19999694824219
2016-05-10,87.8499984741211,87.08999633789062,87.66999816894531,87.80999755859375,939600.0,87.80999755859375
2016-05-11,87.87000274658203,87.08000183105469,87.81999969482422,87.12000274658203,502700.0,87.12000274658203
2016-05-12,87.76000213623047,86.5199966430664,87.5199966430664,87.1500015258789,703300.0,87.1500015258789
2016-05-13,87.52999877929688,86.5199966430664,87.02999877929688,86.66999816894531,1043400.0,86.66999816894531
2016-05-16,88.54000091552734,86.97000122070312,87.05999755859375,88.45999908447266,1075100.0,88.45999908447266
2016-05-17,88.62000274658203,86.73999786376953,88.0199966430664,87.2300033569336,1051500.0,87.2300033569336
2016-05-18,88.87999725341797,87.20999908447266,87.2300033569336,88.33000183105469,940400.0,88.33000183105469
2016-05-19,88.38999938964844,87.22000122070312,87.75,88.18000030517578,542600.0,88.18000030517578
2016-05-20,89.23999786376953,88.29000091552734,88.29000091552734,88.97000122070312,1099100.0,88.97000122070312
2016-05-23,89.37999725341797,87.9000015258789,89.2699966430664,88.12000274658203,729300.0,88.12000274658203
2016-05-24,90.33000183105469,88.38999938964844,88.70999908447266,90.22000122070312,893200.0,90.22000122070312
2016-05-25,91.37999725341797,89.69999694824219,90.80000305175781,90.08000183105469,593400.0,90.08000183105469
2016-05-26,91.94000244140625,89.5,89.98999786376953,89.73999786376953,740000.0,89.73999786376953
2016-05-27,90.44999694824219,89.41999816894531,89.62999725341797,90.06999969482422,907000.0,90.06999969482422
2016-05-31,90.4800033569336,87.30000305175781,89.95999908447266,87.56999969482422,5798900.0,87.56999969482422
2016-06-01,88.2300033569336,87.13999938964844,87.55999755859375,88.18000030517578,1124900.0,88.18000030517578
2016-06-02,88.88999938964844,87.41999816894531,87.41999816894531,88.88999938964844,632300.0,88.88999938964844
2016-06-03,89.04000091552734,88.02999877929688,89.04000091552734,88.0999984741211,500100.0,88.0999984741211
2016-06-06,88.47000122070312,87.0,88.05999755859375,88.04000091552734,508400.0,88.04000091552734
2016-06-07,89.31999969482422,88.04000091552734,88.37999725341797,88.80999755859375,735700.0,88.80999755859375
2016-06-08,89.33999633789062,87.68000030517578,88.62999725341797,88.87999725341797,637900.0,88.87999725341797
2016-06-09,90.25,88.5199966430664,88.5199966430664,90.25,746800.0,90.25
2016-06-10,89.9800033569336,88.6500015258789,89.76000213623047,88.87999725341797,526100.0,88.87999725341797
2016-06-13,89.43000030517578,88.55999755859375,88.5999984741211,88.91999816894531,521700.0,88.91999816894531
2016-06-14,89.62000274658203,88.36000061035156,89.02999877929688,89.56999969482422,561700.0,89.56999969482422
2016-06-15,89.91999816894531,88.7699966430664,89.91999816894531,88.98999786376953,553300.0,88.98999786376953
2016-06-16,89.0199966430664,87.80999755859375,88.23999786376953,89.01000213623047,568200.0,89.01000213623047
2016-06-17,89.41999816894531,87.05000305175781,88.70999908447266,87.66000366210938,873300.0,87.66000366210938
2016-06-20,90.23999786376953,88.44000244140625,88.70999908447266,89.12999725341797,687400.0,89.12999725341797
2016-06-21,89.81999969482422,88.83000183105469,89.12999725341797,89.66000366210938,584200.0,89.66000366210938
2016-06-22,90.56999969482422,89.19999694824219,89.80999755859375,90.04000091552734,412100.0,90.04000091552734
2016-06-23,91.73999786376953,89.25,90.58999633789062,91.66999816894531,526900.0,91.66999816894531
2016-06-24,89.7699966430664,87.68000030517578,88.87999725341797,87.76000213623047,944200.0,87.76000213623047
2016-06-27,88.62999725341797,85.9800033569336,87.5199966430664,86.62000274658203,593100.0,86.62000274658203
2016-06-28,88.55000305175781,86.83999633789062,87.83000183105469,88.52999877929688,570800.0,88.52999877929688
2016-06-29,91.1500015258789,89.0999984741211,89.5,91.11000061035156,615900.0,91.11000061035156
2016-06-30,92.87000274658203,90.69999694824219,91.5999984741211,92.86000061035156,805000.0,92.86000061035156
2016-07-01,93.66000366210938,92.58000183105469,93.16000366210938,93.06999969482422,409400.0,93.06999969482422
2016-07-05,93.69000244140625,92.7300033569336,93.0999984741211,93.37999725341797,461800.0,93.37999725341797
2016-07-06,93.69999694824219,92.72000122070312,93.5,93.56999969482422,502900.0,93.56999969482422
2016-07-07,94.1500015258789,93.44000244140625,93.86000061035156,93.86000061035156,403500.0,93.86000061035156
2016-07-08,95.0,93.68000030517578,94.19999694824219,94.95999908447266,562100.0,94.95999908447266
2016-07-11,95.30000305175781,94.44999694824219,94.97000122070312,94.5999984741211,480600.0,94.5999984741211
2016-07-12,95.5,94.08000183105469,94.80000305175781,94.22000122070312,353100.0,94.22000122070312
2016-07-13,94.68000030517578,93.44000244140625,94.2300033569336,93.6500015258789,383500.0,93.6500015258789
2016-07-14,94.0199966430664,93.02999877929688,93.80999755859375,93.20999908447266,473700.0,93.20999908447266
2016-07-15,93.55999755859375,92.93000030517578,93.22000122070312,93.48999786376953,401600.0,93.48999786376953
2016-07-18,94.23999786376953,93.51000213623047,93.69000244140625,93.76000213623047,283100.0,93.76000213623047
2016-07-19,94.16000366210938,93.0,93.51000213623047,94.05999755859375,394300.0,94.05999755859375
2016-07-20,95.47000122070312,94.33000183105469,94.62999725341797,95.25,334900.0,95.25
2016-07-21,95.55000305175781,93.95999908447266,95.0,94.26000213623047,235700.0,94.26000213623047
2016-07-22,94.56999969482422,93.33000183105469,94.55000305175781,94.44000244140625,266000.0,94.44000244140625
2016-07-25,94.51000213623047,92.9000015258789,94.51000213623047,93.06999969482422,429100.0,93.06999969482422
2016-07-26,93.83000183105469,93.0,93.0,93.69999694824219,368400.0,93.69999694824219
2016-07-27,94.16000366210938,92.54000091552734,93.75,92.7699966430664,677200.0,92.7699966430664
2016-07-28,93.79000091552734,92.5199966430664,92.7699966430664,93.20999908447266,598600.0,93.20999908447266
2016-07-29,94.45999908447266,93.01000213623047,93.01000213623047,93.79000091552734,362600.0,93.79000091552734
2016-08-01,94.45999908447266,93.13999938964844,93.43000030517578,93.51000213623047,588100.0,93.51000213623047
2016-08-02,108.63999938964844,103.12999725341797,103.76000213623047,105.87999725341797,2737600.0,105.87999725341797
2016-08-03,109.93000030517578,104.0199966430664,105.0,107.97000122070312,1488200.0,107.97000122070312
2016-08-04,108.5,107.0199966430664,107.18000030517578,107.9800033569336,974900.0,107.9800033569336
2016-08-05,109.48999786376953,108.11000061035156,108.56999969482422,109.05000305175781,421500.0,109.05000305175781
2016-08-08,109.37000274658203,108.2699966430664,108.80000305175781,108.62000274658203,504700.0,108.62000274658203
2016-08-09,111.37000274658203,108.72000122070312,108.87000274658203,110.9800033569336,580600.0,110.9800033569336
2016-08-10,110.75,109.05999755859375,110.75,109.88999938964844,512900.0,109.88999938964844
2016-08-11,111.12999725341797,109.73999786376953,110.0,110.95999908447266,596800.0,110.95999908447266
2016-08-12,111.19999694824219,110.37999725341797,110.9000015258789,110.77999877929688,255500.0,110.77999877929688
2016-08-15,112.26000213623047,111.06999969482422,111.4800033569336,111.91999816894531,430900.0,111.91999816894531
2016-08-16,111.9800033569336,110.87000274658203,111.75,110.94000244140625,446700.0,110.94000244140625
2016-08-17,111.41000366210938,110.36000061035156,111.41000366210938,110.80999755859375,306700.0,110.80999755859375
2016-08-18,111.1500015258789,110.36000061035156,110.87000274658203,110.83999633789062,290200.0,110.83999633789062
2016-08-19,111.7699966430664,110.2699966430664,111.0,111.16999816894531,320800.0,111.16999816894531
2016-08-22,111.87999725341797,110.05000305175781,111.43000030517578,110.45999908447266,558700.0,110.45999908447266
2016-08-23,111.37999725341797,110.3499984741211,110.36000061035156,110.68000030517578,379400.0,110.68000030517578
2016-08-24,110.79000091552734,109.5,110.33999633789062,109.76000213623047,323200.0,109.76000213623047
2016-08-25,110.55999755859375,109.43000030517578,109.4800033569336,109.91000366210938,337200.0,109.91000366210938
2016-08-26,111.2699966430664,109.4800033569336,109.73999786376953,110.1500015258789,433500.0,110.1500015258789
2016-08-29,112.77999877929688,110.0199966430664,110.1500015258789,112.08999633789062,447800.0,112.08999633789062
2016-08-30,113.4800033569336,112.20999908447266,112.3499984741211,113.05999755859375,697700.0,113.05999755859375
2016-08-31,113.06999969482422,111.75,112.5999984741211,112.68000030517578,422800.0,112.68000030517578
2016-09-01,113.88999938964844,112.26000213623047,113.01000213623047,113.16000366210938,385700.0,113.16000366210938
2016-09-02,114.19000244140625,113.30000305175781,113.30000305175781,114.08999633789062,313400.0,114.08999633789062
2016-09-06,114.51000213623047,113.08000183105469,114.20999908447266,113.94999694824219,435600.0,113.94999694824219
2016-09-07,115.05999755859375,113.80000305175781,114.06999969482422,114.76000213623047,435800.0,114.76000213623047
2016-09-08,114.83000183105469,113.81999969482422,114.61000061035156,114.19999694824219,339200.0,114.19999694824219
2016-09-09,113.38999938964844,109.91999816894531,113.3499984741211,109.97000122070312,421900.0,109.97000122070312
2016-09-12,111.75,109.16999816894531,109.5999984741211,111.63999938964844,431000.0,111.63999938964844
2016-09-13,111.0,108.16000366210938,111.0,108.16999816894531,601600.0,108.16999816894531
2016-09-14,109.04000091552734,107.70999908447266,108.18000030517578,108.56999969482422,376700.0,108.56999969482422
2016-09-15,109.83999633789062,108.30999755859375,108.4800033569336,109.55999755859375,392100.0,109.55999755859375
2016-09-16,110.0,108.11000061035156,108.88999938964844,109.54000091552734,816200.0,109.54000091552734
2016-09-19,111.26000213623047,109.5,109.52999877929688,110.63999938964844,323900.0,110.63999938964844
2016-09-20,112.22000122070312,111.06999969482422,111.69999694824219,111.83000183105469,390500.0,111.83000183105469
2016-09-21,112.48999786376953,110.41999816894531,111.8499984741211,112.06999969482422,508500.0,112.06999969482422
2016-09-22,114.0999984741211,112.44999694824219,112.88999938964844,113.08999633789062,442200.0,113.08999633789062
2016-09-23,112.87000274658203,111.12999725341797,112.51000213623047,111.36000061035156,353400.0,111.36000061035156
2016-09-26,111.69999694824219,110.87000274658203,111.55000305175781,110.95999908447266,203600.0,110.95999908447266
2016-09-27,113.9800033569336,110.51000213623047,111.29000091552734,113.2699966430664,423100.0,113.2699966430664
2016-09-28,113.5199966430664,112.31999969482422,113.36000061035156,113.41000366210938,272400.0,113.41000366210938
2016-09-29,113.29000091552734,111.2699966430664,112.94000244140625,111.87000274658203,368900.0,111.87000274658203
2016-09-30,113.22000122070312,111.56999969482422,111.9800033569336,112.7300033569336,404700.0,112.7300033569336
2016-10-03,113.2699966430664,112.06999969482422,112.37000274658203,113.12000274658203,412700.0,113.12000274658203
2016-10-04,113.80999755859375,112.22000122070312,112.91999816894531,112.93000030517578,579300.0,112.93000030517578
2016-10-05,113.69000244140625,112.56999969482422,112.94999694824219,112.91999816894531,501000.0,112.91999816894531
2016-10-06,114.06999969482422,112.6500015258789,112.9000015258789,113.11000061035156,529500.0,113.11000061035156
2016-10-07,115.5199966430664,112.7699966430664,113.33000183105469,115.31999969482422,794600.0,115.31999969482422
2016-10-10,117.83999633789062,115.45999908447266,115.47000122070312,117.04000091552734,270900.0,117.04000091552734
2016-10-11,117.02999877929688,112.44999694824219,117.02999877929688,112.83999633789062,371100.0,112.83999633789062
2016-10-12,113.7300033569336,111.56999969482422,113.13999938964844,111.7300033569336,464100.0,111.7300033569336
2016-10-13,111.70999908447266,110.47000122070312,111.01000213623047,110.7300033569336,515000.0,110.7300033569336
2016-10-14,111.7300033569336,110.6500015258789,111.61000061035156,111.0999984741211,405200.0,111.0999984741211
2016-10-17,111.7300033569336,110.56999969482422,111.0,111.2699966430664,549700.0,111.2699966430664
2016-10-18,113.12000274658203,111.69999694824219,112.5999984741211,112.56999969482422,344100.0,112.56999969482422
2016-10-19,113.30000305175781,112.20999908447266,112.38999938964844,112.77999877929688,363800.0,112.77999877929688
2016-10-20,113.26000213623047,111.5999984741211,112.41999816894531,112.05999755859375,299700.0,112.05999755859375
2016-10-21,111.30999755859375,110.23999786376953,111.30999755859375,110.4800033569336,294800.0,110.4800033569336
2016-10-24,113.63999938964844,110.6500015258789,111.27999877929688,113.37999725341797,417100.0,113.37999725341797
2016-10-25,114.11000061035156,110.83000183105469,113.68000030517578,110.9800033569336,287600.0,110.9800033569336
2016-10-26,110.43000030517578,105.88999938964844,109.5,106.66999816894531,909000.0,106.66999816894531
2016-10-27,107.2699966430664,104.55000305175781,107.20999908447266,104.91000366210938,695100.0,104.91000366210938
2016-10-28,106.47000122070312,104.22000122070312,104.31999969482422,105.05000305175781,505800.0,105.05000305175781
2016-10-31,107.6500015258789,103.7699966430664,104.9000015258789,107.13999938964844,777800.0,107.13999938964844
2016-11-01,110.44999694824219,102.44999694824219,110.05000305175781,103.9800033569336,1162900.0,103.9800033569336
2016-11-02,105.88999938964844,103.26000213623047,103.70999908447266,105.44000244140625,816800.0,105.44000244140625
2016-11-03,106.44000244140625,104.93000030517578,105.4000015258789,105.06999969482422,533900.0,105.06999969482422
2016-11-04,107.6500015258789,105.48999786376953,105.48999786376953,106.20999908447266,593600.0,106.20999908447266
2016-11-07,109.66000366210938,107.56999969482422,107.9000015258789,108.52999877929688,469800.0,108.52999877929688
2016-11-08,110.97000122070312,107.97000122070312,108.30999755859375,109.44999694824219,346300.0,109.44999694824219
2016-11-09,109.2699966430664,104.20999908447266,107.3499984741211,109.11000061035156,540100.0,109.11000061035156
2016-11-10,111.02999877929688,106.55000305175781,110.12999725341797,108.76000213623047,594600.0,108.76000213623047
2016-11-11,109.63999938964844,107.58999633789062,108.45999908447266,109.16999816894531,441000.0,109.16999816894531
2016-11-14,110.3499984741211,108.98999786376953,109.91000366210938,109.30000305175781,472900.0,109.30000305175781
2016-11-15,113.43000030517578,109.3499984741211,109.3499984741211,113.08999633789062,648300.0,113.08999633789062
2016-11-16,114.16999816894531,112.41000366210938,112.41000366210938,112.75,471300.0,112.75
2016-11-17,115.41000366210938,112.66999816894531,112.76000213623047,115.19000244140625,552200.0,115.19000244140625
2016-11-18,116.5,114.72000122070312,115.52999877929688,116.12999725341797,490300.0,116.12999725341797
2016-11-21,119.86000061035156,118.12000274658203,119.63999938964844,118.54000091552734,798800.0,118.54000091552734
2016-11-22,120.08000183105469,117.77999877929688,118.73999786376953,119.87999725341797,823700.0,119.87999725341797
2016-11-23,120.77999877929688,119.08999633789062,119.9000015258789,120.16000366210938,520500.0,120.16000366210938
2016-11-25,120.80000305175781,119.77999877929688,120.16000366210938,120.2699966430664,217600.0,120.2699966430664
2016-11-28,120.79000091552734,118.81999969482422,120.1500015258789,119.4800033569336,449500.0,119.4800033569336
2016-11-29,121.05999755859375,119.44000244140625,119.75,120.33999633789062,490200.0,120.33999633789062
2016-11-30,120.80999755859375,117.6500015258789,120.52999877929688,117.6500015258789,708200.0,117.6500015258789
2016-12-01,120.94000244140625,113.47000122070312,118.19000244140625,114.16999816894531,897500.0,114.16999816894531
2016-12-02,115.80999755859375,114.11000061035156,114.16999816894531,114.58000183105469,624900.0,114.58000183105469
2016-12-05,115.87000274658203,113.73999786376953,114.80000305175781,114.0999984741211,757400.0,114.0999984741211
2016-12-06,115.76000213623047,113.70999908447266,114.70999908447266,115.72000122070312,577700.0,115.72000122070312
2016-12-07,118.47000122070312,115.04000091552734,115.7300033569336,118.0199966430664,456000.0,118.0199966430664
2016-12-08,118.83999633789062,117.05000305175781,118.11000061035156,118.79000091552734,400800.0,118.79000091552734
2016-12-09,119.79000091552734,118.0999984741211,119.20999908447266,118.23999786376953,483000.0,118.23999786376953
2016-12-12,120.4800033569336,117.7699966430664,118.36000061035156,120.29000091552734,514800.0,120.29000091552734
2016-12-13,121.7699966430664,119.8499984741211,120.75,120.83000183105469,414200.0,120.83000183105469
2016-12-14,121.5999984741211,119.19999694824219,121.05999755859375,119.7699966430664,582000.0,119.7699966430664
2016-12-15,120.7699966430664,119.30000305175781,119.63999938964844,119.91000366210938,450800.0,119.91000366210938
2016-12-16,120.47000122070312,119.12000274658203,119.19999694824219,119.43000030517578,1208300.0,119.43000030517578
2016-12-19,120.4800033569336,118.81999969482422,120.20999908447266,119.02999877929688,445800.0,119.02999877929688
2016-12-20,119.55000305175781,118.12000274658203,119.12999725341797,118.4000015258789,440300.0,118.4000015258789
2016-12-21,120.0999984741211,118.66000366210938,118.66000366210938,119.55999755859375,350100.0,119.55999755859375
2016-12-22,120.0,118.91999816894531,119.58999633789062,119.08999633789062,280800.0,119.08999633789062
2016-12-23,120.33000183105469,119.0,119.33999633789062,119.87999725341797,250500.0,119.87999725341797
2016-12-27,120.8499984741211,119.63999938964844,120.12000274658203,119.75,268000.0,119.75
2016-12-28,120.9000015258789,117.58999633789062,119.79000091552734,117.75,301600.0,117.75
2016-12-29,118.68000030517578,117.52999877929688,117.7300033569336,118.08000183105469,430900.0,118.08000183105469
2016-12-30,118.94000244140625,117.1500015258789,118.61000061035156,117.2699966430664,535100.0,117.2699966430664
2017-01-03,119.18000030517578,117.16999816894531,118.29000091552734,117.5999984741211,569500.0,117.5999984741211
2017-01-04,118.26000213623047,113.91999816894531,118.0199966430664,115.94999694824219,20606500.0,115.94999694824219
2017-01-05,118.36000061035156,115.9000015258789,116.1500015258789,115.95999908447266,1312200.0,115.95999908447266
2017-01-06,118.91000366210938,115.30000305175781,115.98999786376953,118.36000061035156,946400.0,118.36000061035156
2017-01-09,120.86000061035156,118.06999969482422,120.26000213623047,119.0199966430664,1038900.0,119.0199966430664
2017-01-10,121.80999755859375,119.11000061035156,119.13999938964844,120.70999908447266,958300.0,120.70999908447266
2017-01-11,121.69000244140625,119.83000183105469,120.98999786376953,121.12000274658203,699600.0,121.12000274658203
2017-01-12,120.83000183105469,118.70999908447266,120.83000183105469,120.63999938964844,706500.0,120.63999938964844
2017-01-13,121.72000122070312,120.02999877929688,120.44000244140625,120.80000305175781,651600.0,120.80000305175781
2017-01-17,121.54000091552734,119.43000030517578,120.87999725341797,120.01000213623047,813300.0,120.01000213623047
2017-01-18,120.41999816894531,118.23999786376953,120.16000366210938,118.9000015258789,730200.0,118.9000015258789
2017-01-19,120.48999786376953,118.4000015258789,119.23999786376953,120.27999877929688,546900.0,120.27999877929688
2017-01-20,120.79000091552734,118.69000244140625,120.43000030517578,118.87999725341797,605400.0,118.87999725341797
2017-01-23,119.22000122070312,116.54000091552734,119.0199966430664,117.73999786376953,611500.0,117.73999786376953
2017-01-24,118.9800033569336,117.4000015258789,118.06999969482422,118.51000213623047,466400.0,118.51000213623047
2017-01-25,121.47000122070312,118.6500015258789,118.83999633789062,121.4000015258789,550200.0,121.4000015258789
2017-01-26,121.38999938964844,118.80000305175781,120.87999725341797,119.61000061035156,762000.0,119.61000061035156
2017-01-27,121.77999877929688,119.6500015258789,120.0199966430664,121.66000366210938,531500.0,121.66000366210938
2017-01-30,121.56999969482422,119.83999633789062,121.56999969482422,120.5,789400.0,120.5
2017-01-31,122.47000122070312,120.2300033569336,120.51000213623047,122.33000183105469,869800.0,122.33000183105469
2017-02-01,123.26000213623047,121.19000244140625,122.4000015258789,122.80000305175781,944400.0,122.80000305175781
2017-02-02,139.89999389648438,125.0199966430664,125.5,139.07000732421875,2796700.0,139.07000732421875
2017-02-03,142.86000061035156,138.52000427246094,139.52999877929688,142.02000427246094,1758100.0,142.02000427246094
2017-02-06,142.32000732421875,140.2100067138672,142.0,142.00999450683594,1145000.0,142.00999450683594
2017-02-07,143.47000122070312,141.7899932861328,142.22999572753906,143.1300048828125,864800.0,143.1300048828125
2017-02-08,143.08999633789062,141.0,142.8300018310547,141.11000061035156,1358700.0,141.11000061035156
2017-02-09,142.5399932861328,140.86000061035156,141.47999572753906,142.11000061035156,776600.0,142.11000061035156
2017-02-10,142.50999450683594,141.49000549316406,142.07000732421875,141.8300018310547,435200.0,141.8300018310547
2017-02-13,142.89999389648438,141.32000732421875,142.72999572753906,141.6999969482422,570600.0,141.6999969482422
2017-02-14,142.0,140.6300048828125,141.11000061035156,141.60000610351562,682800.0,141.60000610351562
2017-02-15,142.08999633789062,140.64999389648438,140.88999938964844,141.74000549316406,859400.0,141.74000549316406
2017-02-16,142.3800048828125,140.99000549316406,141.92999267578125,141.9499969482422,407300.0,141.9499969482422
2017-02-17,142.6999969482422,141.1199951171875,141.7100067138672,142.22999572753906,426900.0,142.22999572753906
2017-02-21,143.05999755859375,141.52000427246094,142.3000030517578,142.39999389648438,539700.0,142.39999389648438
2017-02-22,143.0500030517578,141.8000030517578,142.16000366210938,142.25,584500.0,142.25
2017-02-23,143.55999755859375,141.8300018310547,142.6300048828125,143.02000427246094,510500.0,143.02000427246094
2017-02-24,143.9199981689453,141.02000427246094,142.80999755859375,143.05999755859375,571700.0,143.05999755859375
2017-02-27,144.3300018310547,142.5,143.35000610351562,143.61000061035156,573400.0,143.61000061035156
2017-02-28,146.1699981689453,143.8000030517578,143.94000244140625,144.94000244140625,744200.0,144.94000244140625
2017-03-01,148.22000122070312,145.3699951171875,145.83999633789062,147.00999450683594,796900.0,147.00999450683594
2017-03-02,147.25999450683594,145.75,147.0,146.10000610351562,523100.0,146.10000610351562
2017-03-03,147.6699981689453,146.22000122070312,146.66000366210938,147.1300048828125,658900.0,147.1300048828125
2017-03-06,147.75,145.52000427246094,146.36000061035156,147.0800018310547,638100.0,147.0800018310547
2017-03-07,147.6999969482422,145.24000549316406,146.74000549316406,147.02999877929688,752000.0,147.02999877929688
2017-03-08,147.6999969482422,146.50999450683594,147.35000610351562,146.8800048828125,412600.0,146.8800048828125
2017-03-09,149.57000732421875,146.4199981689453,146.77000427246094,149.41000366210938,628400.0,149.41000366210938
2017-03-10,151.99000549316406,149.10000610351562,150.3300018310547,150.27999877929688,725100.0,150.27999877929688
2017-03-13,151.97000122070312,150.19000244140625,150.66000366210938,151.60000610351562,500900.0,151.60000610351562
2017-03-14,151.88999938964844,150.4499969482422,151.72999572753906,151.2100067138672,388700.0,151.2100067138672
2017-03-15,153.8699951171875,151.07000732421875,151.4499969482422,153.67999267578125,583600.0,153.67999267578125
2017-03-16,153.9499969482422,151.27999877929688,153.94000244140625,151.6199951171875,1033500.0,151.6199951171875
2017-03-17,152.42999267578125,151.3000030517578,151.77000427246094,151.9499969482422,3389100.0,151.9499969482422
2017-03-20,152.4199981689453,150.49000549316406,152.17999267578125,151.5399932861328,764500.0,151.5399932861328
2017-03-21,152.33999633789062,148.61000061035156,151.89999389648438,150.11000061035156,680300.0,150.11000061035156
2017-03-22,153.94000244140625,150.55999755859375,152.22000122070312,152.8800048828125,618100.0,152.8800048828125
2017-03-23,153.69000244140625,151.64999389648438,152.44000244140625,152.88999938964844,522100.0,152.88999938964844
2017-03-24,154.57000732421875,152.8699951171875,153.22000122070312,153.74000549316406,538400.0,153.74000549316406
2017-03-27,154.49000549316406,151.8000030517578,152.97999572753906,153.9600067138672,460100.0,153.9600067138672
2017-03-28,154.41000366210938,152.33999633789062,153.50999450683594,153.80999755859375,422400.0,153.80999755859375
2017-03-29,154.89999389648438,153.57000732421875,153.57000732421875,154.72000122070312,397800.0,154.72000122070312
2017-03-30,154.99000549316406,153.89999389648438,154.4499969482422,154.52000427246094,244400.0,154.52000427246094
2017-03-31,155.64999389648438,153.69000244140625,154.0,154.61000061035156,466500.0,154.61000061035156
2017-04-03,155.74000549316406,153.58999633789062,155.07000732421875,155.27999877929688,481200.0,155.27999877929688
2017-04-04,156.5399932861328,153.8800048828125,156.5399932861328,155.1199951171875,508500.0,155.1199951171875
2017-04-05,157.02999877929688,154.10000610351562,155.0800018310547,154.72000122070312,617600.0,154.72000122070312
2017-04-06,155.1300048828125,153.3300018310547,154.58999633789062,154.55999755859375,579600.0,154.55999755859375
2017-04-07,156.13999938964844,154.75,154.83999633789062,155.47999572753906,530700.0,155.47999572753906
2017-04-10,156.36000061035156,153.99000549316406,155.47000122070312,154.5800018310547,374400.0,154.5800018310547
2017-04-11,154.9499969482422,153.75,154.24000549316406,154.69000244140625,470900.0,154.69000244140625
2017-04-12,155.35000610351562,153.83999633789062,155.27000427246094,154.1999969482422,437300.0,154.1999969482422
2017-04-13,155.19000244140625,153.3800048828125,153.75,153.60000610351562,369300.0,153.60000610351562
2017-04-17,155.77999877929688,153.24000549316406,154.27999877929688,155.27999877929688,492200.0,155.27999877929688
2017-04-18,155.99000549316406,154.1999969482422,155.10000610351562,155.67999267578125,552400.0,155.67999267578125
2017-04-19,157.64999389648438,155.86000061035156,156.5500030517578,157.0800018310547,477300.0,157.0800018310547
2017-04-20,159.77000427246094,156.75,157.80999755859375,159.52000427246094,492500.0,159.52000427246094
2017-04-21,159.9199981689453,158.22999572753906,159.61000061035156,159.1199951171875,455100.0,159.1199951171875
2017-04-24,162.99000549316406,161.17999267578125,161.9199981689453,161.8699951171875,739900.0,161.8699951171875
2017-04-25,163.2899932861328,162.2100067138672,162.38999938964844,162.42999267578125,470600.0,162.42999267578125
2017-04-26,163.3699951171875,161.36000061035156,162.6999969482422,162.82000732421875,660700.0,162.82000732421875
2017-04-27,163.38999938964844,161.19000244140625,162.8000030517578,162.75999450683594,799500.0,162.75999450683594
2017-04-28,172.0,165.25,166.02000427246094,167.72999572753906,1710100.0,167.72999572753906
2017-05-01,168.3000030517578,162.25,168.3000030517578,163.72999572753906,1230900.0,163.72999572753906
2017-05-02,164.1999969482422,162.38999938964844,164.1999969482422,163.72999572753906,834100.0,163.72999572753906
2017-05-03,164.86000061035156,160.17999267578125,163.72999572753906,160.27999877929688,794000.0,160.27999877929688
2017-05-04,161.02000427246094,158.8300018310547,160.47000122070312,160.4600067138672,789100.0,160.4600067138672
2017-05-05,162.75999450683594,160.11000061035156,161.02000427246094,162.47000122070312,771100.0,162.47000122070312
2017-05-08,162.64999389648438,160.55999755859375,161.88999938964844,161.66000366210938,418200.0,161.66000366210938
2017-05-09,162.25,160.8000030517578,160.8000030517578,162.05999755859375,475500.0,162.05999755859375
2017-05-10,163.6300048828125,161.5500030517578,162.0800018310547,163.00999450683594,678700.0,163.00999450683594
2017-05-11,163.27000427246094,161.8300018310547,162.07000732421875,163.1699981689453,383500.0,163.1699981689453
2017-05-12,164.0,162.58999633789062,163.1699981689453,163.22000122070312,377200.0,163.22000122070312
2017-05-15,164.55999755859375,162.7100067138672,163.14999389648438,164.47999572753906,375200.0,164.47999572753906
2017-05-16,164.97000122070312,163.7100067138672,164.89999389648438,164.72000122070312,370300.0,164.72000122070312
2017-05-17,164.05999755859375,160.91000366210938,163.9199981689453,161.0399932861328,488600.0,161.0399932861328
2017-05-18,162.75999450683594,160.50999450683594,161.1999969482422,161.58999633789062,627300.0,161.58999633789062
2017-05-19,162.38999938964844,160.97999572753906,161.75,161.6300048828125,470400.0,161.6300048828125
2017-05-22,163.25,161.0500030517578,161.1300048828125,162.97000122070312,430100.0,162.97000122070312
2017-05-23,164.4499969482422,162.67999267578125,163.3699951171875,164.1999969482422,419800.0,164.1999969482422
2017-05-24,165.0,163.1999969482422,164.57000732421875,164.60000610351562,382900.0,164.60000610351562
2017-05-25,168.42999267578125,164.75,165.0500030517578,167.39999389648438,466200.0,167.39999389648438
2017-05-26,168.1199951171875,166.5800018310547,166.97000122070312,167.55999755859375,383500.0,167.55999755859375
2017-05-30,168.91000366210938,167.30999755859375,167.44000244140625,167.92999267578125,299400.0,167.92999267578125
2017-05-31,169.22999572753906,166.77000427246094,168.1300048828125,168.38999938964844,744700.0,168.38999938964844
2017-06-01,169.05999755859375,165.19000244140625,166.8800048828125,168.25,1058100.0,168.25
2017-06-02,170.17999267578125,168.0,168.55999755859375,169.86000061035156,548400.0,169.86000061035156
2017-06-05,171.50999450683594,169.52999877929688,170.5500030517578,169.99000549316406,412500.0,169.99000549316406
2017-06-06,172.25,169.33999633789062,170.08999633789062,170.8800048828125,472600.0,170.8800048828125
2017-06-07,173.00999450683594,170.89999389648438,171.24000549316406,171.94000244140625,591400.0,171.94000244140625
2017-06-08,172.86000061035156,170.32000732421875,172.02000427246094,171.33999633789062,476400.0,171.33999633789062
2017-06-09,172.17999267578125,164.22999572753906,171.7100067138672,164.55999755859375,873000.0,164.55999755859375
2017-06-12,164.55999755859375,156.02000427246094,164.35000610351562,158.22000122070312,1422400.0,158.22000122070312
2017-06-13,161.6300048828125,158.22000122070312,159.35000610351562,161.3000030517578,942300.0,161.3000030517578
2017-06-14,164.25999450683594,160.25,162.30999755859375,160.6300048828125,659800.0,160.6300048828125
2017-06-15,160.99000549316406,157.8800048828125,159.77000427246094,160.57000732421875,769300.0,160.57000732421875
2017-06-16,162.75,159.50999450683594,160.2100067138672,160.7100067138672,1120900.0,160.7100067138672
2017-06-19,164.6199951171875,161.19000244140625,161.39999389648438,164.3800048828125,611800.0,164.3800048828125
2017-06-20,167.2899932861328,163.83999633789062,163.89999389648438,166.02000427246094,699000.0,166.02000427246094
2017-06-21,167.07000732421875,165.8300018310547,166.02000427246094,166.61000061035156,473200.0,166.61000061035156
2017-06-22,167.97999572753906,165.44000244140625,166.5,166.52000427246094,436600.0,166.52000427246094
2017-06-23,168.60000610351562,165.97999572753906,166.5,167.35000610351562,1315400.0,167.35000610351562
2017-06-26,168.6300048828125,165.7899932861328,168.27999877929688,165.97000122070312,559200.0,165.97000122070312
2017-06-27,165.7899932861328,162.27999877929688,165.57000732421875,162.44000244140625,447100.0,162.44000244140625
2017-06-28,164.92999267578125,162.44000244140625,162.9199981689453,164.64999389648438,557200.0,164.64999389648438
2017-06-29,164.22000122070312,159.0,164.22000122070312,160.5399932861328,584200.0,160.5399932861328
2017-06-30,162.85000610351562,160.5800018310547,161.47000122070312,161.4199981689453,595600.0,161.4199981689453
2017-07-03,163.75999450683594,159.1699981689453,162.38999938964844,159.32000732421875,325200.0,159.32000732421875
2017-07-05,161.97000122070312,159.4499969482422,159.50999450683594,161.3800048828125,759600.0,161.3800048828125
2017-07-06,160.99000549316406,157.77000427246094,160.22999572753906,159.25999450683594,670200.0,159.25999450683594
2017-07-07,162.36000061035156,159.5500030517578,159.82000732421875,161.42999267578125,411500.0,161.42999267578125
2017-07-10,162.74000549316406,160.4199981689453,161.02000427246094,161.50999450683594,821900.0,161.50999450683594
2017-07-11,162.36000061035156,160.0,161.75999450683594,161.72000122070312,1165300.0,161.72000122070312
2017-07-12,165.25,162.00999450683594,162.88999938964844,164.6300048828125,570800.0,164.6300048828125
2017-07-13,165.05999755859375,162.52999877929688,164.9199981689453,163.58999633789062,495500.0,163.58999633789062
2017-07-14,167.5800018310547,163.85000610351562,164.02000427246094,166.5,444100.0,166.5
2017-07-17,167.4199981689453,165.1699981689453,166.5399932861328,166.02999877929688,757000.0,166.02999877929688
2017-07-18,166.9600067138672,164.77000427246094,165.83999633789062,165.52999877929688,367500.0,165.52999877929688
2017-07-19,168.1999969482422,165.0800018310547,165.85000610351562,167.77999877929688,359100.0,167.77999877929688
2017-07-20,168.1999969482422,166.72999572753906,168.1999969482422,167.2899932861328,267200.0,167.2899932861328
2017-07-21,168.24000549316406,166.25,166.58999633789062,166.6199951171875,357300.0,166.6199951171875
2017-07-24,170.55999755859375,166.72999572753906,166.77999877929688,170.17999267578125,394100.0,170.17999267578125
2017-07-25,171.3699951171875,166.11000061035156,170.55999755859375,166.5500030517578,582400.0,166.5500030517578
2017-07-26,167.63999938964844,165.92999267578125,165.92999267578125,166.8300018310547,330900.0,166.8300018310547
2017-07-27,167.39999389648438,162.5,166.80999755859375,164.39999389648438,378400.0,164.39999389648438
2017-07-28,168.0,164.55999755859375,165.60000610351562,167.52000427246094,482300.0,167.52000427246094
2017-07-31,169.24000549316406,165.80999755859375,168.07000732421875,166.4600067138672,575100.0,166.4600067138672
2017-08-01,165.41000366210938,153.38999938964844,163.83999633789062,154.67999267578125,1380300.0,154.67999267578125
2017-08-02,156.57000732421875,150.49000549316406,154.52000427246094,151.2100067138672,1104900.0,151.2100067138672
2017-08-03,155.3300018310547,151.19000244140625,151.44000244140625,154.08999633789062,759300.0,154.08999633789062
2017-08-04,155.1999969482422,151.55999755859375,154.72999572753906,152.60000610351562,464900.0,152.60000610351562
2017-08-07,155.55999755859375,152.58999633789062,152.89999389648438,155.49000549316406,489000.0,155.49000549316406
2017-08-08,156.47000122070312,153.66000366210938,154.8300018310547,154.77000427246094,518700.0,154.77000427246094
2017-08-09,155.38999938964844,153.52000427246094,154.3300018310547,154.50999450683594,389200.0,154.50999450683594
2017-08-10,154.69000244140625,150.35000610351562,154.27999877929688,151.05999755859375,912700.0,151.05999755859375
2017-08-11,153.9199981689453,151.39999389648438,151.7100067138672,153.02000427246094,502100.0,153.02000427246094
2017-08-14,155.8300018310547,152.97999572753906,152.97999572753906,155.32000732421875,832400.0,155.32000732421875
2017-08-15,157.08999633789062,154.22000122070312,156.14999389648438,154.6699981689453,613700.0,154.6699981689453
2017-08-16,156.27000427246094,154.77999877929688,154.99000549316406,155.2100067138672,871000.0,155.2100067138672
2017-08-17,155.5,151.8300018310547,155.0,151.89999389648438,540800.0,151.89999389648438
2017-08-18,152.8800048828125,150.25,151.25999450683594,150.44000244140625,566900.0,150.44000244140625
2017-08-21,151.27999877929688,148.8000030517578,151.27999877929688,150.41000366210938,664800.0,150.41000366210938
2017-08-22,153.02000427246094,150.77000427246094,151.0,152.82000732421875,437100.0,152.82000732421875
2017-08-23,155.14999389648438,152.8300018310547,155.0,153.61000061035156,576300.0,153.61000061035156
2017-08-24,154.5500030517578,152.2899932861328,153.5,152.57000732421875,424600.0,152.57000732421875
2017-08-25,153.0,150.9499969482422,153.0,151.0800018310547,526000.0,151.0800018310547
2017-08-28,152.1199951171875,149.4499969482422,151.27999877929688,150.44000244140625,528000.0,150.44000244140625
2017-08-29,150.94000244140625,149.32000732421875,149.32000732421875,150.32000732421875,451300.0,150.32000732421875
2017-08-30,154.22999572753906,150.10000610351562,150.10000610351562,152.7100067138672,553000.0,152.7100067138672
2017-08-31,155.99000549316406,152.30999755859375,153.4600067138672,155.42999267578125,642400.0,155.42999267578125
2017-09-01,155.8000030517578,153.60000610351562,155.72000122070312,154.97999572753906,265100.0,154.97999572753906
2017-09-05,156.4600067138672,152.9600067138672,154.16000366210938,155.80999755859375,463300.0,155.80999755859375
2017-09-06,157.22000122070312,154.8699951171875,156.7100067138672,156.8699951171875,489900.0,156.8699951171875
2017-09-07,159.32000732421875,155.8699951171875,157.17999267578125,157.9499969482422,553800.0,157.9499969482422
2017-09-08,159.0399932861328,156.89999389648438,157.63999938964844,157.49000549316406,331200.0,157.49000549316406
2017-09-11,160.5500030517578,157.61000061035156,158.1999969482422,160.22999572753906,409200.0,160.22999572753906
2017-09-12,160.36000061035156,158.2899932861328,160.1300048828125,158.97999572753906,234500.0,158.97999572753906
2017-09-13,159.36000061035156,157.0,158.97000122070312,159.0,369500.0,159.0
2017-09-14,159.7100067138672,157.88999938964844,158.19000244140625,158.8000030517578,384900.0,158.8000030517578
2017-09-15,159.33999633789062,157.36000061035156,159.07000732421875,158.97000122070312,774100.0,158.97000122070312
2017-09-18,162.49000549316406,159.0500030517578,159.3699951171875,162.10000610351562,630300.0,162.10000610351562
2017-09-19,162.1999969482422,160.1300048828125,162.08999633789062,160.52999877929688,443400.0,160.52999877929688
2017-09-20,161.6300048828125,157.77000427246094,160.88999938964844,158.47999572753906,395000.0,158.47999572753906
2017-09-21,158.67999267578125,154.82000732421875,158.50999450683594,155.75999450683594,547300.0,155.75999450683594
2017-09-22,157.75999450683594,155.38999938964844,155.75,157.5,362100.0,157.5
2017-09-25,157.57000732421875,154.1199951171875,157.13999938964844,154.52000427246094,445800.0,154.52000427246094
2017-09-26,154.94000244140625,153.08999633789062,154.5,153.24000549316406,562300.0,153.24000549316406
2017-09-27,156.82000732421875,153.25,153.41000366210938,156.4499969482422,387300.0,156.4499969482422
2017-09-28,156.10000610351562,153.50999450683594,156.02000427246094,154.3699951171875,382800.0,154.3699951171875
2017-09-29,155.60000610351562,153.97000122070312,154.35000610351562,155.49000549316406,392800.0,155.49000549316406
2017-10-02,157.8300018310547,155.97999572753906,156.1300048828125,157.1699981689453,310700.0,157.1699981689453
2017-10-03,157.8000030517578,153.4499969482422,157.14999389648438,154.39999389648438,510600.0,154.39999389648438
2017-10-04,157.52000427246094,153.9600067138672,153.9600067138672,157.41000366210938,386700.0,157.41000366210938
2017-10-05,158.5500030517578,156.67999267578125,157.80999755859375,158.11000061035156,316200.0,158.11000061035156
2017-10-06,159.83999633789062,157.39999389648438,158.16000366210938,158.97000122070312,544500.0,158.97000122070312
2017-10-09,159.6999969482422,158.07000732421875,158.8000030517578,158.2899932861328,304300.0,158.2899932861328
2017-10-10,158.91000366210938,156.89999389648438,158.5,157.3300018310547,259900.0,157.3300018310547
2017-10-11,158.25,156.8000030517578,156.89999389648438,158.0800018310547,277500.0,158.0800018310547
2017-10-12,163.08999633789062,157.52999877929688,157.52999877929688,161.75999450683594,485000.0,161.75999450683594
2017-10-13,162.63999938964844,159.19000244140625,161.25999450683594,159.60000610351562,374200.0,159.60000610351562
2017-10-16,160.42999267578125,158.24000549316406,159.97000122070312,158.5500030517578,368600.0,158.5500030517578
2017-10-17,160.07000732421875,158.08999633789062,158.08999633789062,160.0,272200.0,160.0
2017-10-18,163.27000427246094,159.27999877929688,159.8300018310547,163.0500030517578,454900.0,163.0500030517578
2017-10-19,162.97999572753906,160.83999633789062,162.97999572753906,161.5800018310547,318200.0,161.5800018310547
2017-10-20,165.7899932861328,161.4499969482422,162.3000030517578,164.7100067138672,409600.0,164.7100067138672
2017-10-23,167.5500030517578,163.91000366210938,165.5399932861328,164.42999267578125,283200.0,164.42999267578125
2017-10-24,164.61000061035156,161.6199951171875,163.66000366210938,162.6999969482422,354900.0,162.6999969482422
2017-10-25,162.94000244140625,160.24000549316406,162.02999877929688,162.0399932861328,407000.0,162.0399932861328
2017-10-26,164.4600067138672,162.2100067138672,162.77999877929688,164.25,351700.0,164.25
2017-10-27,168.66000366210938,162.89999389648438,163.61000061035156,168.3699951171875,447700.0,168.3699951171875
2017-10-30,168.6300048828125,163.22999572753906,167.75999450683594,164.41000366210938,543100.0,164.41000366210938
2017-10-31,168.08999633789062,161.00999450683594,163.75999450683594,166.1699981689453,909800.0,166.1699981689453
2017-11-01,167.7899932861328,159.14999389648438,167.7899932861328,159.24000549316406,535600.0,159.24000549316406
2017-11-02,159.22999572753906,151.1300048828125,159.22999572753906,151.8300018310547,1447100.0,151.8300018310547
2017-11-03,155.82000732421875,150.60000610351562,150.69000244140625,155.49000549316406,809800.0,155.49000549316406
2017-11-06,154.9499969482422,149.0,154.80999755859375,151.49000549316406,1032400.0,151.49000549316406
2017-11-07,151.47999572753906,147.0500030517578,149.80999755859375,150.0800018310547,835700.0,150.0800018310547
2017-11-08,151.41000366210938,149.1300048828125,149.8300018310547,150.07000732421875,526100.0,150.07000732421875
2017-11-09,150.74000549316406,149.0,149.4499969482422,150.19000244140625,462500.0,150.19000244140625
2017-11-10,149.8300018310547,146.75999450683594,149.14999389648438,147.67999267578125,525100.0,147.67999267578125
2017-11-13,148.0399932861328,146.08999633789062,146.91000366210938,147.7899932861328,680700.0,147.7899932861328
2017-11-14,149.72999572753906,146.91000366210938,146.91000366210938,149.5399932861328,668300.0,149.5399932861328
2017-11-15,151.91000366210938,148.5,149.49000549316406,151.39999389648438,660300.0,151.39999389648438
2017-11-16,154.7899932861328,151.52999877929688,151.77000427246094,154.0800018310547,746300.0,154.0800018310547
2017-11-17,155.66000366210938,153.36000061035156,153.8000030517578,154.8800048828125,512800.0,154.8800048828125
2017-11-20,155.83999633789062,154.24000549316406,154.6999969482422,155.39999389648438,395400.0,155.39999389648438
2017-11-21,156.47999572753906,154.41000366210938,156.47999572753906,155.58999633789062,404100.0,155.58999633789062
2017-11-22,157.07000732421875,153.9499969482422,155.92999267578125,154.05999755859375,285400.0,154.05999755859375
2017-11-24,155.19000244140625,153.6999969482422,153.72000122070312,154.80999755859375,148800.0,154.80999755859375
2017-11-27,156.5399932861328,153.8699951171875,154.75,155.42999267578125,375400.0,155.42999267578125
2017-11-28,156.4499969482422,154.17999267578125,156.05999755859375,155.02000427246094,394600.0,155.02000427246094
2017-11-29,155.67999267578125,153.4199981689453,155.25,154.0,398800.0,154.0
2017-11-30,156.77999877929688,152.88999938964844,154.00999450683594,156.41000366210938,842100.0,156.41000366210938
2017-12-01,156.8800048828125,151.74000549316406,156.13999938964844,155.0,466900.0,155.0
2017-12-04,160.0,155.61000061035156,155.74000549316406,159.3000030517578,958200.0,159.3000030517578
2017-12-05,165.77000427246094,158.60000610351562,159.9199981689453,159.77999877929688,1093600.0,159.77999877929688
2017-12-06,162.2100067138672,158.9499969482422,160.36000061035156,159.99000549316406,624300.0,159.99000549316406
2017-12-07,160.7100067138672,158.02999877929688,159.69000244140625,159.77999877929688,417500.0,159.77999877929688
2017-12-08,161.19000244140625,159.1999969482422,160.57000732421875,160.57000732421875,273300.0,160.57000732421875
2017-12-11,160.57000732421875,157.85000610351562,160.5,159.6999969482422,379500.0,159.6999969482422
2017-12-12,159.97000122070312,157.11000061035156,159.75999450683594,159.27000427246094,351000.0,159.27000427246094
2017-12-13,160.24000549316406,158.0800018310547,159.5399932861328,158.1999969482422,462200.0,158.1999969482422
2017-12-14,158.41000366210938,155.13999938964844,158.35000610351562,155.25,396800.0,155.25
2017-12-15,157.99000549316406,155.16000366210938,156.50999450683594,156.60000610351562,1046500.0,156.60000610351562
2017-12-18,158.1199951171875,156.32000732421875,157.52999877929688,157.3000030517578,414500.0,157.3000030517578
2017-12-19,158.94000244140625,156.1300048828125,157.2899932861328,157.38999938964844,442500.0,157.38999938964844
2017-12-20,159.08999633789062,156.05999755859375,157.57000732421875,158.67999267578125,322000.0,158.67999267578125
2017-12-21,159.9499969482422,157.00999450683594,159.5800018310547,157.27999877929688,239900.0,157.27999877929688
2017-12-22,158.07000732421875,154.8800048828125,156.80999755859375,157.64999389648438,261300.0,157.64999389648438
2017-12-26,157.64999389648438,156.1199951171875,157.27999877929688,157.07000732421875,256700.0,157.07000732421875
2017-12-27,158.5500030517578,156.38999938964844,157.47000122070312,156.69000244140625,317200.0,156.69000244140625
2017-12-28,158.99000549316406,155.3300018310547,156.7899932861328,158.7899932861328,286600.0,158.7899932861328
2017-12-29,159.64999389648438,156.25,158.8699951171875,156.3800048828125,366800.0,156.3800048828125
2018-01-02,160.52999877929688,157.52999877929688,157.58999633789062,157.80999755859375,398500.0,157.80999755859375
2018-01-03,162.3699951171875,157.85000610351562,157.89999389648438,162.0500030517578,404300.0,162.0500030517578
2018-01-04,165.6999969482422,162.50999450683594,162.91000366210938,163.9600067138672,519800.0,163.9600067138672
2018-01-05,166.74000549316406,163.25999450683594,165.0500030517578,166.60000610351562,515300.0,166.60000610351562
2018-01-08,167.7100067138672,164.77999877929688,166.5,165.0800018310547,449200.0,165.0800018310547
2018-01-09,166.0800018310547,164.07000732421875,165.3800048828125,165.72999572753906,397400.0,165.72999572753906
2018-01-10,166.4199981689453,163.4600067138672,165.52999877929688,166.13999938964844,503200.0,166.13999938964844
2018-01-11,171.5500030517578,166.25999450683594,166.69000244140625,171.50999450683594,526300.0,171.50999450683594
2018-01-12,173.82000732421875,170.0399932861328,171.35000610351562,173.24000549316406,632900.0,173.24000549316406
2018-01-16,177.25,173.41000366210938,174.5,176.10000610351562,727600.0,176.10000610351562
2018-01-17,180.1999969482422,175.99000549316406,177.13999938964844,179.36000061035156,548100.0,179.36000061035156
2018-01-18,180.3000030517578,177.44000244140625,178.6999969482422,179.0,564800.0,179.0
2018-01-19,180.8800048828125,179.1199951171875,179.5,180.6300048828125,602700.0,180.6300048828125
2018-01-22,181.3699951171875,179.2100067138672,181.0,180.9499969482422,445000.0,180.9499969482422
2018-01-23,183.1300048828125,179.49000549316406,180.64999389648438,182.22999572753906,427000.0,182.22999572753906
2018-01-24,185.75999450683594,181.77000427246094,183.22999572753906,184.0800018310547,522600.0,184.0800018310547
2018-01-25,187.11000061035156,183.89999389648438,184.6999969482422,185.72999572753906,396300.0,185.72999572753906
2018-01-26,187.24000549316406,184.33999633789062,186.39999389648438,187.02999877929688,373600.0,187.02999877929688
2018-01-29,187.42999267578125,185.5,186.6999969482422,186.77999877929688,412300.0,186.77999877929688
2018-01-30,187.66000366210938,185.3699951171875,186.25999450683594,186.58999633789062,481400.0,186.58999633789062
2018-01-31,188.5500030517578,185.10000610351562,186.66000366210938,187.0399932861328,659000.0,187.0399932861328
2018-02-01,198.72999572753906,185.6999969482422,189.52999877929688,193.9499969482422,859200.0,193.9499969482422
2018-02-02,195.66000366210938,186.22999572753906,193.52999877929688,186.36000061035156,770600.0,186.36000061035156
2018-02-05,184.39999389648438,179.55999755859375,182.5,180.36000061035156,1240100.0,180.36000061035156
2018-02-06,180.44000244140625,173.39999389648438,177.3000030517578,180.0500030517578,1381600.0,180.0500030517578
2018-02-07,180.42999267578125,175.7100067138672,179.5800018310547,176.8300018310547,681500.0,176.8300018310547
2018-02-08,176.52000427246094,169.1999969482422,175.6999969482422,169.27999877929688,828700.0,169.27999877929688
2018-02-09,174.42999267578125,166.6999969482422,170.41000366210938,172.9499969482422,726200.0,172.9499969482422
2018-02-12,177.00999450683594,172.50999450683594,174.4199981689453,175.05999755859375,421300.0,175.05999755859375
2018-02-13,176.4600067138672,172.3699951171875,173.92999267578125,175.38999938964844,1205000.0,175.38999938964844
2018-02-14,179.8699951171875,173.6300048828125,174.35000610351562,178.25999450683594,1004000.0,178.25999450683594
2018-02-15,181.52000427246094,178.0399932861328,179.22000122070312,181.4499969482422,591200.0,181.4499969482422
2018-02-16,183.77999877929688,180.83999633789062,181.1300048828125,182.47999572753906,427500.0,182.47999572753906
2018-02-20,185.1699981689453,182.42999267578125,182.42999267578125,183.16000366210938,426900.0,183.16000366210938
2018-02-21,187.67999267578125,183.36000061035156,183.36000061035156,183.94000244140625,349400.0,183.94000244140625
2018-02-22,187.1300048828125,183.25,184.14999389648438,183.86000061035156,548600.0,183.86000061035156
2018-02-23,187.6300048828125,183.47999572753906,185.1199951171875,187.61000061035156,461500.0,187.61000061035156
2018-02-26,188.77999877929688,185.50999450683594,187.60000610351562,186.08999633789062,480100.0,186.08999633789062
2018-02-27,188.80999755859375,186.2100067138672,186.3800048828125,187.97999572753906,422100.0,187.97999572753906
2018-02-28,191.89999389648438,187.19000244140625,188.8000030517578,187.22999572753906,730700.0,187.22999572753906
2018-03-01,188.4499969482422,181.05999755859375,187.38999938964844,182.50999450683594,683500.0,182.50999450683594
2018-03-02,186.1199951171875,180.3300018310547,181.33999633789062,185.77000427246094,540100.0,185.77000427246094
2018-03-05,191.6300048828125,183.38999938964844,184.3699951171875,191.13999938964844,644000.0,191.13999938964844
2018-03-06,191.94000244140625,187.64999389648438,191.13999938964844,190.58999633789062,648200.0,190.58999633789062
2018-03-07,194.92999267578125,184.5399932861328,189.63999938964844,194.4199981689453,474200.0,194.4199981689453
2018-03-08,198.7100067138672,193.6699981689453,195.0,197.4499969482422,496900.0,197.4499969482422
2018-03-09,203.25999450683594,197.80999755859375,198.32000732421875,203.1699981689453,631100.0,203.1699981689453
2018-03-12,205.89999389648438,202.32000732421875,203.44000244140625,204.35000610351562,468200.0,204.35000610351562
2018-03-13,206.49000549316406,202.55999755859375,205.13999938964844,204.52999877929688,443200.0,204.52999877929688
2018-03-14,205.74000549316406,202.50999450683594,205.74000549316406,203.5800018310547,422000.0,203.5800018310547
2018-03-15,205.7899932861328,201.6999969482422,203.3800048828125,203.3699951171875,445000.0,203.3699951171875
2018-03-16,207.13999938964844,203.32000732421875,203.75999450683594,204.72999572753906,785300.0,204.72999572753906
2018-03-19,204.1199951171875,197.82000732421875,203.47000122070312,199.05999755859375,627400.0,199.05999755859375
2018-03-20,201.4499969482422,198.72000122070312,199.9600067138672,200.72000122070312,325400.0,200.72000122070312
2018-03-21,201.82000732421875,198.3000030517578,200.49000549316406,200.22999572753906,415300.0,200.22999572753906
2018-03-22,199.0500030517578,193.6999969482422,198.2100067138672,193.8800048828125,537000.0,193.8800048828125
2018-03-23,196.69000244140625,190.16000366210938,194.02000427246094,190.30999755859375,603300.0,190.30999755859375
2018-03-26,197.47999572753906,191.58999633789062,192.92999267578125,197.3000030517578,563300.0,197.3000030517578
2018-03-27,199.4199981689453,189.72999572753906,199.17999267578125,190.89999389648438,492300.0,190.89999389648438
2018-03-28,192.5500030517578,187.92999267578125,191.25999450683594,188.7899932861328,616600.0,188.7899932861328
2018-03-29,193.6300048828125,188.3699951171875,189.6999969482422,191.38999938964844,723000.0,191.38999938964844
2018-04-02,191.9499969482422,184.47999572753906,191.2899932861328,186.6199951171875,479200.0,186.6199951171875
2018-04-03,189.35000610351562,186.0399932861328,187.61000061035156,188.7100067138672,604600.0,188.7100067138672
2018-04-04,191.58999633789062,185.50999450683594,186.39999389648438,190.8300018310547,421200.0,190.8300018310547
2018-04-05,192.99000549316406,189.75,192.3000030517578,190.8800048828125,363600.0,190.8800048828125
2018-04-06,191.10000610351562,183.86000061035156,189.75999450683594,185.55999755859375,403600.0,185.55999755859375
2018-04-09,190.17999267578125,185.6699981689453,186.3699951171875,187.1300048828125,352700.0,187.1300048828125
2018-04-10,194.55999755859375,189.07000732421875,189.3000030517578,193.25999450683594,397200.0,193.25999450683594
2018-04-11,193.8699951171875,190.9199981689453,191.25999450683594,192.41000366210938,275400.0,192.41000366210938
2018-04-12,195.50999450683594,192.88999938964844,193.1300048828125,194.2100067138672,297200.0,194.2100067138672
2018-04-13,195.02000427246094,190.74000549316406,194.75999450683594,191.77999877929688,301000.0,191.77999877929688
2018-04-16,197.0,191.32000732421875,193.44000244140625,195.6199951171875,291700.0,195.6199951171875
2018-04-17,200.50999450683594,196.19000244140625,196.9199981689453,199.6199951171875,441800.0,199.6199951171875
2018-04-18,202.25999450683594,199.0,199.66000366210938,200.83999633789062,260100.0,200.83999633789062
2018-04-19,200.52000427246094,196.42999267578125,200.3800048828125,197.82000732421875,340100.0,197.82000732421875
2018-04-20,199.7100067138672,195.80999755859375,198.27000427246094,196.75,350800.0,196.75
2018-04-23,200.35000610351562,196.77999877929688,197.6999969482422,197.6300048828125,212200.0,197.6300048828125
2018-04-24,201.14999389648438,192.33999633789062,199.0800018310547,193.85000610351562,430600.0,193.85000610351562
2018-04-25,195.25,191.5399932861328,193.69000244140625,194.61000061035156,324500.0,194.61000061035156
2018-04-26,199.5500030517578,194.74000549316406,195.14999389648438,199.05999755859375,401000.0,199.05999755859375
2018-04-27,199.75,195.77999877929688,199.58999633789062,197.19000244140625,289100.0,197.19000244140625
2018-04-30,198.33999633789062,194.08999633789062,197.82000732421875,194.49000549316406,425500.0,194.49000549316406
2018-05-01,195.47999572753906,193.36000061035156,194.02000427246094,195.05999755859375,447700.0,195.05999755859375
2018-05-02,195.8699951171875,192.07000732421875,194.69000244140625,193.1699981689453,617100.0,193.1699981689453
2018-05-03,195.97000122070312,189.4199981689453,191.97000122070312,195.77999877929688,553100.0,195.77999877929688
2018-05-04,212.47000122070312,198.30999755859375,200.0,212.1999969482422,939700.0,212.1999969482422
2018-05-07,217.88999938964844,206.0,215.75,207.52999877929688,804500.0,207.52999877929688
2018-05-08,207.0,203.14999389648438,205.47999572753906,204.9600067138672,544400.0,204.9600067138672
2018-05-09,207.9499969482422,203.8300018310547,205.82000732421875,206.6199951171875,293000.0,206.6199951171875
2018-05-10,209.97999572753906,206.14999389648438,206.7899932861328,209.10000610351562,427600.0,209.10000610351562
2018-05-11,211.8000030517578,209.3699951171875,209.60000610351562,211.3800048828125,328700.0,211.3800048828125
2018-05-14,212.6999969482422,209.88999938964844,211.0,210.8800048828125,230500.0,210.8800048828125
2018-05-15,209.57000732421875,205.6300048828125,209.27999877929688,208.9199981689453,361200.0,208.9199981689453
2018-05-16,206.0,196.0,206.0,199.4199981689453,1559100.0,199.4199981689453
2018-05-17,200.0,194.0399932861328,199.3000030517578,195.58999633789062,887400.0,195.58999633789062
2018-05-18,201.25,195.14999389648438,195.8699951171875,200.75999450683594,539100.0,200.75999450683594
2018-05-21,203.38999938964844,200.49000549316406,202.42999267578125,201.19000244140625,432000.0,201.19000244140625
2018-05-22,201.97000122070312,199.72999572753906,201.50999450683594,199.99000549316406,375100.0,199.99000549316406
2018-05-23,204.55999755859375,199.44000244140625,199.44000244140625,204.16000366210938,516300.0,204.16000366210938
2018-05-24,205.0,202.0399932861328,203.92999267578125,202.3699951171875,267200.0,202.3699951171875
2018-05-25,204.00999450683594,202.4199981689453,202.4199981689453,203.6999969482422,360300.0,203.6999969482422
2018-05-29,205.47999572753906,201.5399932861328,201.94000244140625,205.25,496200.0,205.25
2018-05-30,212.27000427246094,206.0,206.0500030517578,209.0800018310547,595900.0,209.0800018310547
2018-05-31,211.9199981689453,207.8300018310547,208.52999877929688,208.2100067138672,633100.0,208.2100067138672
2018-06-01,216.9600067138672,210.50999450683594,210.50999450683594,215.36000061035156,608700.0,215.36000061035156
2018-06-04,219.35000610351562,215.88999938964844,215.88999938964844,218.80999755859375,531000.0,218.80999755859375
2018-06-05,220.89999389648438,217.3000030517578,219.9600067138672,217.4499969482422,452800.0,217.4499969482422
2018-06-06,219.6199951171875,216.25,217.44000244140625,219.50999450683594,387800.0,219.50999450683594
2018-06-07,221.10000610351562,214.07000732421875,220.1300048828125,218.0399932861328,401900.0,218.0399932861328
2018-06-08,219.82000732421875,216.99000549316406,218.22999572753906,219.72000122070312,262800.0,219.72000122070312
2018-06-11,222.3300018310547,218.66000366210938,219.72000122070312,221.07000732421875,211100.0,221.07000732421875
2018-06-12,223.8800048828125,220.63999938964844,221.1699981689453,222.33999633789062,397100.0,222.33999633789062
2018-06-13,224.5,221.52000427246094,222.74000549316406,222.5800018310547,410100.0,222.5800018310547
2018-06-14,226.1999969482422,222.42999267578125,224.1999969482422,226.0800018310547,346700.0,226.0800018310547
2018-06-15,229.00999450683594,225.47000122070312,227.25,227.89999389648438,637900.0,227.89999389648438
2018-06-18,227.0,224.6999969482422,226.1699981689453,226.25,500900.0,226.25
2018-06-19,226.63999938964844,223.55999755859375,224.50999450683594,225.3800048828125,393600.0,225.3800048828125
2018-06-20,227.38999938964844,224.5,225.5500030517578,224.97999572753906,245500.0,224.97999572753906
2018-06-21,226.5399932861328,220.7100067138672,225.11000061035156,221.91000366210938,255800.0,221.91000366210938
2018-06-22,224.1699981689453,220.63999938964844,222.47999572753906,222.89999389648438,520100.0,222.89999389648438
2018-06-25,223.75,216.11000061035156,222.02999877929688,217.49000549316406,401800.0,217.49000549316406
2018-06-26,219.77999877929688,216.75999450683594,217.77999877929688,217.33999633789062,428700.0,217.33999633789062
2018-06-27,219.42999267578125,211.66000366210938,218.30999755859375,212.74000549316406,416300.0,212.74000549316406
2018-06-28,218.6999969482422,212.3300018310547,212.3300018310547,217.47000122070312,314400.0,217.47000122070312
2018-06-29,220.86000061035156,217.3300018310547,217.94000244140625,217.94000244140625,475400.0,217.94000244140625
2018-07-02,221.5,215.27999877929688,216.8300018310547,221.27999877929688,325500.0,221.27999877929688
2018-07-03,222.72999572753906,218.02999877929688,222.08999633789062,218.82000732421875,234000.0,218.82000732421875
2018-07-05,222.36000061035156,217.25,220.25999450683594,221.83999633789062,407300.0,221.83999633789062
2018-07-06,225.94000244140625,222.17999267578125,222.17999267578125,225.52999877929688,346300.0,225.52999877929688
2018-07-09,229.97999572753906,226.42999267578125,226.42999267578125,229.50999450683594,540200.0,229.50999450683594
2018-07-10,237.94000244140625,230.35000610351562,236.8800048828125,234.10000610351562,684400.0,234.10000610351562
2018-07-11,235.92999267578125,231.55999755859375,232.9499969482422,234.16000366210938,416500.0,234.16000366210938
2018-07-12,237.52000427246094,234.58999633789062,235.30999755859375,237.4600067138672,329600.0,237.4600067138672
2018-07-13,238.72000122070312,236.11000061035156,237.4600067138672,238.14999389648438,198700.0,238.14999389648438
2018-07-16,239.6699981689453,236.5399932861328,238.97999572753906,237.9199981689453,253700.0,237.9199981689453
2018-07-17,240.5,236.6300048828125,236.6300048828125,239.7899932861328,340800.0,239.7899932861328
2018-07-18,241.61000061035156,238.41000366210938,239.80999755859375,239.10000610351562,300800.0,239.10000610351562
2018-07-19,243.74000549316406,238.14999389648438,239.14999389648438,242.82000732421875,380600.0,242.82000732421875
2018-07-20,248.64999389648438,242.27000427246094,243.17999267578125,248.13999938964844,539500.0,248.13999938964844
2018-07-23,248.72000122070312,243.44000244140625,248.2899932861328,248.5500030517578,369300.0,248.5500030517578
2018-07-24,252.39999389648438,247.02000427246094,249.8000030517578,248.07000732421875,474600.0,248.07000732421875
2018-07-25,251.41000366210938,247.5399932861328,247.6699981689453,251.1300048828125,484000.0,251.1300048828125
2018-07-26,252.49000549316406,247.6199951171875,252.49000549316406,247.97999572753906,331800.0,247.97999572753906
2018-07-27,249.0,239.35000610351562,248.72000122070312,241.27000427246094,513800.0,241.27000427246094
2018-07-30,242.49000549316406,235.6699981689453,240.63999938964844,237.75999450683594,619100.0,237.75999450683594
2018-07-31,245.25,237.0,238.1699981689453,244.92999267578125,537300.0,244.92999267578125
2018-08-01,244.92999267578125,227.7899932861328,244.92999267578125,236.14999389648438,1092300.0,236.14999389648438
2018-08-02,243.0399932861328,234.25,234.69000244140625,240.8000030517578,521700.0,240.8000030517578
2018-08-03,243.3699951171875,238.3800048828125,241.0,242.63999938964844,440800.0,242.63999938964844
2018-08-06,244.30999755859375,240.55999755859375,242.05999755859375,242.91000366210938,357900.0,242.91000366210938
2018-08-07,246.2100067138672,243.77999877929688,243.99000549316406,245.52000427246094,515500.0,245.52000427246094
2018-08-08,246.77000427246094,243.49000549316406,243.99000549316406,246.22000122070312,545600.0,246.22000122070312
2018-08-09,249.17999267578125,244.27000427246094,246.72999572753906,244.6300048828125,380300.0,244.6300048828125
2018-08-10,245.8300018310547,242.0399932861328,242.9199981689453,243.52000427246094,299000.0,243.52000427246094
2018-08-13,245.47000122070312,240.32000732421875,243.64999389648438,240.57000732421875,384300.0,240.57000732421875
2018-08-14,244.91000366210938,239.8800048828125,242.0500030517578,243.3699951171875,316200.0,243.3699951171875
2018-08-15,242.80999755859375,238.44000244140625,241.47999572753906,241.57000732421875,286300.0,241.57000732421875
2018-08-16,244.0399932861328,241.61000061035156,242.99000549316406,243.25999450683594,302900.0,243.25999450683594
2018-08-17,243.88999938964844,240.88999938964844,242.97999572753906,243.5,309300.0,243.5
2018-08-20,245.57000732421875,240.72999572753906,244.8300018310547,242.47999572753906,480100.0,242.47999572753906
2018-08-21,245.41000366210938,242.3300018310547,242.6999969482422,242.52000427246094,392000.0,242.52000427246094
2018-08-22,246.5399932861328,241.30999755859375,242.0,245.88999938964844,304000.0,245.88999938964844
2018-08-23,248.99000549316406,245.33999633789062,245.86000061035156,245.97000122070312,408700.0,245.97000122070312
2018-08-24,251.3000030517578,245.74000549316406,246.7100067138672,249.5,497100.0,249.5
2018-08-27,255.08999633789062,248.63999938964844,250.6699981689453,251.33999633789062,492400.0,251.33999633789062
2018-08-28,253.4600067138672,250.83999633789062,251.6199951171875,251.6999969482422,309200.0,251.6999969482422
2018-08-29,256.2200012207031,251.6999969482422,251.6999969482422,254.4600067138672,449900.0,254.4600067138672
2018-08-30,254.77000427246094,252.11000061035156,253.75,253.47999572753906,307400.0,253.47999572753906
2018-08-31,255.14999389648438,252.2100067138672,253.3699951171875,254.0399932861328,374800.0,254.0399932861328
2018-09-04,254.27999877929688,249.63999938964844,253.3699951171875,251.0,526300.0,251.0
2018-09-05,251.6999969482422,243.63999938964844,251.08999633789062,245.64999389648438,734400.0,245.64999389648438
2018-09-06,247.3000030517578,242.83999633789062,245.42999267578125,244.25999450683594,511500.0,244.25999450683594
2018-09-07,246.39999389648438,241.9199981689453,244.1699981689453,242.5500030517578,379200.0,242.5500030517578
2018-09-10,247.99000549316406,243.5500030517578,244.5,246.11000061035156,508200.0,246.11000061035156
2018-09-11,248.08999633789062,241.32000732421875,246.47999572753906,242.42999267578125,641000.0,242.42999267578125
2018-09-12,246.05999755859375,241.6999969482422,242.39999389648438,245.64999389648438,343500.0,245.64999389648438
2018-09-13,249.75,245.7100067138672,246.13999938964844,249.2899932861328,362700.0,249.2899932861328
2018-09-14,249.88999938964844,247.07000732421875,248.94000244140625,247.94000244140625,320300.0,247.94000244140625
2018-09-17,248.86000061035156,242.11000061035156,247.72000122070312,242.94000244140625,377500.0,242.94000244140625
2018-09-18,247.6999969482422,242.0,243.6699981689453,245.22000122070312,543000.0,245.22000122070312
2018-09-19,245.72999572753906,240.02000427246094,244.92999267578125,240.89999389648438,509200.0,240.89999389648438
2018-09-20,243.72000122070312,239.25999450683594,241.9600067138672,242.02000427246094,713800.0,242.02000427246094
2018-09-21,244.1300048828125,240.7899932861328,243.5,241.1300048828125,668700.0,241.1300048828125
2018-09-24,243.2100067138672,239.00999450683594,239.66000366210938,242.7100067138672,345700.0,242.7100067138672
2018-09-25,245.97000122070312,242.72999572753906,243.3699951171875,245.83999633789062,293700.0,245.83999633789062
2018-09-26,247.97999572753906,243.47999572753906,246.69000244140625,244.38999938964844,309700.0,244.38999938964844
2018-09-27,249.8300018310547,244.27999877929688,244.27999877929688,248.67999267578125,411200.0,248.67999267578125
2018-09-28,250.67999267578125,248.13999938964844,248.4600067138672,249.66000366210938,383100.0,249.66000366210938
2018-10-01,252.69000244140625,247.77999877929688,250.0,248.9199981689453,272900.0,248.9199981689453
2018-10-02,249.9199981689453,241.6300048828125,249.11000061035156,242.3800048828125,473800.0,242.3800048828125
2018-10-03,245.14999389648438,238.80999755859375,243.60000610351562,239.36000061035156,434100.0,239.36000061035156
2018-10-04,238.1999969482422,229.82000732421875,237.89999389648438,231.11000061035156,643300.0,231.11000061035156
2018-10-05,233.5,226.27999877929688,231.11000061035156,229.24000549316406,496500.0,229.24000549316406
2018-10-08,229.94000244140625,220.50999450683594,228.44000244140625,224.2899932861328,667700.0,224.2899932861328
2018-10-09,227.1199951171875,222.0,223.69000244140625,223.89999389648438,567900.0,223.89999389648438
2018-10-10,224.91000366210938,216.63999938964844,223.60000610351562,217.2100067138672,591400.0,217.2100067138672
2018-10-11,219.99000549316406,212.5500030517578,216.41000366210938,214.11000061035156,531300.0,214.11000061035156
2018-10-12,223.3300018310547,216.41000366210938,219.60000610351562,222.4199981689453,850100.0,222.4199981689453
2018-10-15,222.0399932861328,216.86000061035156,221.89999389648438,216.89999389648438,390300.0,216.89999389648438
2018-10-16,226.25,219.3000030517578,219.3000030517578,225.7899932861328,335900.0,225.7899932861328
2018-10-17,229.10000610351562,223.6199951171875,225.0399932861328,228.49000549316406,486900.0,228.49000549316406
2018-10-18,228.7100067138672,223.0399932861328,228.3000030517578,224.3300018310547,518700.0,224.3300018310547
2018-10-19,227.97000122070312,217.35000610351562,226.39999389648438,218.39999389648438,486900.0,218.39999389648438
2018-10-22,220.99000549316406,214.39999389648438,218.3000030517578,219.77999877929688,428200.0,219.77999877929688
2018-10-23,219.5399932861328,211.00999450683594,216.63999938964844,218.1199951171875,498900.0,218.1199951171875
2018-10-24,220.6300048828125,206.39999389648438,218.0,206.9499969482422,655100.0,206.9499969482422
2018-10-25,213.6699981689453,205.57000732421875,208.25,210.77999877929688,580100.0,210.77999877929688
2018-10-26,207.99000549316406,200.85000610351562,204.55999755859375,203.4499969482422,1205600.0,203.4499969482422
2018-10-29,209.10000610351562,199.86000061035156,206.75,203.91000366210938,688400.0,203.91000366210938
2018-10-30,210.4600067138672,203.75,204.2100067138672,210.22000122070312,683500.0,210.22000122070312
2018-10-31,216.11000061035156,210.88999938964844,213.49000549316406,212.1199951171875,831300.0,212.1199951171875
2018-11-01,207.8000030517578,190.0,196.8800048828125,205.05999755859375,1582400.0,205.05999755859375
2018-11-02,209.8699951171875,195.00999450683594,206.0,204.91000366210938,1044500.0,204.91000366210938
2018-11-05,205.52999877929688,198.39999389648438,205.44000244140625,201.4499969482422,626300.0,201.4499969482422
2018-11-06,204.08999633789062,200.1300048828125,201.8300018310547,202.27000427246094,572300.0,202.27000427246094
2018-11-07,210.14999389648438,203.1199951171875,203.97999572753906,209.7899932861328,551300.0,209.7899932861328
2018-11-08,212.17999267578125,208.35000610351562,209.64999389648438,209.6699981689453,508000.0,209.6699981689453
2018-11-09,209.39999389648438,203.4199981689453,208.72000122070312,207.1699981689453,464300.0,207.1699981689453
2018-11-12,207.22999572753906,198.0,206.24000549316406,198.82000732421875,463500.0,198.82000732421875
2018-11-13,202.25,196.5,198.0,198.83999633789062,533000.0,198.83999633789062
2018-11-14,202.24000549316406,195.1699981689453,200.5,196.69000244140625,390500.0,196.69000244140625
2018-11-15,200.97000122070312,193.3699951171875,195.6300048828125,200.57000732421875,449100.0,200.57000732421875
2018-11-16,203.1199951171875,198.4499969482422,199.91000366210938,201.3699951171875,530000.0,201.3699951171875
2018-11-19,201.3000030517578,191.05999755859375,201.3000030517578,193.52000427246094,576900.0,193.52000427246094
2018-11-20,194.3300018310547,188.75,190.6199951171875,192.16000366210938,535800.0,192.16000366210938
2018-11-21,195.47000122070312,190.0800018310547,193.17999267578125,193.49000549316406,438400.0,193.49000549316406
2018-11-23,195.8300018310547,192.16000366210938,192.17999267578125,192.64999389648438,152400.0,192.64999389648438
2018-11-26,196.99000549316406,192.58999633789062,194.0500030517578,196.6999969482422,427100.0,196.6999969482422
2018-11-27,198.00999450683594,193.1699981689453,196.25999450683594,194.39999389648438,406500.0,194.39999389648438
2018-11-28,202.72999572753906,194.5500030517578,194.5500030517578,202.41000366210938,487300.0,202.41000366210938
2018-11-29,202.41000366210938,198.99000549316406,200.6999969482422,201.1199951171875,408200.0,201.1199951171875
2018-11-30,204.3699951171875,200.49000549316406,201.36000061035156,203.75999450683594,516100.0,203.75999450683594
2018-12-03,207.27999877929688,204.3699951171875,206.25,206.36000061035156,519900.0,206.36000061035156
2018-12-04,207.75,194.63999938964844,206.67999267578125,196.8000030517578,822300.0,196.8000030517578
2018-12-06,199.97000122070312,189.4600067138672,194.07000732421875,199.69000244140625,860300.0,199.69000244140625
2018-12-07,199.5500030517578,188.55999755859375,198.39999389648438,190.00999450683594,621700.0,190.00999450683594
2018-12-10,196.24000549316406,188.99000549316406,190.1699981689453,196.0,591800.0,196.0
2018-12-11,199.66000366210938,195.00999450683594,198.39999389648438,196.47000122070312,500300.0,196.47000122070312
2018-12-12,202.8000030517578,198.8800048828125,199.72000122070312,199.72999572753906,430400.0,199.72999572753906
2018-12-13,201.02000427246094,193.19000244140625,200.74000549316406,194.97000122070312,444700.0,194.97000122070312
2018-12-14,193.75,189.5800018310547,192.97999572753906,190.27000427246094,545500.0,190.27000427246094
2018-12-17,189.66000366210938,182.4199981689453,189.47000122070312,183.7899932861328,800500.0,183.7899932861328
2018-12-18,190.02000427246094,183.77000427246094,185.60000610351562,187.57000732421875,617600.0,187.57000732421875
2018-12-19,192.97999572753906,181.52999877929688,188.33999633789062,183.89999389648438,621800.0,183.89999389648438
2018-12-20,187.82000732421875,180.0,182.5,185.0399932861328,1102900.0,185.0399932861328
2018-12-21,188.97999572753906,182.89999389648438,184.89999389648438,184.94000244140625,1351100.0,184.94000244140625
2018-12-24,184.3800048828125,176.1699981689453,183.82000732421875,176.17999267578125,445900.0,176.17999267578125
2018-12-26,185.6300048828125,176.14999389648438,176.14999389648438,185.60000610351562,455100.0,185.60000610351562
2018-12-27,187.9499969482422,180.5,182.75999450683594,187.9499969482422,647800.0,187.9499969482422
2018-12-28,189.35000610351562,182.9199981689453,189.05999755859375,185.8800048828125,542800.0,185.8800048828125
2018-12-31,187.97000122070312,183.3800048828125,187.4499969482422,186.02000427246094,680500.0,186.02000427246094
2019-01-02,184.1699981689453,180.75,182.49000549316406,182.4600067138672,550200.0,182.4600067138672
2019-01-03,181.91000366210938,176.11000061035156,181.30999755859375,178.02000427246094,560300.0,178.02000427246094
2019-01-04,188.99000549316406,180.7100067138672,180.7100067138672,187.42999267578125,892200.0,187.42999267578125
2019-01-07,190.0,185.25,187.9199981689453,186.88999938964844,648700.0,186.88999938964844
2019-01-08,189.61000061035156,184.52000427246094,188.83999633789062,189.2899932861328,544400.0,189.2899932861328
2019-01-09,194.5,190.24000549316406,190.27000427246094,192.22000122070312,575000.0,192.22000122070312
2019-01-10,193.1199951171875,190.10000610351562,191.4199981689453,192.72000122070312,303300.0,192.72000122070312
2019-01-11,193.00999450683594,190.77000427246094,191.86000061035156,192.91000366210938,355600.0,192.91000366210938
2019-01-14,192.60000610351562,189.69000244140625,191.88999938964844,189.7899932861328,509700.0,189.7899932861328
2019-01-15,196.2899932861328,190.52000427246094,190.58999633789062,196.00999450683594,586600.0,196.00999450683594
2019-01-16,199.67999267578125,195.07000732421875,196.0800018310547,197.24000549316406,995200.0,197.24000549316406
2019-01-17,199.2100067138672,196.0800018310547,196.27000427246094,196.89999389648438,472100.0,196.89999389648438
2019-01-18,200.97999572753906,196.2899932861328,198.89999389648438,200.8699951171875,796300.0,200.8699951171875
2019-01-22,201.42999267578125,198.82000732421875,199.63999938964844,201.30999755859375,473100.0,201.30999755859375
2019-01-23,204.0399932861328,198.47000122070312,201.88999938964844,201.63999938964844,369700.0,201.63999938964844
2019-01-24,206.4499969482422,200.49000549316406,202.10000610351562,206.16000366210938,617900.0,206.16000366210938
2019-01-25,209.49000549316406,206.86000061035156,207.8800048828125,208.85000610351562,483800.0,208.85000610351562
2019-01-28,207.8699951171875,204.0500030517578,207.85000610351562,205.6999969482422,424100.0,205.6999969482422
2019-01-29,207.11000061035156,203.3699951171875,205.17999267578125,204.2899932861328,475100.0,204.2899932861328
2019-01-30,209.52999877929688,204.25,204.83999633789062,207.67999267578125,515600.0,207.67999267578125
2019-01-31,213.0,207.11000061035156,208.11000061035156,212.77999877929688,674800.0,212.77999877929688
2019-02-01,214.5,201.58999633789062,214.02999877929688,205.3800048828125,1292700.0,205.3800048828125
2019-02-04,207.85000610351562,202.17999267578125,205.5,203.16000366210938,533900.0,203.16000366210938
2019-02-05,209.0,203.27999877929688,203.50999450683594,207.97999572753906,673500.0,207.97999572753906
2019-02-06,209.75,207.19000244140625,207.72000122070312,208.8300018310547,504400.0,208.8300018310547
2019-02-07,207.64999389648438,204.2899932861328,207.27000427246094,206.80999755859375,435300.0,206.80999755859375
2019-02-08,207.89999389648438,204.80999755859375,206.02000427246094,207.74000549316406,374700.0,207.74000549316406
2019-02-11,209.88999938964844,206.41000366210938,208.41000366210938,206.63999938964844,343000.0,206.63999938964844
2019-02-12,210.05999755859375,206.77999877929688,208.0399932861328,209.5,348000.0,209.5
2019-02-13,211.47000122070312,209.10000610351562,210.32000732421875,210.38999938964844,382700.0,210.38999938964844
2019-02-14,209.86000061035156,205.2100067138672,209.49000549316406,206.94000244140625,613700.0,206.94000244140625
2019-02-15,210.32000732421875,207.00999450683594,208.5800018310547,210.25999450683594,438600.0,210.25999450683594
2019-02-19,211.88999938964844,209.0,210.08999633789062,211.32000732421875,484200.0,211.32000732421875
2019-02-20,212.5,210.64999389648438,211.3800048828125,211.44000244140625,515000.0,211.44000244140625
2019-02-21,210.77000427246094,204.77999877929688,210.77000427246094,205.99000549316406,651600.0,205.99000549316406
2019-02-22,209.50999450683594,206.27999877929688,206.49000549316406,209.17999267578125,420500.0,209.17999267578125
2019-02-25,212.75,209.94000244140625,210.44000244140625,210.10000610351562,492800.0,210.10000610351562
2019-02-26,210.07000732421875,207.02999877929688,210.07000732421875,207.74000549316406,427100.0,207.74000549316406
2019-02-27,209.22999572753906,206.36000061035156,207.0800018310547,208.97000122070312,279000.0,208.97000122070312
2019-02-28,212.13999938964844,208.0,208.85000610351562,211.02999877929688,630100.0,211.02999877929688
2019-03-01,216.85000610351562,213.16000366210938,213.25,215.92999267578125,520200.0,215.92999267578125
2019-03-04,217.88999938964844,212.14999389648438,217.75,213.41000366210938,637600.0,213.41000366210938
2019-03-05,213.86000061035156,210.25999450683594,213.10000610351562,210.8000030517578,609700.0,210.8000030517578
2019-03-06,212.2899932861328,207.3000030517578,211.6699981689453,207.80999755859375,506800.0,207.80999755859375
2019-03-07,207.7100067138672,203.24000549316406,207.35000610351562,203.88999938964844,432600.0,203.88999938964844
2019-03-08,203.39999389648438,198.75,202.6300048828125,201.74000549316406,712200.0,201.74000549316406
2019-03-11,205.9600067138672,201.6699981689453,202.92999267578125,204.72000122070312,506400.0,204.72000122070312
2019-03-12,205.99000549316406,203.61000061035156,205.77000427246094,205.97000122070312,417900.0,205.97000122070312
2019-03-13,211.07000732421875,206.30999755859375,206.6199951171875,209.88999938964844,480600.0,209.88999938964844
2019-03-14,210.9600067138672,208.02000427246094,209.82000732421875,210.8699951171875,473400.0,210.8699951171875
2019-03-15,216.35000610351562,211.3000030517578,211.3000030517578,216.2100067138672,941400.0,216.2100067138672
2019-03-18,217.97000122070312,213.33999633789062,216.64999389648438,215.74000549316406,551600.0,215.74000549316406
2019-03-19,219.0,216.47999572753906,216.99000549316406,218.3000030517578,405100.0,218.3000030517578
2019-03-20,220.80999755859375,216.44000244140625,217.35000610351562,219.27000427246094,406900.0,219.27000427246094
2019-03-21,226.14999389648438,219.0399932861328,219.0399932861328,225.69000244140625,620000.0,225.69000244140625
2019-03-22,225.5800018310547,219.32000732421875,225.22999572753906,219.42999267578125,496200.0,219.42999267578125
2019-03-25,220.80999755859375,217.88999938964844,219.30999755859375,219.24000549316406,398300.0,219.24000549316406
2019-03-26,222.58999633789062,219.08999633789062,221.05999755859375,220.0,327200.0,220.0
2019-03-27,220.7100067138672,215.38999938964844,220.7100067138672,218.83999633789062,375700.0,218.83999633789062
2019-03-28,220.77000427246094,217.58999633789062,218.9199981689453,220.55999755859375,341300.0,220.55999755859375
2019-03-29,224.1999969482422,220.82000732421875,221.92999267578125,223.60000610351562,420100.0,223.60000610351562
2019-04-01,228.17999267578125,222.6999969482422,225.52000427246094,225.1199951171875,428500.0,225.1199951171875
2019-04-02,225.9499969482422,223.50999450683594,225.49000549316406,224.9199981689453,485700.0,224.9199981689453
2019-04-03,228.2100067138672,225.1999969482422,226.72000122070312,227.5800018310547,480600.0,227.5800018310547
2019-04-04,227.8000030517578,222.83999633789062,227.77999877929688,225.92999267578125,429800.0,225.92999267578125
2019-04-05,228.97999572753906,226.38999938964844,226.4499969482422,227.77000427246094,341900.0,227.77000427246094
2019-04-08,228.0,224.3800048828125,226.8300018310547,227.75,788800.0,227.75
2019-04-09,228.58999633789062,224.14999389648438,227.1300048828125,224.77999877929688,425600.0,224.77999877929688
2019-04-10,226.13999938964844,223.67999267578125,224.67999267578125,224.52000427246094,526400.0,224.52000427246094
2019-04-11,225.88999938964844,221.5,225.47999572753906,223.75999450683594,444600.0,223.75999450683594
2019-04-12,227.33999633789062,223.7100067138672,225.22000122070312,225.32000732421875,332000.0,225.32000732421875
2019-04-15,226.27000427246094,223.8300018310547,225.83999633789062,225.22000122070312,251400.0,225.22000122070312
2019-04-16,228.1999969482422,221.0,227.10000610351562,222.1699981689453,341800.0,222.1699981689453
2019-04-17,223.8300018310547,214.82000732421875,223.42999267578125,215.52999877929688,508800.0,215.52999877929688
2019-04-18,219.0800018310547,214.25,216.88999938964844,218.49000549316406,515000.0,218.49000549316406
2019-04-22,222.7899932861328,216.82000732421875,216.82000732421875,221.58999633789062,321200.0,221.58999633789062
2019-04-23,226.3000030517578,220.66000366210938,221.0,224.4499969482422,560600.0,224.4499969482422
2019-04-24,226.47999572753906,223.47000122070312,225.00999450683594,224.5800018310547,414900.0,224.5800018310547
2019-04-25,228.32000732421875,222.25,223.97999572753906,227.6699981689453,412300.0,227.6699981689453
2019-04-26,233.05999755859375,227.0500030517578,227.7899932861328,232.47000122070312,413700.0,232.47000122070312
2019-04-29,233.2100067138672,229.00999450683594,231.6699981689453,230.67999267578125,390200.0,230.67999267578125
2019-04-30,232.94000244140625,230.0399932861328,230.99000549316406,232.0,518300.0,232.0
2019-05-01,240.8699951171875,230.0,231.6300048828125,234.05999755859375,713200.0,234.05999755859375
2019-05-02,242.50999450683594,234.1300048828125,234.6300048828125,242.33999633789062,680500.0,242.33999633789062
2019-05-03,251.3800048828125,242.4199981689453,242.4199981689453,250.47000122070312,852600.0,250.47000122070312
2019-05-06,252.33999633789062,244.0500030517578,245.3300018310547,251.8800048828125,513900.0,251.8800048828125
2019-05-07,250.22000122070312,243.58999633789062,248.44000244140625,245.4499969482422,645100.0,245.4499969482422
2019-05-08,247.41000366210938,242.5,243.92999267578125,245.7899932861328,456300.0,245.7899932861328
2019-05-09,246.7100067138672,241.7899932861328,243.57000732421875,246.22000122070312,550800.0,246.22000122070312
2019-05-10,248.92999267578125,240.83999633789062,245.41000366210938,247.8300018310547,630400.0,247.8300018310547
2019-05-13,244.5500030517578,240.55999755859375,242.89999389648438,242.6199951171875,497900.0,242.6199951171875
2019-05-14,247.57000732421875,243.0,243.24000549316406,246.17999267578125,426600.0,246.17999267578125
2019-05-15,250.35000610351562,243.7899932861328,243.7899932861328,249.5500030517578,357900.0,249.5500030517578
2019-05-16,255.3000030517578,249.77999877929688,250.5399932861328,251.97000122070312,547900.0,251.97000122070312
2019-05-17,252.1300048828125,248.67999267578125,249.85000610351562,249.55999755859375,507900.0,249.55999755859375
2019-05-20,250.27000427246094,245.83999633789062,247.9199981689453,248.5399932861328,268100.0,248.5399932861328
2019-05-21,252.75,249.16000366210938,250.55999755859375,249.3300018310547,336000.0,249.3300018310547
2019-05-22,251.08999633789062,247.52000427246094,249.1199951171875,250.3800048828125,358300.0,250.3800048828125
2019-05-23,253.63999938964844,248.02999877929688,252.5800018310547,253.57000732421875,461800.0,253.57000732421875
2019-05-24,258.4200134277344,254.47000122070312,254.47000122070312,256.1099853515625,372500.0,256.1099853515625
2019-05-28,258.45001220703125,246.72000122070312,256.1000061035156,246.85000610351562,644100.0,246.85000610351562
2019-05-29,249.10000610351562,243.86000061035156,245.7899932861328,247.4499969482422,650500.0,247.4499969482422
2019-05-30,251.32000732421875,247.47999572753906,248.07000732421875,249.6999969482422,258300.0,249.6999969482422
2019-05-31,251.8699951171875,245.86000061035156,247.63999938964844,249.77000427246094,308200.0,249.77000427246094
2019-06-03,252.6699981689453,245.0,250.0500030517578,245.58999633789062,418300.0,245.58999633789062
2019-06-04,253.2100067138672,248.02999877929688,249.64999389648438,252.8800048828125,469500.0,252.8800048828125
2019-06-05,257.6300048828125,253.63999938964844,253.63999938964844,256.6000061035156,329700.0,256.6000061035156
2019-06-06,261.3699951171875,256.3900146484375,256.760009765625,259.67999267578125,320400.0,259.67999267578125
2019-06-07,265.8999938964844,261.29998779296875,261.29998779296875,264.9200134277344,369600.0,264.9200134277344
2019-06-10,269.5199890136719,266.0400085449219,266.0400085449219,268.4700012207031,300400.0,268.4700012207031
2019-06-11,271.3399963378906,261.54998779296875,269.8599853515625,263.92999267578125,358100.0,263.92999267578125
2019-06-12,266.2200012207031,262.3599853515625,264.4700012207031,265.04998779296875,321700.0,265.04998779296875
2019-06-13,267.32000732421875,262.5299987792969,265.82000732421875,267.1600036621094,253700.0,267.1600036621094
2019-06-14,268.8500061035156,266.05999755859375,267.1199951171875,267.739990234375,284200.0,267.739990234375
2019-06-17,270.5,265.5,267.8500061035156,268.25,261400.0,268.25
2019-06-18,272.25,268.0299987792969,271.45001220703125,269.7200012207031,342200.0,269.7200012207031
2019-06-19,275.19000244140625,268.1700134277344,269.20001220703125,274.2799987792969,262100.0,274.2799987792969
2019-06-20,278.6099853515625,272.4800109863281,277.57000732421875,272.8800048828125,405200.0,272.8800048828125
2019-06-21,275.0,270.20001220703125,272.739990234375,273.92999267578125,557500.0,273.92999267578125
2019-06-24,275.94000244140625,272.82000732421875,274.80999755859375,275.010009765625,274100.0,275.010009765625
2019-06-25,276.0,270.67999267578125,275.5899963378906,271.30999755859375,299300.0,271.30999755859375
2019-06-26,272.6700134277344,268.5299987792969,272.3299865722656,269.8900146484375,301500.0,269.8900146484375
2019-06-27,273.8299865722656,270.010009765625,270.4599914550781,272.04998779296875,243200.0,272.04998779296875
2019-06-28,275.9700012207031,270.5899963378906,272.010009765625,275.3299865722656,646300.0,275.3299865722656
2019-07-01,281.29998779296875,276.45001220703125,278.25,280.1600036621094,518100.0,280.1600036621094
2019-07-02,280.70001220703125,275.4599914550781,279.9100036621094,277.010009765625,417800.0,277.010009765625
2019-07-03,279.9100036621094,276.7200012207031,278.44000244140625,278.8699951171875,280700.0,278.8699951171875
2019-07-05,278.739990234375,273.3900146484375,276.57000732421875,278.489990234375,256500.0,278.489990234375
2019-07-08,277.67999267578125,274.82000732421875,277.5799865722656,276.75,298300.0,276.75
2019-07-09,280.17999267578125,274.5400085449219,275.4100036621094,279.54998779296875,489100.0,279.54998779296875
2019-07-10,284.3699951171875,280.29998779296875,280.510009765625,282.5299987792969,518100.0,282.5299987792969
2019-07-11,285.8599853515625,280.55999755859375,283.07000732421875,285.4599914550781,304200.0,285.4599914550781
2019-07-12,285.3299865722656,282.8699951171875,283.510009765625,284.239990234375,324300.0,284.239990234375
2019-07-15,284.4700012207031,282.17999267578125,284.4700012207031,284.0799865722656,286800.0,284.0799865722656
2019-07-16,285.3999938964844,282.5899963378906,284.0799865722656,283.6600036621094,248900.0,283.6600036621094
2019-07-17,286.7900085449219,283.760009765625,283.760009765625,284.7300109863281,237200.0,284.7300109863281
2019-07-18,290.3900146484375,283.3599853515625,283.3599853515625,289.8500061035156,360000.0,289.8500061035156
2019-07-19,292.1700134277344,284.2699890136719,291.1600036621094,284.69000244140625,384400.0,284.69000244140625
2019-07-22,289.8299865722656,285.5199890136719,285.8800048828125,287.07000732421875,274800.0,287.07000732421875
2019-07-23,288.70001220703125,284.94000244140625,288.05999755859375,286.82000732421875,208400.0,286.82000732421875
2019-07-24,289.4700012207031,283.6499938964844,288.6400146484375,285.3999938964844,388700.0,285.3999938964844
2019-07-25,285.1499938964844,282.20001220703125,284.2099914550781,283.55999755859375,285300.0,283.55999755859375
2019-07-26,285.6499938964844,282.67999267578125,285.2200012207031,283.94000244140625,239000.0,283.94000244140625
2019-07-29,285.07000732421875,281.0400085449219,284.3299865722656,284.9100036621094,335900.0,284.9100036621094
2019-07-30,286.4100036621094,283.19000244140625,283.44000244140625,286.04998779296875,285300.0,286.04998779296875
2019-07-31,286.8800048828125,278.67999267578125,286.489990234375,282.04998779296875,448800.0,282.04998779296875
2019-08-01,281.2799987792969,259.7300109863281,268.510009765625,268.29998779296875,1091100.0,268.29998779296875
2019-08-02,272.5199890136719,265.0199890136719,268.8900146484375,268.7099914550781,452700.0,268.7099914550781
2019-08-05,266.2099914550781,256.2699890136719,264.1300048828125,260.07000732421875,624400.0,260.07000732421875
2019-08-06,270.8999938964844,262.20001220703125,262.2099914550781,270.3800048828125,625000.0,270.3800048828125
2019-08-07,269.75,262.9100036621094,267.3399963378906,267.8699951171875,390800.0,267.8699951171875
2019-08-08,276.0299987792969,269.8900146484375,269.8900146484375,275.57000732421875,384200.0,275.57000732421875
2019-08-09,280.54998779296875,274.1300048828125,274.44000244140625,278.8599853515625,430200.0,278.8599853515625
2019-08-12,279.4800109863281,274.1099853515625,278.1199951171875,275.7799987792969,296200.0,275.7799987792969
2019-08-13,281.1300048828125,274.0799865722656,274.2900085449219,280.9100036621094,381500.0,280.9100036621094
2019-08-14,278.3800048828125,269.760009765625,276.9700012207031,269.80999755859375,426400.0,269.80999755859375
2019-08-15,276.55999755859375,270.510009765625,272.3599853515625,273.07000732421875,321800.0,273.07000732421875
2019-08-16,279.239990234375,274.2300109863281,276.2900085449219,275.4100036621094,375600.0,275.4100036621094
2019-08-19,280.2200012207031,276.260009765625,278.7699890136719,279.5299987792969,246600.0,279.5299987792969
2019-08-20,283.4100036621094,277.30999755859375,279.9200134277344,281.4100036621094,337600.0,281.4100036621094
2019-08-21,284.1499938964844,280.1300048828125,282.8800048828125,280.9599914550781,180800.0,280.9599914550781
2019-08-22,282.260009765625,276.0899963378906,282.260009765625,279.8800048828125,190600.0,279.8800048828125
2019-08-23,281.92999267578125,269.2300109863281,279.25,270.44000244140625,427800.0,270.44000244140625
2019-08-26,277.2799987792969,272.5,273.8399963378906,277.1300048828125,529200.0,277.1300048828125
2019-08-27,285.1400146484375,277.07000732421875,279.0400085449219,284.7699890136719,612700.0,284.7699890136719
2019-08-28,287.0799865722656,281.010009765625,282.6199951171875,285.55999755859375,456400.0,285.55999755859375
2019-08-29,290.8500061035156,286.3399963378906,288.1000061035156,289.2900085449219,331500.0,289.2900085449219
2019-08-30,291.04998779296875,287.2200012207031,291.04998779296875,289.739990234375,300600.0,289.739990234375
2019-09-03,290.4200134277344,283.5299987792969,288.8900146484375,286.0799865722656,326100.0,286.0799865722656
2019-09-04,289.239990234375,284.7300109863281,288.2099914550781,288.8999938964844,408600.0,288.8999938964844
2019-09-05,291.6400146484375,287.7699890136719,291.2099914550781,289.92999267578125,353700.0,289.92999267578125
2019-09-06,290.9800109863281,288.2099914550781,289.95001220703125,288.4700012207031,273100.0,288.4700012207031
2019-09-09,289.04998779296875,266.29998779296875,289.04998779296875,267.20001220703125,648600.0,267.20001220703125
2019-09-10,267.760009765625,257.010009765625,265.0400085449219,267.6300048828125,531600.0,267.6300048828125
2019-09-11,274.54998779296875,268.4200134277344,270.0400085449219,270.989990234375,439000.0,270.989990234375
2019-09-12,274.4700012207031,270.8699951171875,272.6000061035156,271.04998779296875,382800.0,271.04998779296875
2019-09-13,271.69000244140625,264.95001220703125,270.5899963378906,265.4700012207031,465100.0,265.4700012207031
2019-09-16,267.3500061035156,261.8599853515625,262.9100036621094,265.6400146484375,308900.0,265.6400146484375
2019-09-17,272.4700012207031,266.2699890136719,266.2699890136719,271.8599853515625,379400.0,271.8599853515625
2019-09-18,275.3500061035156,269.010009765625,271.5799865722656,272.7300109863281,362700.0,272.7300109863281
2019-09-19,276.3699951171875,273.2300109863281,273.6300048828125,273.7900085449219,237100.0,273.7900085449219
2019-09-20,276.5400085449219,272.2300109863281,272.4200134277344,274.1700134277344,524500.0,274.1700134277344
2019-09-23,277.05999755859375,271.2099914550781,272.3999938964844,275.7900085449219,477100.0,275.7900085449219
2019-09-24,279.44000244140625,271.3399963378906,277.760009765625,272.1300048828125,670500.0,272.1300048828125
2019-09-25,275.70001220703125,270.4200134277344,272.5,274.79998779296875,323200.0,274.79998779296875
2019-09-26,277.239990234375,272.0199890136719,274.6300048828125,275.05999755859375,281500.0,275.05999755859375
2019-09-27,276.3800048828125,270.57000732421875,276.3800048828125,272.4800109863281,263400.0,272.4800109863281
2019-09-30,274.7900085449219,270.2099914550781,272.4800109863281,271.92999267578125,459300.0,271.92999267578125
2019-10-01,275.45001220703125,265.7900085449219,273.3999938964844,268.9800109863281,390800.0,268.9800109863281
2019-10-02,270.0799865722656,264.07000732421875,266.8399963378906,268.7099914550781,726400.0,268.7099914550781
2019-10-03,271.489990234375,265.17999267578125,267.5299987792969,270.0299987792969,327600.0,270.0299987792969
2019-10-04,277.17999267578125,272.0899963378906,272.0899963378906,276.6000061035156,275600.0,276.6000061035156
2019-10-07,276.4200134277344,271.3999938964844,274.9200134277344,272.04998779296875,359900.0,272.04998779296875
2019-10-08,271.6000061035156,265.8999938964844,270.69000244140625,267.7200012207031,272000.0,267.7200012207031
2019-10-09,273.0799865722656,268.9100036621094,268.9100036621094,271.9100036621094,214000.0,271.9100036621094
2019-10-10,274.0799865722656,268.45001220703125,270.2799987792969,272.239990234375,178900.0,272.239990234375
2019-10-11,279.0400085449219,275.0,276.3800048828125,276.79998779296875,262100.0,276.79998779296875
2019-10-14,279.20001220703125,275.0199890136719,277.3500061035156,275.67999267578125,165700.0,275.67999267578125
2019-10-15,282.6000061035156,276.82000732421875,277.5799865722656,282.260009765625,236300.0,282.260009765625
2019-10-16,281.4599914550781,277.04998779296875,280.05999755859375,279.57000732421875,279600.0,279.57000732421875
2019-10-17,282.82000732421875,278.6099853515625,281.04998779296875,282.1300048828125,187400.0,282.1300048828125
2019-10-18,283.44000244140625,280.4800109863281,282.45001220703125,282.8299865722656,294900.0,282.8299865722656
2019-10-21,285.45001220703125,278.1000061035156,285.44000244140625,278.8800048828125,239200.0,278.8800048828125
2019-10-22,280.0199890136719,270.7200012207031,279.07000732421875,270.8399963378906,230900.0,270.8399963378906
2019-10-23,273.6499938964844,266.7200012207031,270.760009765625,267.92999267578125,372000.0,267.92999267578125
2019-10-24,271.8599853515625,266.7099914550781,267.989990234375,268.3299865722656,411800.0,268.3299865722656
2019-10-25,271.1300048828125,268.1099853515625,268.6300048828125,268.2900085449219,370600.0,268.2900085449219
2019-10-28,269.239990234375,265.30999755859375,267.9100036621094,266.4200134277344,513300.0,266.4200134277344
2019-10-29,273.4599914550781,264.4800109863281,265.55999755859375,270.8699951171875,763100.0,270.8699951171875
2019-10-30,274.05999755859375,270.0,270.8800048828125,273.8500061035156,332500.0,273.8500061035156
2019-10-31,294.57000732421875,270.5,272.25,285.010009765625,730900.0,285.010009765625
2019-11-01,287.9200134277344,276.5,285.55999755859375,276.8699951171875,572900.0,276.8699951171875
2019-11-04,282.2900085449219,277.5199890136719,278.8599853515625,278.6600036621094,544200.0,278.6600036621094
2019-11-05,278.3900146484375,263.2200012207031,277.95001220703125,264.1499938964844,956100.0,264.1499938964844
2019-11-06,266.0,261.239990234375,263.739990234375,261.45001220703125,551200.0,261.45001220703125
2019-11-07,264.989990234375,261.82000732421875,261.8599853515625,263.1400146484375,411400.0,263.1400146484375
2019-11-08,264.20001220703125,254.4199981689453,263.0,254.74000549316406,771800.0,254.74000549316406
2019-11-11,256.25,251.60000610351562,253.5800018310547,252.67999267578125,426500.0,252.67999267578125
2019-11-12,258.9599914550781,252.25,252.25,257.510009765625,534500.0,257.510009765625
2019-11-13,260.19000244140625,257.0899963378906,258.0199890136719,259.30999755859375,380400.0,259.30999755859375
2019-11-14,262.07000732421875,256.010009765625,258.5299987792969,257.3599853515625,437600.0,257.3599853515625
2019-11-15,261.1099853515625,256.489990234375,258.0,259.7799987792969,637300.0,259.7799987792969
2019-11-18,262.3399963378906,258.4100036621094,259.7900085449219,260.5299987792969,577100.0,260.5299987792969
2019-11-19,265.9599914550781,259.95001220703125,261.6600036621094,264.6000061035156,460000.0,264.6000061035156
2019-11-20,266.45001220703125,257.54998779296875,264.1300048828125,260.5,653000.0,260.5
2019-11-21,261.5400085449219,257.7799987792969,260.3699951171875,260.69000244140625,462000.0,260.69000244140625
2019-11-22,261.0,255.36000061035156,260.8800048828125,257.0199890136719,443100.0,257.0199890136719
2019-11-25,259.0899963378906,251.13999938964844,256.8699951171875,251.8699951171875,635700.0,251.8699951171875
2019-11-26,255.63999938964844,250.5,251.0,252.85000610351562,1295600.0,252.85000610351562
2019-11-27,255.3699951171875,249.80999755859375,254.3000030517578,250.6999969482422,498500.0,250.6999969482422
2019-11-29,254.27999877929688,249.36000061035156,249.36000061035156,251.5800018310547,354600.0,251.5800018310547
2019-12-02,252.6300048828125,248.00999450683594,251.3300018310547,251.3000030517578,415300.0,251.3000030517578
2019-12-03,255.7100067138672,246.74000549316406,250.0800018310547,248.66000366210938,520800.0,248.66000366210938
2019-12-04,253.24000549316406,248.1300048828125,249.97999572753906,251.86000061035156,634800.0,251.86000061035156
2019-12-05,253.3000030517578,250.8800048828125,251.8000030517578,251.86000061035156,349100.0,251.86000061035156
2019-12-06,254.52000427246094,251.0500030517578,253.91000366210938,251.3699951171875,293800.0,251.3699951171875
2019-12-09,253.02000427246094,248.5500030517578,251.10000610351562,249.02000427246094,412800.0,249.02000427246094
2019-12-10,252.94000244140625,249.52000427246094,249.6199951171875,252.83999633789062,515000.0,252.83999633789062
2019-12-11,254.7100067138672,249.72000122070312,252.27999877929688,250.4499969482422,412700.0,250.4499969482422
2019-12-12,252.9499969482422,249.52999877929688,250.8699951171875,251.8800048828125,536500.0,251.8800048828125
2019-12-13,256.3500061035156,251.1199951171875,251.77000427246094,252.89999389648438,487800.0,252.89999389648438
2019-12-16,257.4800109863281,253.32000732421875,253.82000732421875,255.47000122070312,406900.0,255.47000122070312
2019-12-17,257.8999938964844,253.25,255.30999755859375,257.1700134277344,457800.0,257.1700134277344
2019-12-18,258.5899963378906,252.52000427246094,257.3800048828125,253.08999633789062,494500.0,253.08999633789062
2019-12-19,256.6199951171875,252.58999633789062,255.0,256.19000244140625,425300.0,256.19000244140625
2019-12-20,261.9200134277344,253.64999389648438,257.5799865722656,261.54998779296875,1079400.0,261.54998779296875
2019-12-23,265.30999755859375,260.5799865722656,263.3399963378906,263.9800109863281,515000.0,263.9800109863281
2019-12-24,265.92999267578125,261.4599914550781,265.1300048828125,263.260009765625,196700.0,263.260009765625
2019-12-26,263.1000061035156,259.7799987792969,263.1000061035156,261.42999267578125,205900.0,261.42999267578125
2019-12-27,264.2900085449219,259.6700134277344,261.8999938964844,263.9800109863281,303900.0,263.9800109863281
2019-12-30,265.5400085449219,260.5199890136719,264.1199951171875,261.6000061035156,318100.0,261.6000061035156
2019-12-31,262.92999267578125,259.8999938964844,262.07000732421875,261.1300048828125,400700.0,261.1300048828125
2020-01-02,265.260009765625,260.489990234375,261.5299987792969,265.0199890136719,445500.0,265.0199890136719
2020-01-03,266.3900146484375,259.989990234375,260.8699951171875,264.7699890136719,399100.0,264.7699890136719
2020-01-06,267.17999267578125,261.32000732421875,263.8999938964844,266.92999267578125,579000.0,266.92999267578125
2020-01-07,269.4599914550781,265.3699951171875,267.2900085449219,266.1199951171875,418400.0,266.1199951171875
2020-01-08,274.6499938964844,266.1099853515625,267.8900146484375,271.67999267578125,717500.0,271.67999267578125
2020-01-09,278.19000244140625,271.989990234375,273.94000244140625,277.94000244140625,567600.0,277.94000244140625
2020-01-10,283.739990234375,277.3299865722656,279.5299987792969,281.6400146484375,578000.0,281.6400146484375
2020-01-13,284.3500061035156,280.0199890136719,281.75,282.2900085449219,478900.0,282.2900085449219
2020-01-14,285.45001220703125,279.8299865722656,281.54998779296875,284.0199890136719,468500.0,284.0199890136719
2020-01-15,288.9200134277344,282.6600036621094,285.1300048828125,288.489990234375,501900.0,288.489990234375
2020-01-16,291.5,287.19000244140625,289.0299987792969,289.9200134277344,363900.0,289.9200134277344
2020-01-17,291.0400085449219,285.2099914550781,290.8800048828125,285.79998779296875,608100.0,285.79998779296875
2020-01-21,287.42999267578125,283.7099914550781,284.6400146484375,284.8399963378906,654500.0,284.8399963378906
2020-01-22,290.1400146484375,285.1499938964844,285.1499938964844,287.6199951171875,401800.0,287.6199951171875
2020-01-23,287.989990234375,283.45001220703125,287.8599853515625,285.8999938964844,454300.0,285.8999938964844
2020-01-24,289.25,279.17999267578125,288.2099914550781,280.7699890136719,345100.0,280.7699890136719
2020-01-27,279.25,275.0199890136719,277.1499938964844,277.30999755859375,368700.0,277.30999755859375
2020-01-28,279.80999755859375,276.4800109863281,277.3500061035156,278.6400146484375,578900.0,278.6400146484375
2020-01-29,283.1400146484375,276.989990234375,279.79998779296875,280.79998779296875,363300.0,280.79998779296875
2020-01-30,283.989990234375,276.5199890136719,278.79998779296875,283.7300109863281,497700.0,283.7300109863281
2020-01-31,289.9599914550781,269.489990234375,280.1400146484375,271.010009765625,910200.0,271.010009765625
2020-02-03,281.5199890136719,274.25,276.0799865722656,275.7699890136719,569600.0,275.7699890136719
2020-02-04,285.9599914550781,277.82000732421875,280.5799865722656,279.1199951171875,492200.0,279.1199951171875
2020-02-05,282.1600036621094,272.80999755859375,281.8699951171875,274.3999938964844,510500.0,274.3999938964844
2020-02-06,281.3699951171875,274.42999267578125,275.2699890136719,280.6700134277344,542800.0,280.6700134277344
2020-02-07,281.0799865722656,277.70001220703125,280.5899963378906,278.3999938964844,239700.0,278.3999938964844
2020-02-10,279.6499938964844,276.94000244140625,277.94000244140625,279.1499938964844,348200.0,279.1499938964844
2020-02-11,284.3599853515625,280.0400085449219,280.3299865722656,283.3800048828125,293100.0,283.3800048828125
2020-02-12,285.8800048828125,280.3399963378906,284.2099914550781,283.2799987792969,314500.0,283.2799987792969
2020-02-13,286.5,281.8500061035156,283.1600036621094,285.04998779296875,283900.0,285.04998779296875
2020-02-14,289.010009765625,283.3999938964844,285.2699890136719,288.7799987792969,286800.0,288.7799987792969
2020-02-18,289.3500061035156,285.760009765625,288.3800048828125,286.75,455300.0,286.75
2020-02-19,296.25,288.0,288.0,290.9700012207031,734100.0,290.9700012207031
2020-02-20,292.9700012207031,278.5,290.2200012207031,281.45001220703125,696500.0,281.45001220703125
2020-02-21,281.489990234375,276.7900085449219,280.6400146484375,278.1099853515625,443300.0,278.1099853515625
2020-02-24,275.6099853515625,267.3599853515625,274.4700012207031,269.80999755859375,595400.0,269.80999755859375
2020-02-25,272.0199890136719,255.35000610351562,270.2200012207031,256.7099914550781,649000.0,256.7099914550781
2020-02-26,265.7699890136719,258.239990234375,258.6499938964844,259.45001220703125,583900.0,259.45001220703125
2020-02-27,261.7200012207031,250.0,255.94000244140625,250.14999389648438,610100.0,250.14999389648438
2020-02-28,254.94000244140625,238.0399932861328,242.22000122070312,254.50999450683594,1614600.0,254.50999450683594
2020-03-02,262.3299865722656,247.6699981689453,254.92999267578125,261.989990234375,700700.0,261.989990234375
2020-03-03,263.7300109863281,247.6300048828125,259.25,251.25,728900.0,251.25
2020-03-04,263.3399963378906,251.0,256.07000732421875,263.0299987792969,602600.0,263.0299987792969
2020-03-05,260.010009765625,250.97000122070312,258.1700134277344,255.16000366210938,524400.0,255.16000366210938
2020-03-06,250.8300018310547,242.75,245.44000244140625,249.88999938964844,559200.0,249.88999938964844
2020-03-09,246.33999633789062,230.55999755859375,236.10000610351562,242.8300018310547,909800.0,242.8300018310547
2020-03-10,256.0,241.35000610351562,251.99000549316406,255.36000061035156,605500.0,255.36000061035156
2020-03-11,252.63999938964844,243.3699951171875,245.58999633789062,245.5800018310547,694300.0,245.5800018310547
2020-03-12,246.6699981689453,225.75,230.16000366210938,241.0,1405500.0,241.0
2020-03-13,255.5399932861328,230.3300018310547,243.50999450683594,254.1699981689453,1371000.0,254.1699981689453
2020-03-16,240.22999572753906,223.7100067138672,231.94000244140625,223.8300018310547,1332000.0,223.8300018310547
2020-03-17,236.8800048828125,208.41000366210938,228.92999267578125,215.8800048828125,1271000.0,215.8800048828125
2020-03-18,213.2899932861328,199.17999267578125,204.33999633789062,205.1300048828125,1569300.0,205.1300048828125
2020-03-19,207.9499969482422,185.02999877929688,204.02000427246094,193.17999267578125,1852300.0,193.17999267578125
2020-03-20,196.94000244140625,180.19000244140625,193.9499969482422,183.2899932861328,1539200.0,183.2899932861328
2020-03-23,187.25,168.64999389648438,181.9600067138672,182.94000244140625,1386200.0,182.94000244140625
2020-03-24,207.05999755859375,186.72999572753906,190.3800048828125,204.99000549316406,1065900.0,204.99000549316406
2020-03-25,223.85000610351562,200.66000366210938,204.77999877929688,214.22999572753906,892300.0,214.22999572753906
2020-03-26,232.47999572753906,212.1999969482422,213.05999755859375,230.3800048828125,740500.0,230.3800048828125
2020-03-27,237.0500030517578,223.5399932861328,223.5399932861328,231.75,857900.0,231.75
2020-03-30,244.27999877929688,230.50999450683594,235.89999389648438,241.02000427246094,805200.0,241.02000427246094
2020-03-31,256.6499938964844,239.16000366210938,239.3699951171875,242.24000549316406,1175500.0,242.24000549316406
2020-04-01,239.27999877929688,227.6999969482422,237.80999755859375,230.66000366210938,940600.0,230.66000366210938
2020-04-02,240.75999450683594,226.02000427246094,226.02000427246094,239.6999969482422,786700.0,239.6999969482422
2020-04-03,244.0,233.25,237.8800048828125,234.5500030517578,946400.0,234.5500030517578
2020-04-06,255.63999938964844,243.3699951171875,246.25999450683594,254.42999267578125,743300.0,254.42999267578125
2020-04-07,264.989990234375,247.63999938964844,260.6600036621094,251.74000549316406,723700.0,251.74000549316406
2020-04-08,256.25,244.97999572753906,249.4199981689453,254.72999572753906,820200.0,254.72999572753906
2020-04-09,261.05999755859375,252.8699951171875,256.0199890136719,258.5799865722656,633300.0,258.5799865722656
2020-04-13,257.1499938964844,246.39999389648438,254.72999572753906,254.38999938964844,402700.0,254.38999938964844
2020-04-14,264.9800109863281,254.39999389648438,256.239990234375,263.010009765625,486500.0,263.010009765625
2020-04-15,260.9700012207031,251.22000122070312,255.02000427246094,257.82000732421875,443900.0,257.82000732421875
2020-04-16,266.3299865722656,258.0,261.1300048828125,261.1199951171875,421300.0,261.1199951171875
2020-04-17,268.2900085449219,260.6300048828125,268.2900085449219,265.1600036621094,416300.0,265.1600036621094
2020-04-20,273.2799987792969,262.010009765625,263.3800048828125,267.3399963378906,471500.0,267.3399963378906
2020-04-21,265.3800048828125,256.42999267578125,263.0,259.2300109863281,428400.0,259.2300109863281
2020-04-22,269.8699951171875,261.19000244140625,261.7200012207031,268.1199951171875,521300.0,268.1199951171875
2020-04-23,274.6000061035156,267.2300109863281,268.1400146484375,268.4100036621094,422800.0,268.4100036621094
2020-04-24,274.32000732421875,268.17999267578125,271.54998779296875,271.79998779296875,416100.0,271.79998779296875
2020-04-27,278.8500061035156,269.0299987792969,271.9700012207031,275.8500061035156,559100.0,275.8500061035156
2020-04-28,276.95001220703125,263.95001220703125,275.0,264.25,582600.0,264.25
2020-04-29,274.6700134277344,265.0400085449219,267.760009765625,272.739990234375,627500.0,272.739990234375
2020-04-30,289.0,272.739990234375,276.9800109863281,277.6000061035156,760900.0,277.6000061035156
2020-05-01,278.94000244140625,268.57000732421875,277.510009765625,270.75,547000.0,270.75
2020-05-04,274.8999938964844,266.0,269.1099853515625,273.760009765625,484500.0,273.760009765625
2020-05-05,284.95001220703125,271.010009765625,272.9100036621094,282.0799865722656,459600.0,282.0799865722656
2020-05-06,288.5400085449219,282.1000061035156,283.6700134277344,283.5899963378906,562700.0,283.5899963378906
2020-05-07,295.6000061035156,286.6499938964844,288.0,294.260009765625,693000.0,294.260009765625
2020-05-08,298.6400146484375,287.5199890136719,296.2799987792969,287.8999938964844,538800.0,287.8999938964844
2020-05-11,300.5799865722656,286.8999938964844,287.0,299.45001220703125,592500.0,299.45001220703125
2020-05-12,299.6700134277344,289.1000061035156,298.6199951171875,289.1499938964844,480200.0,289.1499938964844
2020-05-13,292.75,282.6300048828125,288.5799865722656,285.989990234375,453000.0,285.989990234375
2020-05-14,295.9700012207031,280.5299987792969,281.54998779296875,294.989990234375,603000.0,294.989990234375
2020-05-15,297.92999267578125,290.0,290.010009765625,294.3800048828125,871200.0,294.3800048828125
2020-05-18,302.989990234375,294.2200012207031,297.17999267578125,295.92999267578125,453200.0,295.92999267578125
2020-05-19,299.25,292.6000061035156,296.54998779296875,294.8399963378906,446300.0,294.8399963378906
2020-05-20,297.9100036621094,292.5899963378906,295.0400085449219,295.5400085449219,469500.0,295.5400085449219
2020-05-21,294.9100036621094,288.5,292.239990234375,292.6600036621094,364100.0,292.6600036621094
2020-05-22,295.0400085449219,289.1000061035156,290.44000244140625,294.7200012207031,337400.0,294.7200012207031
2020-05-26,298.6300048828125,290.17999267578125,298.6300048828125,290.8399963378906,503400.0,290.8399963378906
2020-05-27,301.1099853515625,291.0,291.1700134277344,300.9200134277344,655600.0,300.9200134277344
2020-05-28,311.9700012207031,301.2900085449219,302.55999755859375,306.1300048828125,647500.0,306.1300048828125
2020-05-29,310.54998779296875,303.04998779296875,307.760009765625,308.8800048828125,1514700.0,308.8800048828125
2020-06-01,314.989990234375,307.19000244140625,308.6499938964844,312.19000244140625,420000.0,312.19000244140625
2020-06-02,316.8999938964844,309.4100036621094,313.8299865722656,316.4800109863281,533500.0,316.4800109863281
2020-06-03,319.0,314.5899963378906,315.44000244140625,318.0299987792969,481400.0,318.0299987792969
2020-06-04,319.2799987792969,308.32000732421875,318.1499938964844,310.0799865722656,614000.0,310.0799865722656
2020-06-05,317.6600036621094,306.69000244140625,310.6199951171875,311.7099914550781,597700.0,311.7099914550781
2020-06-08,312.7300109863281,306.260009765625,308.57000732421875,309.6700134277344,594200.0,309.6700134277344
2020-06-09,311.07000732421875,302.4100036621094,309.32000732421875,303.0,460900.0,303.0
2020-06-10,324.29998779296875,304.9800109863281,305.4599914550781,321.8900146484375,688000.0,321.8900146484375
2020-06-11,320.8900146484375,294.3699951171875,320.20001220703125,298.80999755859375,726100.0,298.80999755859375
2020-06-12,311.6499938964844,298.0400085449219,304.9599914550781,302.8299865722656,493700.0,302.8299865722656
2020-06-15,310.29998779296875,294.1700134277344,296.6199951171875,309.2200012207031,439900.0,309.2200012207031
2020-06-16,315.7300109863281,307.79998779296875,315.1499938964844,312.489990234375,370700.0,312.489990234375
2020-06-17,318.739990234375,313.1099853515625,314.8599853515625,316.2099914550781,373200.0,316.2099914550781
2020-06-18,316.5899963378906,311.8599853515625,313.69000244140625,313.0199890136719,413400.0,313.0199890136719
2020-06-19,320.30999755859375,310.1000061035156,315.5,314.6700134277344,916400.0,314.6700134277344
2020-06-22,327.0,311.489990234375,314.9200134277344,325.2900085449219,713900.0,325.2900085449219
2020-06-23,330.2900085449219,323.4599914550781,326.8900146484375,327.69000244140625,497000.0,327.69000244140625
2020-06-24,328.6099853515625,315.5199890136719,323.29998779296875,319.3800048828125,543800.0,319.3800048828125
2020-06-25,327.7900085449219,314.57000732421875,319.7099914550781,327.3900146484375,518300.0,327.3900146484375
2020-06-26,331.010009765625,323.0,328.45001220703125,324.8599853515625,738500.0,324.8599853515625
2020-06-29,328.3500061035156,322.0,328.19000244140625,327.8999938964844,387700.0,327.8999938964844
2020-06-30,332.67999267578125,324.3800048828125,327.6099853515625,330.1600036621094,777500.0,330.1600036621094
2020-07-01,337.1600036621094,329.8999938964844,331.739990234375,334.5400085449219,374400.0,334.5400085449219
2020-07-02,339.80999755859375,333.0199890136719,338.760009765625,334.760009765625,460300.0,334.760009765625
2020-07-06,344.80999755859375,337.6300048828125,339.45001220703125,339.4700012207031,401700.0,339.4700012207031
2020-07-07,343.0,336.8399963378906,338.2799987792969,337.29998779296875,235600.0,337.29998779296875
2020-07-08,339.6499938964844,333.54998779296875,337.92999267578125,336.1199951171875,314600.0,336.1199951171875
2020-07-09,343.7300109863281,333.70001220703125,337.55999755859375,341.1700134277344,335100.0,341.1700134277344
2020-07-10,341.54998779296875,334.4200134277344,341.010009765625,338.25,293400.0,338.25
2020-07-13,345.3999938964844,333.6700134277344,340.739990234375,335.1400146484375,416400.0,335.1400146484375
2020-07-14,339.07000732421875,329.69000244140625,332.82000732421875,338.4700012207031,360300.0,338.4700012207031
2020-07-15,342.989990234375,336.6199951171875,340.55999755859375,340.739990234375,274800.0,340.739990234375
2020-07-16,340.67999267578125,334.5899963378906,339.3699951171875,339.20001220703125,277500.0,339.20001220703125
2020-07-17,352.7200012207031,339.1300048828125,339.7799987792969,349.8500061035156,382200.0,349.8500061035156
2020-07-20,363.0,352.5799865722656,353.510009765625,361.0,413200.0,361.0
2020-07-21,366.0400085449219,360.4100036621094,364.1600036621094,363.32000732421875,329100.0,363.32000732421875
2020-07-22,372.3299865722656,362.3699951171875,366.82000732421875,365.2300109863281,350300.0,365.2300109863281
2020-07-23,368.7099914550781,358.19000244140625,366.32000732421875,360.8399963378906,409600.0,360.8399963378906
2020-07-24,361.2300109863281,353.1700134277344,359.5400085449219,359.2300109863281,279700.0,359.2300109863281
2020-07-27,368.6400146484375,359.0,359.0,366.6700134277344,358700.0,366.6700134277344
2020-07-28,368.0,360.6499938964844,365.8399963378906,361.6499938964844,289000.0,361.6499938964844
2020-07-29,369.69000244140625,361.94000244140625,363.3500061035156,366.9100036621094,352700.0,366.9100036621094
2020-07-30,375.4800109863281,361.260009765625,363.79998779296875,374.1000061035156,468900.0,374.1000061035156
2020-07-31,407.8599853515625,382.5,382.9200134277344,397.75,783200.0,397.75
2020-08-03,399.8399963378906,390.1700134277344,398.0199890136719,391.989990234375,651700.0,391.989990234375
2020-08-04,394.7099914550781,385.2200012207031,393.7699890136719,390.25,661200.0,390.25
2020-08-05,396.4100036621094,388.82000732421875,393.1199951171875,395.7099914550781,579700.0,395.7099914550781
2020-08-06,395.739990234375,384.19000244140625,394.010009765625,389.7799987792969,431900.0,389.7799987792969
2020-08-07,392.30999755859375,377.7200012207031,387.9599914550781,381.760009765625,567000.0,381.760009765625
2020-08-10,382.2900085449219,376.1600036621094,380.8299865722656,377.19000244140625,621900.0,377.19000244140625
2020-08-11,379.3900146484375,372.17999267578125,376.20001220703125,374.0299987792969,528200.0,374.0299987792969
2020-08-12,387.8399963378906,375.0199890136719,375.0199890136719,384.8299865722656,444200.0,384.8299865722656
2020-08-13,389.5,382.70001220703125,385.9800109863281,385.25,415600.0,385.25
2020-08-14,386.0,377.3999938964844,384.7799987792969,379.3999938964844,476700.0,379.3999938964844
2020-08-17,385.4700012207031,381.6700134277344,381.9100036621094,384.3900146484375,508400.0,384.3900146484375
2020-08-18,387.75,381.55999755859375,384.010009765625,386.6499938964844,338000.0,386.6499938964844
2020-08-19,390.0799865722656,380.9100036621094,389.32000732421875,381.5,341600.0,381.5
2020-08-20,385.2799987792969,379.5,381.5,383.3299865722656,294000.0,383.3299865722656
2020-08-21,384.0299987792969,377.010009765625,382.70001220703125,383.4599914550781,740100.0,383.4599914550781
2020-08-24,386.67999267578125,378.1000061035156,384.2300109863281,380.6199951171875,386400.0,380.6199951171875
2020-08-25,386.3500061035156,377.6099853515625,380.0,383.92999267578125,346700.0,383.92999267578125
2020-08-26,386.7799987792969,376.6099853515625,382.4100036621094,386.0199890136719,295400.0,386.0199890136719
2020-08-27,389.3500061035156,379.75,387.6199951171875,386.2799987792969,291600.0,386.2799987792969
2020-08-28,389.05999755859375,381.07000732421875,387.7900085449219,383.9800109863281,357800.0,383.9800109863281
2020-08-31,393.3999938964844,382.5299987792969,382.67999267578125,391.05999755859375,411000.0,391.05999755859375
2020-09-01,398.5899963378906,391.25,393.95001220703125,398.489990234375,400600.0,398.489990234375
2020-09-02,407.45001220703125,398.3800048828125,399.0,406.30999755859375,508500.0,406.30999755859375
2020-09-03,406.1000061035156,377.19000244140625,406.1000061035156,381.2799987792969,484900.0,381.2799987792969
2020-09-04,383.0299987792969,363.8299865722656,382.1099853515625,370.6600036621094,550700.0,370.6600036621094
2020-09-08,370.2200012207031,361.4800109863281,367.8999938964844,364.19000244140625,400900.0,364.19000244140625
2020-09-09,376.2799987792969,365.04998779296875,366.3699951171875,374.1600036621094,457700.0,374.1600036621094
2020-09-10,378.69000244140625,365.6700134277344,375.04998779296875,367.760009765625,288900.0,367.760009765625
2020-09-11,371.7799987792969,360.2699890136719,369.44000244140625,364.82000732421875,359100.0,364.82000732421875
2020-09-14,370.25,364.2699890136719,370.25,365.55999755859375,381200.0,365.55999755859375
2020-09-15,372.6099853515625,366.95001220703125,367.0,369.239990234375,291400.0,369.239990234375
2020-09-16,372.79998779296875,360.32000732421875,372.75,362.3599853515625,627700.0,362.3599853515625
2020-09-17,360.4599914550781,350.6400146484375,357.5799865722656,354.20001220703125,702900.0,354.20001220703125
2020-09-18,359.3299865722656,347.5400085449219,355.3399963378906,354.760009765625,1108100.0,354.760009765625
2020-09-21,365.239990234375,348.69000244140625,351.3299865722656,364.70001220703125,532100.0,364.70001220703125
2020-09-22,369.67999267578125,359.2099914550781,364.8999938964844,368.32000732421875,440800.0,368.32000732421875
2020-09-23,372.29998779296875,362.6499938964844,367.7799987792969,363.8699951171875,340500.0,363.8699951171875
2020-09-24,368.79998779296875,361.1700134277344,363.1000061035156,365.4700012207031,279600.0,365.4700012207031
2020-09-25,380.6499938964844,364.5799865722656,364.95001220703125,377.8299865722656,381000.0,377.8299865722656
2020-09-28,387.67999267578125,380.1600036621094,381.80999755859375,386.3699951171875,446100.0,386.3699951171875
2020-09-29,395.2099914550781,385.0,388.2200012207031,385.05999755859375,308300.0,385.05999755859375
2020-09-30,397.260009765625,383.45001220703125,383.45001220703125,393.1099853515625,533500.0,393.1099853515625
2020-10-01,398.1600036621094,391.8800048828125,396.2900085449219,394.7799987792969,382900.0,394.7799987792969
2020-10-02,393.82000732421875,382.67999267578125,389.70001220703125,383.8500061035156,318800.0,383.8500061035156
2020-10-05,392.8299865722656,385.2699890136719,385.2699890136719,392.3699951171875,295100.0,392.3699951171875
2020-10-06,393.5400085449219,383.1199951171875,391.8800048828125,384.30999755859375,298600.0,384.30999755859375
2020-10-07,391.54998779296875,385.260009765625,388.0199890136719,386.2300109863281,287900.0,386.2300109863281
2020-10-08,394.3900146484375,385.80999755859375,388.94000244140625,393.510009765625,205900.0,393.510009765625
2020-10-09,401.9599914550781,393.0199890136719,395.0,400.6499938964844,283000.0,400.6499938964844
2020-10-12,424.8699951171875,404.8800048828125,404.8800048828125,419.3900146484375,469500.0,419.3900146484375
2020-10-13,424.79998779296875,415.0299987792969,421.80999755859375,421.4200134277344,408600.0,421.4200134277344
2020-10-14,430.8599853515625,416.0299987792969,420.82000732421875,420.510009765625,314300.0,420.510009765625
2020-10-15,423.94000244140625,414.67999267578125,416.4200134277344,422.7200012207031,251900.0,422.7200012207031
2020-10-16,429.70001220703125,420.80999755859375,423.760009765625,423.75,269500.0,423.75
2020-10-19,431.1499938964844,417.5400085449219,424.1099853515625,419.2699890136719,418400.0,419.2699890136719
2020-10-20,426.4200134277344,419.8699951171875,423.80999755859375,420.0899963378906,193700.0,420.0899963378906
2020-10-21,426.4200134277344,416.4800109863281,421.4700012207031,419.7300109863281,237100.0,419.7300109863281
2020-10-22,427.8299865722656,417.57000732421875,421.3399963378906,423.5899963378906,357200.0,423.5899963378906
2020-10-23,429.7300109863281,423.54998779296875,429.6700134277344,429.6600036621094,227000.0,429.6600036621094
2020-10-26,434.92999267578125,426.2300109863281,427.6700134277344,428.9599914550781,394800.0,428.9599914550781
2020-10-27,444.9599914550781,430.2699890136719,430.2699890136719,443.1600036621094,385800.0,443.1600036621094
2020-10-28,441.4800109863281,422.1099853515625,434.5,422.8900146484375,475500.0,422.8900146484375
2020-10-29,453.20001220703125,433.0899963378906,440.0,441.79998779296875,557800.0,441.79998779296875
2020-10-30,441.7200012207031,419.1199951171875,438.4700012207031,424.82000732421875,611100.0,424.82000732421875
2020-11-02,446.739990234375,428.0799865722656,430.4800109863281,431.04998779296875,552200.0,431.04998779296875
2020-11-03,448.2900085449219,437.32000732421875,437.32000732421875,444.1000061035156,382300.0,444.1000061035156
2020-11-04,482.5,451.5799865722656,455.260009765625,469.3599853515625,734200.0,469.3599853515625
2020-11-05,480.19000244140625,462.67999267578125,473.989990234375,467.9700012207031,440500.0,467.9700012207031
2020-11-06,479.1499938964844,466.3599853515625,469.989990234375,478.1000061035156,519800.0,478.1000061035156
2020-11-09,485.0,435.5799865722656,485.0,436.45001220703125,822900.0,436.45001220703125
2020-11-10,443.7200012207031,421.1499938964844,431.8900146484375,441.2300109863281,865500.0,441.2300109863281
2020-11-11,455.739990234375,443.69000244140625,443.69000244140625,455.05999755859375,432200.0,455.05999755859375
2020-11-12,462.55999755859375,445.05999755859375,459.6199951171875,449.2200012207031,396400.0,449.2200012207031
2020-11-13,458.3500061035156,448.6700134277344,452.989990234375,453.6400146484375,254300.0,453.6400146484375
2020-11-16,459.42999267578125,448.82000732421875,452.0899963378906,455.3699951171875,499900.0,455.3699951171875
2020-11-17,457.0,450.5400085449219,454.6199951171875,455.8500061035156,315400.0,455.8500061035156
2020-11-18,455.0,443.6499938964844,451.3599853515625,444.05999755859375,347400.0,444.05999755859375
2020-11-19,457.80999755859375,444.7699890136719,444.7699890136719,457.19000244140625,318500.0,457.19000244140625
2020-11-20,469.1300048828125,455.0,456.2300109863281,464.2900085449219,411400.0,464.2900085449219
2020-11-23,467.260009765625,449.7099914550781,467.260009765625,459.7900085449219,440300.0,459.7900085449219
2020-11-24,466.7699890136719,446.4599914550781,459.489990234375,446.8299865722656,494800.0,446.8299865722656
2020-11-25,454.82000732421875,443.1400146484375,449.239990234375,446.4800109863281,338900.0,446.4800109863281
2020-11-27,455.9700012207031,446.67999267578125,452.04998779296875,454.2300109863281,173900.0,454.2300109863281
2020-11-30,461.0899963378906,451.30999755859375,454.7699890136719,460.9800109863281,589700.0,460.9800109863281
2020-12-01,468.9800109863281,452.2200012207031,461.989990234375,467.8599853515625,386700.0,467.8599853515625
2020-12-02,467.5,461.5,465.510009765625,462.5899963378906,352000.0,462.5899963378906
2020-12-03,467.8299865722656,458.3800048828125,463.8500061035156,460.07000732421875,352600.0,460.07000732421875
2020-12-04,463.260009765625,455.8699951171875,462.9599914550781,457.1499938964844,387600.0,457.1499938964844
2020-12-07,462.70001220703125,454.20001220703125,455.9200134277344,459.3599853515625,320400.0,459.3599853515625
2020-12-08,461.9200134277344,453.239990234375,461.9200134277344,460.69000244140625,436200.0,460.69000244140625
2020-12-09,462.45001220703125,449.1099853515625,458.9100036621094,449.8800048828125,436100.0,449.8800048828125
2020-12-10,456.04998779296875,449.0400085449219,450.489990234375,454.2699890136719,592500.0,454.2699890136719
2020-12-11,457.6199951171875,447.82000732421875,455.57000732421875,456.2300109863281,327200.0,456.2300109863281
2020-12-14,477.3699951171875,457.2799987792969,458.8399963378906,458.1700134277344,460800.0,458.1700134277344
2020-12-15,467.3999938964844,453.79998779296875,460.6600036621094,464.9599914550781,287700.0,464.9599914550781
2020-12-16,474.29998779296875,463.4599914550781,466.5299987792969,467.5799865722656,466600.0,467.5799865722656
2020-12-17,477.79998779296875,468.3500061035156,471.69000244140625,477.79998779296875,369400.0,477.79998779296875
2020-12-18,486.989990234375,474.0,478.489990234375,485.5199890136719,898800.0,485.5199890136719
2020-12-21,490.44000244140625,470.260009765625,480.05999755859375,489.67999267578125,383300.0,489.67999267578125
2020-12-22,499.6199951171875,487.760009765625,488.010009765625,499.1499938964844,331500.0,499.1499938964844
2020-12-23,502.0,492.82000732421875,499.05999755859375,493.67999267578125,253100.0,493.67999267578125
2020-12-24,499.1199951171875,493.1600036621094,495.82000732421875,497.1400146484375,69500.0,497.1400146484375
2020-12-28,503.8299865722656,490.25,503.6300048828125,494.70001220703125,216600.0,494.70001220703125
2020-12-29,501.0400085449219,490.04998779296875,497.9700012207031,494.07000732421875,247600.0,494.07000732421875
2020-12-30,501.2900085449219,494.510009765625,497.70001220703125,496.9599914550781,195400.0,496.9599914550781
2020-12-31,500.4100036621094,492.0,495.510009765625,499.8699951171875,228400.0,499.8699951171875
2021-01-04,504.6600036621094,483.1300048828125,503.0,491.7699890136719,472300.0,491.7699890136719
2021-01-05,498.92999267578125,487.510009765625,488.9100036621094,497.260009765625,356000.0,497.260009765625
2021-01-06,491.6700134277344,479.3599853515625,489.04998779296875,483.6000061035156,634000.0,483.6000061035156
2021-01-07,497.489990234375,483.489990234375,483.489990234375,495.19000244140625,499500.0,495.19000244140625
2021-01-08,513.5599975585938,499.2900085449219,499.7900085449219,513.2000122070312,401400.0,513.2000122070312
2021-01-11,516.8699951171875,503.8299865722656,515.5700073242188,506.54998779296875,441000.0,506.54998779296875
2021-01-12,509.4700012207031,491.2200012207031,507.0899963378906,496.7300109863281,353200.0,496.7300109863281
2021-01-13,501.55999755859375,494.2200012207031,496.17999267578125,497.5799865722656,299600.0,497.5799865722656
2021-01-14,499.75,487.8900146484375,497.30999755859375,488.8999938964844,333900.0,488.8999938964844
2021-01-15,494.239990234375,480.92999267578125,487.92999267578125,489.4599914550781,340900.0,489.4599914550781
2021-01-19,489.29998779296875,481.3500061035156,489.239990234375,484.92999267578125,327200.0,484.92999267578125
2021-01-20,496.7799987792969,485.8399963378906,486.4100036621094,495.0400085449219,285300.0,495.0400085449219
2021-01-21,498.55999755859375,487.489990234375,493.0,496.44000244140625,254600.0,496.44000244140625
2021-01-22,498.9800109863281,490.0,490.7300109863281,492.8599853515625,329400.0,492.8599853515625
2021-01-25,495.9700012207031,482.0899963378906,492.4700012207031,489.2099914550781,349600.0,489.2099914550781
2021-01-26,488.3500061035156,476.3299865722656,488.3500061035156,478.1000061035156,346900.0,478.1000061035156
2021-01-27,475.80999755859375,455.2300109863281,474.8599853515625,465.17999267578125,583100.0,465.17999267578125
2021-01-28,492.80999755859375,465.30999755859375,465.30999755859375,482.2699890136719,493500.0,482.2699890136719
2021-01-29,491.8800048828125,471.75,481.04998779296875,478.67999267578125,493600.0,478.67999267578125
2021-02-01,497.6499938964844,479.3699951171875,483.0199890136719,492.4200134277344,573000.0,492.4200134277344
2021-02-02,522.9000244140625,502.0,504.3399963378906,506.6499938964844,702000.0,506.6499938964844
2021-02-03,507.6300048828125,484.1499938964844,504.1700134277344,485.3599853515625,605200.0,485.3599853515625
2021-02-04,495.1199951171875,486.0299987792969,487.9100036621094,494.0,440600.0,494.0
2021-02-05,506.0,495.010009765625,496.2900085449219,502.6400146484375,299200.0,502.6400146484375
2021-02-08,510.25,491.44000244140625,504.30999755859375,495.760009765625,427600.0,495.760009765625
2021-02-09,506.2799987792969,493.29998779296875,497.30999755859375,505.04998779296875,442200.0,505.04998779296875
2021-02-10,521.489990234375,505.30999755859375,509.260009765625,516.5399780273438,540900.0,516.5399780273438
2021-02-11,529.4500122070312,515.1799926757812,519.2999877929688,528.469970703125,411800.0,528.469970703125
2021-02-12,545.8499755859375,528.0,530.739990234375,544.0800170898438,325000.0,544.0800170898438
2021-02-16,548.5800170898438,531.1900024414062,545.0,538.1599731445312,406200.0,538.1599731445312
2021-02-17,544.5599975585938,532.0599975585938,535.9000244140625,540.3499755859375,371900.0,540.3499755859375
2021-02-18,573.989990234375,535.1699829101562,537.0399780273438,551.7899780273438,1574200.0,551.7899780273438
2021-02-19,563.5599975585938,542.760009765625,561.2100219726562,544.1300048828125,655000.0,544.1300048828125
2021-02-22,547.1199951171875,534.010009765625,547.1199951171875,536.9099731445312,461400.0,536.9099731445312
2021-02-23,535.0900268554688,508.1099853515625,534.8200073242188,525.219970703125,591100.0,525.219970703125
2021-02-24,534.75,517.27001953125,526.22998046875,532.8800048828125,440200.0,532.8800048828125
2021-02-25,535.3800048828125,509.45001220703125,530.0800170898438,518.280029296875,427800.0,518.280029296875
2021-02-26,526.3699951171875,507.3399963378906,522.9000244140625,520.1699829101562,593900.0,520.1699829101562
2021-03-01,541.2899780273438,521.3499755859375,529.6799926757812,538.1699829101562,415900.0,538.1699829101562
2021-03-02,543.280029296875,527.1699829101562,542.0800170898438,529.469970703125,312000.0,529.469970703125
2021-03-03,526.2999877929688,495.5799865722656,524.760009765625,498.0199890136719,531100.0,498.0199890136719
2021-03-04,497.5299987792969,480.510009765625,494.8999938964844,485.8500061035156,676100.0,485.8500061035156
2021-03-05,504.5299987792969,478.20001220703125,486.0,499.70001220703125,725000.0,499.70001220703125
2021-03-08,504.3699951171875,481.2900085449219,498.5299987792969,482.6000061035156,605100.0,482.6000061035156
2021-03-09,507.1600036621094,493.0899963378906,500.3299865722656,493.57000732421875,643800.0,493.57000732421875
2021-03-10,505.20001220703125,488.2799987792969,494.010009765625,488.7799987792969,484700.0,488.7799987792969
2021-03-11,505.0,493.010009765625,495.70001220703125,502.94000244140625,364700.0,502.94000244140625
2021-03-12,498.9100036621094,486.739990234375,498.9100036621094,497.75,361200.0,497.75
2021-03-15,513.22998046875,498.6099853515625,499.8900146484375,512.760009765625,317400.0,512.760009765625
2021-03-16,521.1099853515625,502.4700012207031,520.0,506.9200134277344,318100.0,506.9200134277344
2021-03-17,509.1400146484375,497.4800109863281,503.57000732421875,504.8999938964844,403700.0,504.8999938964844
2021-03-18,499.1600036621094,483.4200134277344,493.5199890136719,484.4700012207031,490900.0,484.4700012207031
2021-03-19,487.2200012207031,479.2799987792969,482.5799865722656,484.8800048828125,945900.0,484.8800048828125
2021-03-22,493.94000244140625,485.6099853515625,486.3399963378906,491.3699951171875,620400.0,491.3699951171875
2021-03-23,492.45001220703125,485.1199951171875,490.0899963378906,487.6600036621094,416400.0,487.6600036621094
2021-03-24,489.1000061035156,471.3500061035156,489.1000061035156,472.9700012207031,451400.0,472.9700012207031
2021-03-25,474.1600036621094,462.0,471.5,472.1099853515625,471900.0,472.1099853515625
2021-03-26,481.1300048828125,465.2300109863281,473.0299987792969,480.2200012207031,546300.0,480.2200012207031
2021-03-29,482.7900085449219,469.4100036621094,480.0199890136719,479.17999267578125,471700.0,479.17999267578125
2021-03-30,477.57000732421875,469.1000061035156,474.3699951171875,475.95001220703125,483600.0,475.95001220703125
2021-03-31,495.19000244140625,479.67999267578125,481.5199890136719,489.30999755859375,576700.0,489.30999755859375
2021-04-01,495.20001220703125,484.3699951171875,487.489990234375,486.3599853515625,440000.0,486.3599853515625
2021-04-05,492.6099853515625,482.8999938964844,488.0,491.30999755859375,359900.0,491.30999755859375
2021-04-06,499.07000732421875,489.6700134277344,493.2099914550781,492.8999938964844,335300.0,492.8999938964844
2021-04-07,493.7900085449219,487.0,492.5400085449219,489.2699890136719,239000.0,489.2699890136719
2021-04-08,500.0,493.239990234375,494.8699951171875,499.6600036621094,250900.0,499.6600036621094
2021-04-09,504.1600036621094,496.55999755859375,500.0799865722656,502.8800048828125,335600.0,502.8800048828125
2021-04-12,509.9700012207031,498.1300048828125,499.82000732421875,506.42999267578125,433400.0,506.42999267578125
2021-04-13,517.6799926757812,508.510009765625,509.0,516.9400024414062,406400.0,516.9400024414062
2021-04-14,523.2000122070312,512.8300170898438,519.989990234375,514.1599731445312,273600.0,514.1599731445312
2021-04-15,530.27001953125,518.469970703125,520.0,528.4600219726562,438700.0,528.4600219726562
2021-04-16,536.030029296875,526.0,532.4299926757812,535.0,345400.0,535.0
2021-04-19,535.4000244140625,526.6799926757812,533.280029296875,528.5800170898438,316900.0,528.5800170898438
2021-04-20,538.1900024414062,528.239990234375,529.3099975585938,532.27001953125,256500.0,532.27001953125
2021-04-21,546.2999877929688,530.9299926757812,531.530029296875,541.0800170898438,365400.0,541.0800170898438
2021-04-22,554.3200073242188,538.6500244140625,539.22998046875,546.260009765625,388700.0,546.260009765625
2021-04-23,561.0700073242188,549.3200073242188,551.22998046875,559.0999755859375,301700.0,559.0999755859375
2021-04-26,561.52001953125,554.1199951171875,557.989990234375,558.4199829101562,293300.0,558.4199829101562
2021-04-27,559.6699829101562,552.5599975585938,556.8499755859375,557.5399780273438,209400.0,557.5399780273438
2021-04-28,560.0,551.97998046875,554.2999877929688,557.8099975585938,213000.0,557.8099975585938
2021-04-29,561.219970703125,548.0,560.4299926757812,552.6300048828125,271700.0,552.6300048828125
2021-04-30,552.5,544.75,549.1099853515625,548.989990234375,345900.0,548.989990234375
2021-05-03,558.5399780273438,546.7899780273438,552.77001953125,549.8800048828125,428800.0,549.8800048828125
2021-05-04,559.4199829101562,517.5,559.219970703125,526.8800048828125,610200.0,526.8800048828125
2021-05-05,538.9600219726562,527.989990234375,532.5999755859375,529.9199829101562,420800.0,529.9199829101562
2021-05-06,535.0800170898438,522.8900146484375,524.3099975585938,533.1799926757812,433000.0,533.1799926757812
2021-05-07,553.75,538.1099853515625,540.0,544.260009765625,361100.0,544.260009765625
2021-05-10,542.25,525.25,541.010009765625,525.260009765625,476700.0,525.260009765625
2021-05-11,534.3699951171875,517.780029296875,520.739990234375,528.1900024414062,433100.0,528.1900024414062
2021-05-12,520.719970703125,507.6600036621094,520.0,512.3099975585938,440100.0,512.3099975585938
2021-05-13,522.1900024414062,513.2999877929688,515.4299926757812,518.0700073242188,287100.0,518.0700073242188
2021-05-14,532.4000244140625,517.030029296875,521.1099853515625,530.0700073242188,305200.0,530.0700073242188
2021-05-17,527.9199829101562,520.7999877929688,526.6799926757812,523.6199951171875,258800.0,523.6199951171875
2021-05-18,531.3400268554688,519.47998046875,525.2000122070312,524.8599853515625,269300.0,524.8599853515625
2021-05-19,528.8599853515625,514.3499755859375,517.75,528.1400146484375,288700.0,528.1400146484375
2021-05-20,541.6099853515625,528.1099853515625,528.4600219726562,539.239990234375,274000.0,539.239990234375
2021-05-21,547.4600219726562,538.3099975585938,542.4199829101562,539.3400268554688,248500.0,539.3400268554688
2021-05-24,551.260009765625,544.260009765625,545.0,549.7100219726562,327800.0,549.7100219726562
2021-05-25,556.010009765625,548.280029296875,549.4500122070312,555.1900024414062,336000.0,555.1900024414062
2021-05-26,561.3300170898438,552.510009765625,556.0599975585938,557.3300170898438,454800.0,557.3300170898438
2021-05-27,558.5399780273438,545.9099731445312,557.5900268554688,554.0399780273438,903100.0,554.0399780273438
2021-05-28,565.9299926757812,555.530029296875,556.77001953125,558.1099853515625,321800.0,558.1099853515625
2021-06-01,565.9500122070312,548.3200073242188,565.6400146484375,550.5900268554688,294100.0,550.5900268554688
2021-06-02,557.1799926757812,545.4600219726562,547.1699829101562,547.5599975585938,299400.0,547.5599975585938
2021-06-03,552.9500122070312,539.489990234375,542.3099975585938,550.2999877929688,252600.0,550.2999877929688
2021-06-04,561.6599731445312,555.3900146484375,557.6599731445312,558.3599853515625,333700.0,558.3599853515625
2021-06-07,565.5800170898438,556.1799926757812,556.5999755859375,560.3499755859375,260500.0,560.3499755859375
2021-06-08,567.0399780273438,556.260009765625,560.77001953125,561.3099975585938,277700.0,561.3099975585938
2021-06-09,567.8800048828125,561.9500122070312,564.9600219726562,566.6599731445312,230300.0,566.6599731445312
2021-06-10,581.1799926757812,564.5999755859375,567.280029296875,580.530029296875,302900.0,580.530029296875
2021-06-11,584.52001953125,576.5999755859375,580.3599853515625,584.469970703125,246500.0,584.469970703125
2021-06-14,592.9299926757812,580.0,582.5499877929688,592.3599853515625,227400.0,592.3599853515625
2021-06-15,594.4299926757812,587.4199829101562,593.8400268554688,592.260009765625,308100.0,592.260009765625
2021-06-16,597.47998046875,587.97998046875,593.25,593.52001953125,408500.0,593.52001953125
2021-06-17,606.5,591.4500122070312,591.4500122070312,604.2000122070312,336300.0,604.2000122070312
2021-06-18,609.219970703125,599.9400024414062,605.0499877929688,601.0499877929688,723500.0,601.0499877929688
2021-06-21,608.8300170898438,592.4000244140625,601.0499877929688,606.6300048828125,299200.0,606.6300048828125
2021-06-22,612.469970703125,602.1599731445312,605.25,611.6400146484375,395900.0,611.6400146484375
2021-06-23,617.4600219726562,606.6799926757812,612.6099853515625,615.8800048828125,332000.0,615.8800048828125
2021-06-24,622.780029296875,605.3699951171875,617.4099731445312,614.9299926757812,396000.0,614.9299926757812
2021-06-25,621.8699951171875,614.8400268554688,618.8800048828125,620.6400146484375,465300.0,620.6400146484375
2021-06-28,633.739990234375,621.6199951171875,621.9299926757812,631.9000244140625,357100.0,631.9000244140625
2021-06-29,639.6500244140625,627.22998046875,629.6599731445312,637.0800170898438,348400.0,637.0800170898438
2021-06-30,637.5499877929688,628.219970703125,635.5599975585938,631.5499877929688,372700.0,631.5499877929688
2021-07-01,640.4600219726562,627.22998046875,628.8099975585938,638.9500122070312,316400.0,638.9500122070312
2021-07-02,649.5499877929688,639.5399780273438,643.3099975585938,648.2000122070312,287900.0,648.2000122070312
2021-07-06,660.2999877929688,644.6699829101562,650.0,658.989990234375,352600.0,658.989990234375
2021-07-07,667.0,658.5499877929688,661.9000244140625,665.3099975585938,420900.0,665.3099975585938
2021-07-08,662.5900268554688,647.6599731445312,657.8400268554688,659.9400024414062,391600.0,659.9400024414062
2021-07-09,669.2000122070312,653.3400268554688,657.5399780273438,667.030029296875,332800.0,667.030029296875
2021-07-12,666.1799926757812,655.530029296875,661.6300048828125,659.5399780273438,422600.0,659.5399780273438
2021-07-13,664.9199829101562,658.280029296875,661.4500122070312,662.5800170898438,244600.0,662.5800170898438
2021-07-14,666.989990234375,657.9600219726562,664.7899780273438,659.8499755859375,342400.0,659.8499755859375
2021-07-15,659.5700073242188,649.3900146484375,659.0700073242188,657.4199829101562,450900.0,657.4199829101562
2021-07-16,670.739990234375,658.4400024414062,659.5499877929688,667.760009765625,351700.0,667.760009765625
2021-07-19,670.8400268554688,659.3400268554688,661.5800170898438,669.4000244140625,335500.0,669.4000244140625
2021-07-20,675.0900268554688,663.0800170898438,670.9199829101562,669.3900146484375,591800.0,669.3900146484375
2021-07-21,671.3499755859375,652.0,667.8400268554688,670.510009765625,380700.0,670.510009765625
2021-07-22,683.469970703125,673.0900268554688,673.1300048828125,683.030029296875,305300.0,683.030029296875
2021-07-23,696.3499755859375,679.9199829101562,680.5999755859375,693.739990234375,243900.0,693.739990234375
2021-07-26,691.1400146484375,677.760009765625,691.1400146484375,685.6699829101562,253500.0,685.6699829101562
2021-07-27,692.0599975585938,681.1699829101562,688.7999877929688,686.9500122070312,272700.0,686.9500122070312
2021-07-28,698.1699829101562,684.1300048828125,684.1300048828125,695.5800170898438,280900.0,695.5800170898438
2021-07-29,706.9500122070312,692.2899780273438,692.4500122070312,704.1599731445312,465800.0,704.1599731445312
2021-07-30,681.1699829101562,655.5,666.3099975585938,678.530029296875,697200.0,678.530029296875
2021-08-02,688.6900024414062,666.8499755859375,687.4099731445312,678.719970703125,354600.0,678.719970703125
2021-08-03,698.4400024414062,681.219970703125,682.1900024414062,695.6699829101562,468600.0,695.6699829101562
2021-08-04,706.510009765625,694.969970703125,696.1199951171875,698.47998046875,358400.0,698.47998046875
2021-08-05,706.1400146484375,692.8400268554688,698.8699951171875,705.760009765625,265800.0,705.760009765625
2021-08-06,698.9000244140625,673.0900268554688,695.6900024414062,685.2000122070312,388900.0,685.2000122070312
2021-08-09,688.77001953125,680.2899780273438,685.2000122070312,686.4099731445312,240500.0,686.4099731445312
2021-08-10,688.1400146484375,669.260009765625,688.1400146484375,671.530029296875,349700.0,671.530029296875
2021-08-11,676.2899780273438,657.1199951171875,672.6400146484375,665.3200073242188,342700.0,665.3200073242188
2021-08-12,676.8900146484375,663.0499877929688,663.0499877929688,675.6699829101562,266400.0,675.6699829101562
2021-08-13,678.0,665.75,671.4600219726562,672.0999755859375,215900.0,672.0999755859375
2021-08-16,676.3400268554688,668.0900268554688,673.77001953125,675.47998046875,334100.0,675.47998046875
2021-08-17,679.739990234375,668.2100219726562,669.8400268554688,678.1199951171875,264800.0,678.1199951171875
2021-08-18,684.3099975585938,676.6099853515625,677.02001953125,676.9400024414062,267700.0,676.9400024414062
2021-08-19,690.0,673.0999755859375,674.8800048828125,681.7100219726562,397900.0,681.7100219726562
2021-08-20,685.22998046875,672.530029296875,681.7100219726562,682.1400146484375,378500.0,682.1400146484375
2021-08-23,683.1500244140625,669.3099975585938,683.1500244140625,671.1099853515625,472200.0,671.1099853515625
2021-08-24,673.5399780273438,667.25,671.719970703125,672.5399780273438,398400.0,672.5399780273438
2021-08-25,678.4000244140625,665.9400024414062,675.4199829101562,676.4199829101562,357800.0,676.4199829101562
2021-08-26,681.9099731445312,670.0399780273438,676.9299926757812,673.3599853515625,292600.0,673.3599853515625
2021-08-27,681.25,667.5499877929688,673.9000244140625,668.27001953125,316100.0,668.27001953125
2021-08-30,690.1099853515625,666.9199829101562,667.27001953125,686.969970703125,410300.0,686.969970703125
2021-08-31,689.0599975585938,667.3200073242188,689.0599975585938,673.760009765625,557500.0,673.760009765625
2021-09-01,678.4199829101562,659.27001953125,671.6400146484375,676.9000244140625,394900.0,676.9000244140625
2021-09-02,687.6900024414062,676.969970703125,677.3800048828125,685.4400024414062,331900.0,685.4400024414062
2021-09-03,692.1599731445312,680.1900024414062,682.0999755859375,688.3300170898438,294300.0,688.3300170898438
2021-09-07,686.2000122070312,667.0800170898438,684.0399780273438,681.6699829101562,459000.0,681.6699829101562
2021-09-08,695.1799926757812,677.510009765625,681.8400268554688,687.7000122070312,344900.0,687.7000122070312
2021-09-09,692.3200073242188,675.6599731445312,690.030029296875,676.5700073242188,340300.0,676.5700073242188
2021-09-10,686.1300048828125,675.530029296875,679.8599853515625,681.6099853515625,293700.0,681.6099853515625
2021-09-13,687.030029296875,646.469970703125,687.030029296875,655.0499877929688,514400.0,655.0499877929688
2021-09-14,669.5399780273438,659.47998046875,663.219970703125,661.3900146484375,401900.0,661.3900146484375
2021-09-15,668.9199829101562,658.9500122070312,660.6199951171875,661.6500244140625,663100.0,661.6500244140625
2021-09-16,666.1599731445312,651.489990234375,664.4500122070312,663.4500122070312,671000.0,663.4500122070312
2021-09-17,664.7999877929688,655.1099853515625,661.4500122070312,661.7100219726562,967600.0,661.7100219726562
2021-09-20,668.6900024414062,651.5399780273438,657.0999755859375,659.780029296875,725200.0,659.780029296875
2021-09-21,668.510009765625,659.2999877929688,663.9500122070312,666.8699951171875,739100.0,666.8699951171875
2021-09-22,672.4299926757812,660.0399780273438,670.2000122070312,671.469970703125,320100.0,671.469970703125
2021-09-23,689.9500122070312,670.6599731445312,674.989990234375,682.5800170898438,369800.0,682.5800170898438
2021-09-24,684.2100219726562,671.3400268554688,678.739990234375,679.6400146484375,255700.0,679.6400146484375
2021-09-27,674.4500122070312,640.2100219726562,672.969970703125,650.02001953125,558800.0,650.02001953125
2021-09-28,644.7899780273438,621.6500244140625,644.4000244140625,626.8499755859375,555400.0,626.8499755859375
2021-09-29,637.4400024414062,627.510009765625,631.3800048828125,629.5499877929688,281300.0,629.5499877929688
2021-09-30,638.1500244140625,620.8599853515625,633.719970703125,621.9000244140625,381500.0,621.9000244140625
2021-10-01,626.0800170898438,608.3699951171875,623.1500244140625,623.97998046875,439100.0,623.97998046875
2021-10-04,621.6199951171875,597.6900024414062,619.280029296875,614.1900024414062,472900.0,614.1900024414062
2021-10-05,625.77001953125,614.0900268554688,617.6599731445312,614.7999877929688,467200.0,614.7999877929688
2021-10-06,618.1300048828125,601.1799926757812,612.5,617.1699829101562,586100.0,617.1699829101562
2021-10-07,637.8300170898438,621.4000244140625,621.4000244140625,623.010009765625,261500.0,623.010009765625
2021-10-08,631.9299926757812,611.4400024414062,623.72998046875,617.02001953125,213700.0,617.02001953125
2021-10-11,621.4299926757812,612.1900024414062,617.0,612.77001953125,182100.0,612.77001953125
2021-10-12,621.22998046875,613.3300170898438,619.5,615.9099731445312,287400.0,615.9099731445312
2021-10-13,625.3400268554688,618.1599731445312,622.2000122070312,623.1199951171875,255200.0,623.1199951171875
2021-10-14,641.6500244140625,628.3599853515625,630.8699951171875,629.719970703125,456300.0,629.719970703125
2021-10-15,637.3699951171875,631.760009765625,631.760009765625,635.1500244140625,262000.0,635.1500244140625
2021-10-18,638.9000244140625,621.72998046875,630.9500122070312,638.2899780273438,254400.0,638.2899780273438
2021-10-19,650.469970703125,639.3599853515625,643.489990234375,640.989990234375,225400.0,640.989990234375
2021-10-20,651.5900268554688,640.75,646.2999877929688,642.2000122070312,211500.0,642.2000122070312
2021-10-21,647.8099975585938,634.9500122070312,643.1699829101562,645.239990234375,235700.0,645.239990234375
2021-10-22,655.739990234375,647.5999755859375,648.6300048828125,651.8499755859375,164500.0,651.8499755859375
2021-10-25,655.9299926757812,647.5399780273438,651.239990234375,652.52001953125,189600.0,652.52001953125
